id,name,year,month,day,hour,minute,lat,lon,max_sustained_wind_kts,sshws
AL012009,ONE,2009,05,26,18,00,30.6,-75.4,25,0
AL012009,ONE,2009,05,27,00,00,31.7,-75.6,25,0
AL012009,ONE,2009,05,27,06,00,32.7,-75.5,25,0
AL012009,ONE,2009,05,27,12,00,33.6,-75.2,25,0
AL012009,ONE,2009,05,27,18,00,34.5,-74.6,25,0
AL012009,ONE,2009,05,28,00,00,35.3,-73.8,25,0
AL012009,ONE,2009,05,28,06,00,36.1,-72.9,25,0
AL012009,ONE,2009,05,28,12,00,36.9,-71.8,25,0
AL012009,ONE,2009,05,28,18,00,37.5,-70.3,30,0
AL012009,ONE,2009,05,29,00,00,38,-68.6,30,0
AL012009,ONE,2009,05,29,06,00,38.6,-66.8,30,0
AL012009,ONE,2009,05,29,12,00,39.3,-65,30,0
AL012009,ONE,2009,05,29,18,00,40,-63.1,25,0
AL012009,ONE,2009,05,30,00,00,40.6,-61,25,0
AL012009,ONE,2009,05,30,06,00,41,-58.6,25,0
