AL011953	ALICE	1953	05	25	18	00	14.4	-81.8	35	0
AL011953	ALICE	1953	05	26	00	00	15	-82	35	0
AL011953	ALICE	1953	05	26	06	00	15.6	-82.3	35	0
AL011953	ALICE	1953	05	26	12	00	16.2	-83.1	35	0
AL011953	ALICE	1953	05	26	18	00	16.1	-84.2	35	0
AL011953	ALICE	1953	05	27	00	00	15.5	-85	35	0
AL011953	ALICE	1953	05	27	06	00	14.8	-84.9	35	0
AL011953	ALICE	1953	05	27	12	00	14.3	-84.8	35	0
AL011953	ALICE	1953	05	27	18	00	13.8	-84.6	35	0
AL011953	ALICE	1953	05	28	00	00	13.3	-84.2	35	0
AL011953	ALICE	1953	05	28	06	00	13.1	-83.9	35	0
AL011953	ALICE	1953	05	28	12	00	13.1	-83.5	40	0
AL011953	ALICE	1953	05	28	18	00	13.7	-82.4	40	0
AL011953	ALICE	1953	05	29	00	00	14.7	-82	40	0
AL011953	ALICE	1953	05	29	06	00	15.9	-81.8	40	0
AL011953	ALICE	1953	05	29	12	00	17.3	-81.9	40	0
AL011953	ALICE	1953	05	29	18	00	18.4	-82.1	45	0
AL011953	ALICE	1953	05	30	00	00	19.4	-82.3	45	0
AL011953	ALICE	1953	05	30	06	00	20.3	-82.7	45	0
AL011953	ALICE	1953	05	30	12	00	20.9	-83	45	0
AL011953	ALICE	1953	05	30	18	00	21.2	-83.2	45	0
AL011953	ALICE	1953	05	31	00	00	21.4	-83.3	45	0
AL011953	ALICE	1953	05	31	06	00	21.7	-83.4	45	0
AL011953	ALICE	1953	05	31	12	00	22	-83.6	45	0
AL011953	ALICE	1953	05	31	18	00	22.3	-83.8	50	0
AL011953	ALICE	1953	06	01	00	00	22.6	-83.9	50	0
AL011953	ALICE	1953	06	01	06	00	23.3	-84.2	55	0
AL011953	ALICE	1953	06	01	12	00	24	-84.7	55	0
AL011953	ALICE	1953	06	01	18	00	24.6	-85.6	55	0
AL011953	ALICE	1953	06	02	00	00	24	-86.2	50	0
AL011953	ALICE	1953	06	02	06	00	23.3	-85.7	50	0
AL011953	ALICE	1953	06	02	12	00	23	-84.7	45	0
AL011953	ALICE	1953	06	02	18	00	23	-84.1	40	0
AL011953	ALICE	1953	06	03	00	00	23.1	-83.6	40	0
AL011953	ALICE	1953	06	03	06	00	23.2	-83.3	35	0
AL011953	ALICE	1953	06	03	12	00	23.4	-83	35	0
AL011953	ALICE	1953	06	03	18	00	23.7	-82.6	35	0
AL011953	ALICE	1953	06	04	00	00	24	-82.6	35	0
AL011953	ALICE	1953	06	04	06	00	24.2	-83.2	40	0
AL011953	ALICE	1953	06	04	12	00	24.5	-83.7	50	0
AL011953	ALICE	1953	06	04	18	00	25.2	-84.3	55	0
AL011953	ALICE	1953	06	05	00	00	25.9	-84.8	60	0
AL011953	ALICE	1953	06	05	06	00	26.6	-85.2	60	0
AL011953	ALICE	1953	06	05	12	00	27.3	-85.5	60	0
AL011953	ALICE	1953	06	05	18	00	28	-85.7	60	0
AL011953	ALICE	1953	06	06	00	00	28.6	-85.8	60	0
AL011953	ALICE	1953	06	06	06	00	29.1	-85.8	40	0
AL011953	ALICE	1953	06	06	12	00	29.6	-85.8	40	0
AL011953	ALICE	1953	06	06	18	00	30.2	-85.8	35	0
