AL011975	UNNAMED	1975	06	24	12	00	32.5	-52	20	0
AL011975	UNNAMED	1975	06	24	18	00	32.6	-52.6	25	0
AL011975	UNNAMED	1975	06	25	00	00	32.7	-53.2	25	0
AL011975	UNNAMED	1975	06	25	06	00	32.8	-53.2	25	0
AL011975	UNNAMED	1975	06	25	12	00	33	-54.5	25	0
AL011975	UNNAMED	1975	06	25	18	00	33	-55.1	30	0
AL011975	UNNAMED	1975	06	26	00	00	33	-55.7	30	0
AL011975	UNNAMED	1975	06	26	06	00	33	-56.3	30	0
AL011975	UNNAMED	1975	06	26	12	00	33	-57	30	0
AL011975	UNNAMED	1975	06	26	18	00	32.6	-57.4	30	0
AL011975	UNNAMED	1975	06	27	00	00	32.2	-57.8	25	0
AL011975	UNNAMED	1975	06	27	06	00	31.9	-58.1	25	0
AL011975	UNNAMED	1975	06	27	12	00	31.5	-58.5	25	0
AL011975	UNNAMED	1975	06	27	18	00	32.5	-57.8	25	0
AL011975	UNNAMED	1975	06	28	00	00	33.5	-57	25	0
AL011975	UNNAMED	1975	06	28	06	00	34.5	-56.3	30	0
AL011975	UNNAMED	1975	06	28	12	00	35.5	-55.5	30	0
AL011975	UNNAMED	1975	06	28	18	00	36.7	-55.8	30	0
AL011975	UNNAMED	1975	06	29	00	00	37.8	-56.2	25	0
AL011975	UNNAMED	1975	06	29	06	00	38.9	-56.6	25	0
AL011975	UNNAMED	1975	06	29	12	00	40	-57	20	0
