AL011868	UNNAMED	1868	09	03	00	00	27.4	-69	70	1
AL011868	UNNAMED	1868	09	03	06	00	28.2	-69	70	1
AL011868	UNNAMED	1868	09	03	12	00	29	-69	70	1
AL011868	UNNAMED	1868	09	03	18	00	29.8	-68.9	70	1
AL011868	UNNAMED	1868	09	04	00	00	30.7	-68.8	70	1
AL011868	UNNAMED	1868	09	04	06	00	31.8	-68.6	70	1
AL011868	UNNAMED	1868	09	04	12	00	32.8	-68.5	70	1
AL011868	UNNAMED	1868	09	04	18	00	33.8	-68.3	70	1
AL011868	UNNAMED	1868	09	05	00	00	34.9	-67.9	80	1
AL011868	UNNAMED	1868	09	05	06	00	36	-67.5	80	1
AL011868	UNNAMED	1868	09	05	12	00	37	-66.9	80	1
AL011868	UNNAMED	1868	09	05	18	00	38	-66.1	80	1
AL011868	UNNAMED	1868	09	06	00	00	39.2	-65	90	2
AL011868	UNNAMED	1868	09	06	06	00	40.7	-63.3	90	2
AL011868	UNNAMED	1868	09	06	12	00	42.3	-61	90	2
AL011868	UNNAMED	1868	09	06	18	00	43.5	-58	90	2
AL011868	UNNAMED	1868	09	07	00	00	44.5	-54.5	80	1
AL011868	UNNAMED	1868	09	07	06	00	45.5	-51	80	1
