id,name,year,month,day,hour,minute,lat,lon,max_sustained_wind_kts,sshws
AL011956,UNNAMED,1956,06,12,00,00,22,-91.5,25,0
AL011956,UNNAMED,1956,06,12,06,00,22.5,-91.3,30,0
AL011956,UNNAMED,1956,06,12,12,00,23.1,-91.2,30,0
AL011956,UNNAMED,1956,06,12,18,00,24,-91,35,0
AL011956,UNNAMED,1956,06,13,00,00,25.3,-90.7,40,0
AL011956,UNNAMED,1956,06,13,06,00,26.4,-90.7,50,0
AL011956,UNNAMED,1956,06,13,12,00,27.5,-90.9,50,0
AL011956,UNNAMED,1956,06,13,18,00,29,-90.8,45,0
AL011956,UNNAMED,1956,06,14,00,00,30.6,-90.5,40,0
AL011956,UNNAMED,1956,06,14,06,00,32.2,-91,35,0
AL011956,UNNAMED,1956,06,14,12,00,33.8,-91.7,25,0
AL011956,UNNAMED,1956,06,14,18,00,34.7,-92.8,25,0
AL011956,UNNAMED,1956,06,15,00,00,34.9,-93.3,25,0
AL011956,UNNAMED,1956,06,15,06,00,35.2,-93.8,20,0
