id,name,year,month,day,hour,minute,lat,lon,max_sustained_wind_kts,sshws
AL011866,UNNAMED,1866,07,11,12,00,28,-87.3,90,2
AL011866,UNNAMED,1866,07,11,18,00,28,-87.8,90,2
AL011866,UNNAMED,1866,07,12,00,00,28,-88.3,90,2
AL011866,UNNAMED,1866,07,12,06,00,28,-88.8,90,2
AL011866,UNNAMED,1866,07,12,12,00,28.1,-89.3,90,2
AL011866,UNNAMED,1866,07,12,18,00,28.1,-89.9,90,2
AL011866,UNNAMED,1866,07,13,00,00,28.1,-90.5,90,2
AL011866,UNNAMED,1866,07,13,06,00,28.1,-91.1,90,2
AL011866,UNNAMED,1866,07,13,12,00,28.2,-91.7,90,2
AL011866,UNNAMED,1866,07,13,18,00,28.2,-92.3,90,2
AL011866,UNNAMED,1866,07,14,00,00,28.2,-92.9,90,2
AL011866,UNNAMED,1866,07,14,06,00,28.2,-93.5,90,2
AL011866,UNNAMED,1866,07,14,12,00,28.3,-94.1,90,2
AL011866,UNNAMED,1866,07,14,18,00,28.3,-94.7,90,2
AL011866,UNNAMED,1866,07,15,00,00,28.4,-95.3,90,2
AL011866,UNNAMED,1866,07,15,06,00,28.5,-95.9,90,2
AL011866,UNNAMED,1866,07,15,12,00,28.5,-96.5,90,2
AL011866,UNNAMED,1866,07,15,18,00,28.6,-97.1,60,0
AL011866,UNNAMED,1866,07,16,00,00,28.6,-97.7,40,0
