id,name,year,month,day,hour,minute,lat,lon,max_sustained_wind_kts,sshws
AL011862,UNNAMED,1862,06,15,00,00,32,-75.6,50,0
AL011862,UNNAMED,1862,06,15,06,00,32.5,-75.3,50,0
AL011862,UNNAMED,1862,06,15,12,00,33,-75,50,0
AL011862,UNNAMED,1862,06,15,18,00,33.3,-74.6,50,0
AL011862,UNNAMED,1862,06,16,00,00,33.5,-74.4,50,0
AL011862,UNNAMED,1862,06,16,06,00,33.9,-74.1,50,0
AL011862,UNNAMED,1862,06,16,12,00,34.2,-73.8,50,0
AL011862,UNNAMED,1862,06,16,18,00,34.7,-73.3,50,0
AL011862,UNNAMED,1862,06,17,00,00,35,-72.9,50,0
AL011862,UNNAMED,1862,06,17,06,00,35.5,-72.5,50,0
AL011862,UNNAMED,1862,06,17,12,00,36,-72,50,0
AL011862,UNNAMED,1862,06,17,18,00,36.5,-71.3,50,0
