AL011915	UNNAMED	1915	07	31	06	00	27.4	-76.5	35	0
AL011915	UNNAMED	1915	07	31	12	00	27.5	-77.5	40	0
AL011915	UNNAMED	1915	07	31	18	00	27.7	-78.4	50	0
AL011915	UNNAMED	1915	08	01	00	00	27.9	-79.2	55	0
AL011915	UNNAMED	1915	08	01	06	00	28.1	-79.8	60	0
AL011915	UNNAMED	1915	08	01	12	00	28.4	-80.3	65	1
AL011915	UNNAMED	1915	08	01	18	00	28.7	-80.8	65	1
AL011915	UNNAMED	1915	08	02	00	00	29.1	-81.2	50	0
AL011915	UNNAMED	1915	08	02	06	00	29.6	-81.5	45	0
AL011915	UNNAMED	1915	08	02	12	00	30.2	-81.8	40	0
AL011915	UNNAMED	1915	08	02	18	00	30.9	-82.1	40	0
AL011915	UNNAMED	1915	08	03	00	00	31.8	-82.3	40	0
AL011915	UNNAMED	1915	08	03	06	00	32.9	-82.1	40	0
AL011915	UNNAMED	1915	08	03	12	00	34	-81.6	35	0
AL011915	UNNAMED	1915	08	03	18	00	35.4	-81	35	0
AL011915	UNNAMED	1915	08	04	00	00	37	-79.5	40	0
AL011915	UNNAMED	1915	08	04	06	00	38.7	-77.7	40	0
AL011915	UNNAMED	1915	08	04	12	00	40.1	-75.8	45	0
AL011915	UNNAMED	1915	08	04	18	00	40.9	-74.3	50	0
AL011915	UNNAMED	1915	08	05	00	00	41.6	-73.1	45	0
AL011915	UNNAMED	1915	08	05	06	00	42	-71.8	35	0
AL011915	UNNAMED	1915	08	05	12	00	42.4	-70.5	30	0
