AL011966	ALMA	1966	06	04	06	00	12.7	-84	25	0
AL011966	ALMA	1966	06	04	12	00	13.3	-84.3	25	0
AL011966	ALMA	1966	06	04	18	00	14	-84.5	25	0
AL011966	ALMA	1966	06	05	00	00	14.8	-84.7	25	0
AL011966	ALMA	1966	06	05	06	00	15.5	-84.8	25	0
AL011966	ALMA	1966	06	05	12	00	16.3	-84.8	30	0
AL011966	ALMA	1966	06	05	18	00	16.9	-84.8	30	0
AL011966	ALMA	1966	06	06	00	00	17.3	-84.7	30	0
AL011966	ALMA	1966	06	06	06	00	17.7	-84.4	30	0
AL011966	ALMA	1966	06	06	12	00	18.1	-84.2	40	0
AL011966	ALMA	1966	06	06	18	00	18.5	-84.1	70	1
AL011966	ALMA	1966	06	07	00	00	18.9	-84	80	1
AL011966	ALMA	1966	06	07	06	00	19.2	-83.9	80	1
AL011966	ALMA	1966	06	07	12	00	19.4	-83.8	85	2
AL011966	ALMA	1966	06	07	18	00	19.7	-83.7	85	2
AL011966	ALMA	1966	06	08	00	00	20.1	-83.5	85	2
AL011966	ALMA	1966	06	08	06	00	21.2	-83	85	2
AL011966	ALMA	1966	06	08	12	00	22.7	-82.5	90	2
AL011966	ALMA	1966	06	08	18	00	24.2	-82.4	110	3
AL011966	ALMA	1966	06	09	00	00	25.7	-82.6	100	3
AL011966	ALMA	1966	06	09	06	00	27.3	-83.3	90	2
AL011966	ALMA	1966	06	09	12	00	28.8	-84.4	85	2
AL011966	ALMA	1966	06	09	18	00	29.7	-84.6	80	1
AL011966	ALMA	1966	06	10	00	00	30.3	-84.1	60	0
AL011966	ALMA	1966	06	10	06	00	31	-83	55	0
AL011966	ALMA	1966	06	10	12	00	31.7	-81.9	45	0
AL011966	ALMA	1966	06	10	18	00	32.1	-80.8	40	0
AL011966	ALMA	1966	06	11	00	00	32.5	-79.6	40	0
AL011966	ALMA	1966	06	11	06	00	33.1	-78.2	40	0
AL011966	ALMA	1966	06	11	12	00	33.7	-76.7	40	0
AL011966	ALMA	1966	06	11	18	00	33.7	-75.4	65	1
AL011966	ALMA	1966	06	12	00	00	33.7	-74.2	70	1
AL011966	ALMA	1966	06	12	06	00	34.3	-73.5	70	1
AL011966	ALMA	1966	06	12	12	00	34.9	-73.3	60	0
AL011966	ALMA	1966	06	12	18	00	35.6	-73.3	60	0
AL011966	ALMA	1966	06	13	00	00	36.3	-73.3	55	0
AL011966	ALMA	1966	06	13	06	00	37	-73.5	50	0
AL011966	ALMA	1966	06	13	12	00	37.6	-73.5	45	0
AL011966	ALMA	1966	06	13	18	00	38.2	-72.9	45	0
AL011966	ALMA	1966	06	14	00	00	39.2	-72.1	40	0
AL011966	ALMA	1966	06	14	06	00	40.6	-71.3	40	0
AL011966	ALMA	1966	06	14	12	00	42	-70.5	40	0
