id,name,year,month,day,hour,minute,lat,lon,max_sustained_wind_kts,sshws
AL011982,ALBERTO,1982,06,02,12,00,21.7,-87.1,20,0
AL011982,ALBERTO,1982,06,02,18,00,22.2,-86.5,25,0
AL011982,ALBERTO,1982,06,03,00,00,22.6,-85.8,30,0
AL011982,ALBERTO,1982,06,03,06,00,22.8,-85,40,0
AL011982,ALBERTO,1982,06,03,12,00,23.2,-84.2,50,0
AL011982,ALBERTO,1982,06,03,18,00,24,-83.6,75,1
AL011982,ALBERTO,1982,06,04,00,00,24.8,-83.4,65,1
AL011982,ALBERTO,1982,06,04,06,00,24.9,-84.1,55,0
AL011982,ALBERTO,1982,06,04,12,00,24.9,-84.8,45,0
AL011982,ALBERTO,1982,06,04,18,00,25,-84.2,40,0
AL011982,ALBERTO,1982,06,05,00,00,25.1,-84.1,30,0
AL011982,ALBERTO,1982,06,05,06,00,25.2,-84,25,0
AL011982,ALBERTO,1982,06,05,12,00,25.3,-83.9,25,0
AL011982,ALBERTO,1982,06,05,18,00,25.4,-83.6,25,0
AL011982,ALBERTO,1982,06,06,00,00,25.5,-83.3,25,0
AL011982,ALBERTO,1982,06,06,06,00,25.5,-83,25,0
AL011982,ALBERTO,1982,06,06,12,00,25.5,-82.6,20,0
