AL011891	UNNAMED	1891	07	03	06	00	21.7	-93	35	0
AL011891	UNNAMED	1891	07	03	12	00	22	-93.2	45	0
AL011891	UNNAMED	1891	07	03	18	00	22.4	-93.5	55	0
AL011891	UNNAMED	1891	07	04	00	00	22.9	-93.9	65	1
AL011891	UNNAMED	1891	07	04	06	00	23.4	-94.2	75	1
AL011891	UNNAMED	1891	07	04	12	00	24	-94.5	80	1
AL011891	UNNAMED	1891	07	04	18	00	24.7	-94.8	80	1
AL011891	UNNAMED	1891	07	05	00	00	25.4	-95.1	80	1
AL011891	UNNAMED	1891	07	05	06	00	26.2	-95.4	80	1
AL011891	UNNAMED	1891	07	05	12	00	27.1	-95.6	80	1
AL011891	UNNAMED	1891	07	05	18	00	28.1	-95.6	80	1
AL011891	UNNAMED	1891	07	05	22	00	28.8	-95.5	80	1
AL011891	UNNAMED	1891	07	06	00	00	29.2	-95.4	70	1
AL011891	UNNAMED	1891	07	06	06	00	30.3	-95.1	60	0
AL011891	UNNAMED	1891	07	06	12	00	31.2	-94.7	55	0
AL011891	UNNAMED	1891	07	06	18	00	31.9	-94.3	50	0
AL011891	UNNAMED	1891	07	07	00	00	32.5	-93.8	45	0
AL011891	UNNAMED	1891	07	07	06	00	33.1	-93.1	40	0
AL011891	UNNAMED	1891	07	07	12	00	33.7	-92.3	35	0
AL011891	UNNAMED	1891	07	07	18	00	34.2	-91.1	30	0
AL011891	UNNAMED	1891	07	08	00	00	34.6	-89.7	25	0
AL011891	UNNAMED	1891	07	08	06	00	35	-88.1	25	0
