id,name,year,month,day,hour,minute,lat,lon,max_sustained_wind_kts,sshws
AL011901,UNNAMED,1901,06,11,00,00,19.3,-82.3,25,0
AL011901,UNNAMED,1901,06,11,06,00,20,-83,25,0
AL011901,UNNAMED,1901,06,11,12,00,20.7,-83.5,30,0
AL011901,UNNAMED,1901,06,11,18,00,21.4,-83.9,30,0
AL011901,UNNAMED,1901,06,12,00,00,22.1,-84.3,35,0
AL011901,UNNAMED,1901,06,12,06,00,22.9,-84.7,35,0
AL011901,UNNAMED,1901,06,12,12,00,24,-85,35,0
AL011901,UNNAMED,1901,06,12,18,00,25.1,-85.2,35,0
AL011901,UNNAMED,1901,06,13,00,00,26.1,-85.2,35,0
AL011901,UNNAMED,1901,06,13,06,00,27.4,-85,35,0
AL011901,UNNAMED,1901,06,13,12,00,28.5,-84.7,35,0
AL011901,UNNAMED,1901,06,13,18,00,29.5,-84.6,35,0
AL011901,UNNAMED,1901,06,13,21,00,29.9,-84.6,35,0
AL011901,UNNAMED,1901,06,14,00,00,30.5,-84.7,30,0
AL011901,UNNAMED,1901,06,14,06,00,31.5,-84.8,30,0
AL011901,UNNAMED,1901,06,14,12,00,32.5,-85,25,0
AL011901,UNNAMED,1901,06,14,18,00,33.8,-85.4,25,0
AL011901,UNNAMED,1901,06,15,00,00,34.9,-86.2,25,0
AL011901,UNNAMED,1901,06,15,06,00,35.9,-87,25,0
AL011901,UNNAMED,1901,06,15,12,00,37,-88,25,0
AL011901,UNNAMED,1901,06,15,18,00,38.5,-89.7,25,0
