AL011944	UNNAMED	1944	07	13	06	00	19.6	-68.6	30	0
AL011944	UNNAMED	1944	07	13	12	00	20.7	-69.5	30	0
AL011944	UNNAMED	1944	07	13	18	00	21.5	-70.4	30	0
AL011944	UNNAMED	1944	07	14	00	00	22.3	-71.2	35	0
AL011944	UNNAMED	1944	07	14	06	00	23.1	-72	35	0
AL011944	UNNAMED	1944	07	14	12	00	24	-72.8	35	0
AL011944	UNNAMED	1944	07	14	18	00	25.1	-73.5	40	0
AL011944	UNNAMED	1944	07	15	00	00	26.2	-74.1	45	0
AL011944	UNNAMED	1944	07	15	06	00	27.4	-74.6	50	0
AL011944	UNNAMED	1944	07	15	12	00	28.5	-75	55	0
AL011944	UNNAMED	1944	07	15	18	00	29.4	-75.3	55	0
AL011944	UNNAMED	1944	07	16	00	00	30.2	-75.5	60	0
AL011944	UNNAMED	1944	07	16	06	00	30.9	-75.6	65	1
AL011944	UNNAMED	1944	07	16	12	00	31.4	-75.5	65	1
AL011944	UNNAMED	1944	07	16	18	00	31.8	-75.2	65	1
AL011944	UNNAMED	1944	07	17	00	00	32.2	-74.8	70	1
AL011944	UNNAMED	1944	07	17	06	00	32.5	-74.3	70	1
AL011944	UNNAMED	1944	07	17	12	00	32.8	-73.5	70	1
AL011944	UNNAMED	1944	07	17	18	00	33.1	-72.6	70	1
AL011944	UNNAMED	1944	07	18	00	00	33.3	-71.6	65	1
AL011944	UNNAMED	1944	07	18	06	00	33.6	-70.6	65	1
AL011944	UNNAMED	1944	07	18	12	00	34	-69.5	65	1
AL011944	UNNAMED	1944	07	18	18	00	35	-68	60	0
AL011944	UNNAMED	1944	07	19	00	00	36.5	-65.5	60	0
AL011944	UNNAMED	1944	07	19	06	00	38.2	-62.2	60	0
AL011944	UNNAMED	1944	07	19	12	00	40.2	-58.2	60	0
AL011944	UNNAMED	1944	07	19	18	00	42.2	-54	50	0
AL011944	UNNAMED	1944	07	20	00	00	44.2	-49.8	45	0
