id,name,year,month,day,hour,minute,lat,lon,max_sustained_wind_kts,sshws
AL011945,UNNAMED,1945,06,20,12,00,19,-85.7,35,0
AL011945,UNNAMED,1945,06,20,18,00,19.5,-85.9,40,0
AL011945,UNNAMED,1945,06,21,00,00,20,-86.1,40,0
AL011945,UNNAMED,1945,06,21,06,00,20.6,-86.2,40,0
AL011945,UNNAMED,1945,06,21,12,00,21.4,-86.3,40,0
AL011945,UNNAMED,1945,06,21,18,00,22.2,-86.3,40,0
AL011945,UNNAMED,1945,06,22,00,00,23,-86.4,40,0
AL011945,UNNAMED,1945,06,22,06,00,23.8,-86.4,45,0
AL011945,UNNAMED,1945,06,22,12,00,24.5,-86.5,45,0
AL011945,UNNAMED,1945,06,22,18,00,25.2,-86.6,50,0
AL011945,UNNAMED,1945,06,23,00,00,25.9,-86.6,50,0
AL011945,UNNAMED,1945,06,23,06,00,26.6,-86.6,55,0
AL011945,UNNAMED,1945,06,23,12,00,27.2,-86.5,70,1
AL011945,UNNAMED,1945,06,23,18,00,27.6,-86,85,2
AL011945,UNNAMED,1945,06,24,00,00,28,-85,80,1
AL011945,UNNAMED,1945,06,24,06,00,28.5,-83.5,70,1
AL011945,UNNAMED,1945,06,24,08,00,28.6,-82.7,70,1
AL011945,UNNAMED,1945,06,24,12,00,29,-82,50,0
AL011945,UNNAMED,1945,06,24,18,00,29.8,-81,60,0
AL011945,UNNAMED,1945,06,25,00,00,30.7,-80.1,65,1
AL011945,UNNAMED,1945,06,25,06,00,31.7,-79.3,65,1
AL011945,UNNAMED,1945,06,25,12,00,32.8,-78.5,65,1
AL011945,UNNAMED,1945,06,25,18,00,33.8,-77.5,65,1
AL011945,UNNAMED,1945,06,26,00,00,34.6,-76.7,65,1
AL011945,UNNAMED,1945,06,26,01,00,34.7,-76.6,65,1
AL011945,UNNAMED,1945,06,26,06,00,35.8,-75.5,65,1
AL011945,UNNAMED,1945,06,26,12,00,37.3,-73.8,65,1
AL011945,UNNAMED,1945,06,26,18,00,38.4,-72.3,65,1
AL011945,UNNAMED,1945,06,27,00,00,39.4,-71.1,65,1
AL011945,UNNAMED,1945,06,27,06,00,40.2,-70.1,65,1
AL011945,UNNAMED,1945,06,27,12,00,40.8,-69,65,1
AL011945,UNNAMED,1945,06,27,18,00,41.3,-68.1,55,0
AL011945,UNNAMED,1945,06,28,00,00,41.7,-67.3,45,0
AL011945,UNNAMED,1945,06,28,06,00,41.9,-66.5,45,0
AL011945,UNNAMED,1945,06,28,12,00,42.2,-65.5,45,0
AL011945,UNNAMED,1945,06,28,18,00,42.6,-64.4,40,0
AL011945,UNNAMED,1945,06,29,00,00,43.1,-63.2,40,0
AL011945,UNNAMED,1945,06,29,06,00,43.8,-61.7,40,0
AL011945,UNNAMED,1945,06,29,12,00,44.8,-60,40,0
AL011945,UNNAMED,1945,06,29,18,00,45.9,-58.3,40,0
AL011945,UNNAMED,1945,06,30,00,00,47.1,-56.6,35,0
AL011945,UNNAMED,1945,06,30,06,00,48.5,-54.8,35,0
AL011945,UNNAMED,1945,06,30,12,00,50,-53,35,0
AL011945,UNNAMED,1945,06,30,18,00,51.7,-50.5,35,0
AL011945,UNNAMED,1945,07,01,00,00,53.6,-47.5,35,0
AL011945,UNNAMED,1945,07,01,06,00,55.8,-44.2,35,0
AL011945,UNNAMED,1945,07,01,12,00,57.8,-41.2,35,0
AL011945,UNNAMED,1945,07,01,18,00,59.3,-39,35,0
AL011945,UNNAMED,1945,07,02,00,00,60.3,-37.3,40,0
AL011945,UNNAMED,1945,07,02,06,00,60.7,-35.8,40,0
AL011945,UNNAMED,1945,07,02,12,00,61,-34.5,40,0
AL011945,UNNAMED,1945,07,02,18,00,61.2,-33.3,40,0
AL011945,UNNAMED,1945,07,03,00,00,61.4,-32.3,35,0
AL011945,UNNAMED,1945,07,03,06,00,61.7,-31.3,35,0
AL011945,UNNAMED,1945,07,03,12,00,62,-30,30,0
AL011945,UNNAMED,1945,07,03,18,00,62.4,-28.6,30,0
AL011945,UNNAMED,1945,07,04,00,00,62.9,-27.1,30,0
AL011945,UNNAMED,1945,07,04,06,00,63.6,-25.6,30,0
AL011945,UNNAMED,1945,07,04,12,00,64.5,-24,25,0
