AL011894	UNNAMED	1894	06	06	00	00	19	-77.4	35	0
AL011894	UNNAMED	1894	06	06	06	00	19	-77.8	35	0
AL011894	UNNAMED	1894	06	06	12	00	19	-78.3	35	0
AL011894	UNNAMED	1894	06	06	18	00	19	-78.9	35	0
AL011894	UNNAMED	1894	06	07	00	00	19.1	-79.4	35	0
AL011894	UNNAMED	1894	06	07	06	00	19.2	-80.1	35	0
AL011894	UNNAMED	1894	06	07	12	00	19.3	-80.7	35	0
AL011894	UNNAMED	1894	06	07	18	00	19.4	-81.2	35	0
AL011894	UNNAMED	1894	06	08	00	00	19.5	-82.1	35	0
AL011894	UNNAMED	1894	06	08	06	00	19.6	-82.7	35	0
AL011894	UNNAMED	1894	06	08	12	00	19.7	-83.3	35	0
AL011894	UNNAMED	1894	06	08	18	00	19.9	-83.8	35	0
AL011894	UNNAMED	1894	06	09	00	00	20.1	-84.4	35	0
AL011894	UNNAMED	1894	06	09	06	00	20.4	-85	35	0
AL011894	UNNAMED	1894	06	09	12	00	20.7	-85.5	35	0
AL011894	UNNAMED	1894	06	09	18	00	21	-86	35	0
