AL011925	UNNAMED	1925	08	18	00	00	29	-75.5	25	0
AL011925	UNNAMED	1925	08	18	06	00	29.5	-74.8	25	0
AL011925	UNNAMED	1925	08	18	12	00	30	-74	30	0
AL011925	UNNAMED	1925	08	18	18	00	30.5	-73.2	35	0
AL011925	UNNAMED	1925	08	19	00	00	31	-72.3	40	0
AL011925	UNNAMED	1925	08	19	06	00	31.5	-71.4	45	0
AL011925	UNNAMED	1925	08	19	12	00	32	-70.5	50	0
AL011925	UNNAMED	1925	08	19	18	00	32.8	-69.3	55	0
AL011925	UNNAMED	1925	08	20	00	00	33.9	-67.6	60	0
AL011925	UNNAMED	1925	08	20	06	00	35.2	-65.1	70	1
AL011925	UNNAMED	1925	08	20	12	00	36.5	-61.5	70	1
AL011925	UNNAMED	1925	08	20	18	00	37.8	-58.5	70	1
AL011925	UNNAMED	1925	08	21	00	00	39.1	-56.5	65	1
AL011925	UNNAMED	1925	08	21	06	00	40.5	-55.5	60	0
