AL011939	UNNAMED	1939	06	12	06	00	17.6	-87.8	30	0
AL011939	UNNAMED	1939	06	12	12	00	18.6	-87.1	35	0
AL011939	UNNAMED	1939	06	12	18	00	19.6	-86.5	40	0
AL011939	UNNAMED	1939	06	13	00	00	20.7	-86	45	0
AL011939	UNNAMED	1939	06	13	06	00	21.9	-85.8	55	0
AL011939	UNNAMED	1939	06	13	12	00	23.1	-85.8	55	0
AL011939	UNNAMED	1939	06	13	18	00	24.2	-85.9	55	0
AL011939	UNNAMED	1939	06	14	00	00	25.2	-86	55	0
AL011939	UNNAMED	1939	06	14	06	00	26.1	-86.2	50	0
AL011939	UNNAMED	1939	06	14	12	00	26.9	-86.5	50	0
AL011939	UNNAMED	1939	06	14	18	00	27.6	-87.1	50	0
AL011939	UNNAMED	1939	06	15	00	00	28.2	-87.8	50	0
AL011939	UNNAMED	1939	06	15	06	00	28.6	-88.4	50	0
AL011939	UNNAMED	1939	06	15	12	00	28.3	-88.4	50	0
AL011939	UNNAMED	1939	06	15	18	00	28.6	-88.1	50	0
AL011939	UNNAMED	1939	06	16	00	00	29.1	-87.9	50	0
AL011939	UNNAMED	1939	06	16	06	00	29.6	-87.7	50	0
AL011939	UNNAMED	1939	06	16	12	00	30.2	-87.6	50	0
AL011939	UNNAMED	1939	06	16	13	00	30.3	-87.6	50	0
AL011939	UNNAMED	1939	06	16	18	00	31.2	-88.1	35	0
AL011939	UNNAMED	1939	06	17	00	00	32.2	-88.8	30	0
AL011939	UNNAMED	1939	06	17	06	00	33.3	-89	25	0
AL011939	UNNAMED	1939	06	17	12	00	34.5	-89	25	0
AL011939	UNNAMED	1939	06	17	18	00	35.7	-88.8	25	0
AL011939	UNNAMED	1939	06	18	00	00	36.9	-88.3	20	0
AL011939	UNNAMED	1939	06	18	06	00	38.2	-87.3	20	0
AL011939	UNNAMED	1939	06	18	12	00	39.5	-85.5	20	0
AL011939	UNNAMED	1939	06	18	18	00	40.8	-83.3	20	0
