AL011987	UNNAMED	1987	05	24	12	00	21.2	-68.5	25	0
AL011987	UNNAMED	1987	05	24	18	00	21.5	-69	25	0
AL011987	UNNAMED	1987	05	25	00	00	22	-69.5	25	0
AL011987	UNNAMED	1987	05	25	06	00	22.6	-69.5	25	0
AL011987	UNNAMED	1987	05	25	12	00	23.3	-69.3	30	0
AL011987	UNNAMED	1987	05	25	18	00	24	-69	30	0
AL011987	UNNAMED	1987	05	26	00	00	24.6	-68.8	30	0
AL011987	UNNAMED	1987	05	26	06	00	25.3	-69	30	0
AL011987	UNNAMED	1987	05	26	12	00	26	-69.4	30	0
AL011987	UNNAMED	1987	05	26	18	00	25.7	-69.4	30	0
AL011987	UNNAMED	1987	05	27	00	00	26.5	-68.8	30	0
AL011987	UNNAMED	1987	05	27	06	00	26.8	-69.6	30	0
AL011987	UNNAMED	1987	05	27	12	00	26.1	-69.9	30	0
AL011987	UNNAMED	1987	05	27	18	00	25.8	-69.6	30	0
AL011987	UNNAMED	1987	05	28	00	00	25.4	-69.7	30	0
AL011987	UNNAMED	1987	05	28	06	00	25.3	-70.1	30	0
AL011987	UNNAMED	1987	05	28	12	00	25.3	-70.8	30	0
AL011987	UNNAMED	1987	05	28	18	00	25.3	-71.7	30	0
AL011987	UNNAMED	1987	05	29	00	00	25.4	-72.5	30	0
AL011987	UNNAMED	1987	05	29	06	00	25.5	-73.3	30	0
AL011987	UNNAMED	1987	05	29	12	00	25.6	-74.1	30	0
AL011987	UNNAMED	1987	05	29	18	00	25.7	-75	30	0
AL011987	UNNAMED	1987	05	30	00	00	25.8	-75.7	30	0
AL011987	UNNAMED	1987	05	30	06	00	25.8	-76.5	30	0
AL011987	UNNAMED	1987	05	30	12	00	25.9	-77.3	30	0
AL011987	UNNAMED	1987	05	30	18	00	25.8	-78.5	30	0
AL011987	UNNAMED	1987	05	31	00	00	25.3	-79.4	30	0
AL011987	UNNAMED	1987	05	31	06	00	24.7	-80.2	30	0
AL011987	UNNAMED	1987	05	31	12	00	24.6	-80.6	25	0
AL011987	UNNAMED	1987	05	31	18	00	24.5	-81	20	0
AL011987	UNNAMED	1987	06	01	00	00	24.4	-81.7	15	0
