id,name,year,month,day,hour,minute,lat,lon,max_sustained_wind_kts,sshws
AL011889,UNNAMED,1889,05,16,06,00,21.5,-64.1,35,0
AL011889,UNNAMED,1889,05,16,12,00,21.7,-64.8,40,0
AL011889,UNNAMED,1889,05,16,18,00,21.9,-65.2,40,0
AL011889,UNNAMED,1889,05,17,00,00,22.1,-65.7,45,0
AL011889,UNNAMED,1889,05,17,06,00,22.4,-66.3,50,0
AL011889,UNNAMED,1889,05,17,12,00,22.8,-67,50,0
AL011889,UNNAMED,1889,05,17,18,00,23.3,-67.8,50,0
AL011889,UNNAMED,1889,05,18,00,00,23.9,-68.6,50,0
AL011889,UNNAMED,1889,05,18,06,00,24.5,-69.5,50,0
AL011889,UNNAMED,1889,05,18,12,00,25.3,-70.4,50,0
AL011889,UNNAMED,1889,05,18,18,00,26.2,-71.4,50,0
AL011889,UNNAMED,1889,05,19,00,00,27.3,-72.6,50,0
AL011889,UNNAMED,1889,05,19,06,00,28.3,-73.8,50,0
AL011889,UNNAMED,1889,05,19,12,00,29.2,-74.8,55,0
AL011889,UNNAMED,1889,05,19,18,00,29.9,-75.4,55,0
AL011889,UNNAMED,1889,05,20,00,00,30.5,-75.5,55,0
AL011889,UNNAMED,1889,05,20,06,00,31.2,-75.3,60,0
AL011889,UNNAMED,1889,05,20,12,00,31.9,-74.9,65,1
AL011889,UNNAMED,1889,05,20,18,00,32.8,-74.1,70,1
AL011889,UNNAMED,1889,05,21,00,00,33.7,-73.1,70,1
AL011889,UNNAMED,1889,05,21,06,00,34.6,-72,60,0
AL011889,UNNAMED,1889,05,21,12,00,35.8,-70.8,55,0
AL011889,UNNAMED,1889,05,21,18,00,37.1,-70.2,45,0
AL011889,UNNAMED,1889,05,22,00,00,38.4,-69.8,35,0
