AL012003	ANA	2003	04	18	00	00	29.1	-66.2	30	0
AL012003	ANA	2003	04	18	06	00	29.9	-66	30	0
AL012003	ANA	2003	04	18	12	00	30.8	-65.8	30	0
AL012003	ANA	2003	04	18	18	00	31.9	-66.3	30	0
AL012003	ANA	2003	04	19	00	00	33	-66.9	30	0
AL012003	ANA	2003	04	19	06	00	33.8	-67.6	35	0
AL012003	ANA	2003	04	19	12	00	34.5	-68.6	35	0
AL012003	ANA	2003	04	19	18	00	34.3	-69.1	35	0
AL012003	ANA	2003	04	20	00	00	33.6	-69	40	0
AL012003	ANA	2003	04	20	06	00	32.7	-68.9	40	0
AL012003	ANA	2003	04	20	12	00	32	-68.2	45	0
AL012003	ANA	2003	04	20	18	00	31.7	-67.3	45	0
AL012003	ANA	2003	04	21	00	00	31.4	-66.4	50	0
AL012003	ANA	2003	04	21	06	00	30.6	-65.8	50	0
AL012003	ANA	2003	04	21	12	00	30	-64.8	50	0
AL012003	ANA	2003	04	21	18	00	29.4	-63.1	50	0
AL012003	ANA	2003	04	22	00	00	29.4	-61.5	50	0
AL012003	ANA	2003	04	22	06	00	29.5	-60.1	50	0
AL012003	ANA	2003	04	22	12	00	29.6	-58.5	45	0
AL012003	ANA	2003	04	22	18	00	29.7	-56.6	45	0
AL012003	ANA	2003	04	23	00	00	30	-54.7	40	0
AL012003	ANA	2003	04	23	06	00	30.6	-53	40	0
AL012003	ANA	2003	04	23	12	00	31.4	-51.5	40	0
AL012003	ANA	2003	04	23	18	00	31.9	-50.6	35	0
AL012003	ANA	2003	04	24	00	00	32.1	-49.6	35	0
AL012003	ANA	2003	04	24	06	00	32	-48.7	35	0
AL012003	ANA	2003	04	24	12	00	31.8	-47.8	35	0
AL012003	ANA	2003	04	24	18	00	31.5	-46.6	35	0
AL012003	ANA	2003	04	25	00	00	31.5	-45.4	35	0
AL012003	ANA	2003	04	25	06	00	31.6	-44.2	35	0
AL012003	ANA	2003	04	25	12	00	31.7	-43.1	30	0
AL012003	ANA	2003	04	25	18	00	31.8	-42.1	30	0
AL012003	ANA	2003	04	26	00	00	31.9	-40.8	30	0
AL012003	ANA	2003	04	26	06	00	32.3	-38.4	35	0
AL012003	ANA	2003	04	26	12	00	32.9	-35.6	35	0
AL012003	ANA	2003	04	26	18	00	33.6	-32.8	40	0
AL012003	ANA	2003	04	27	00	00	34.4	-29.2	40	0
AL012003	ANA	2003	04	27	06	00	35.3	-25.8	40	0
AL012003	ANA	2003	04	27	12	00	36.1	-22.4	40	0
