AL011860	UNNAMED	1860	08	08	00	00	27.9	-84.1	40	0
AL011860	UNNAMED	1860	08	08	06	00	27.8	-84.5	40	0
AL011860	UNNAMED	1860	08	08	12	00	27.8	-84.8	50	0
AL011860	UNNAMED	1860	08	08	18	00	27.7	-85.3	50	0
AL011860	UNNAMED	1860	08	09	00	00	27.6	-85.9	60	0
AL011860	UNNAMED	1860	08	09	06	00	27.5	-86.3	60	0
AL011860	UNNAMED	1860	08	09	12	00	27.5	-86.8	70	1
AL011860	UNNAMED	1860	08	09	18	00	27.4	-87.5	70	1
AL011860	UNNAMED	1860	08	10	00	00	27.4	-88	80	1
AL011860	UNNAMED	1860	08	10	06	00	27.4	-88.5	80	1
AL011860	UNNAMED	1860	08	10	12	00	27.5	-89	90	2
AL011860	UNNAMED	1860	08	10	18	00	27.5	-89.5	90	2
AL011860	UNNAMED	1860	08	11	00	00	27.6	-89.9	100	3
AL011860	UNNAMED	1860	08	11	06	00	27.9	-90.1	100	3
AL011860	UNNAMED	1860	08	11	12	00	28.4	-90.3	110	3
AL011860	UNNAMED	1860	08	11	18	00	29	-90.1	110	3
AL011860	UNNAMED	1860	08	11	20	00	29.2	-90	110	3
AL011860	UNNAMED	1860	08	12	00	00	29.7	-89.8	100	3
AL011860	UNNAMED	1860	08	12	06	00	30.5	-88.9	100	3
AL011860	UNNAMED	1860	08	12	12	00	31	-88	70	1
AL011860	UNNAMED	1860	08	12	18	00	31.3	-86.8	50	0
AL011860	UNNAMED	1860	08	13	00	00	31.4	-85.6	40	0
AL011860	UNNAMED	1860	08	13	06	00	31.5	-84.6	40	0
AL011860	UNNAMED	1860	08	13	12	00	31.7	-83.6	40	0
AL011860	UNNAMED	1860	08	13	18	00	31.8	-82.6	40	0
AL011860	UNNAMED	1860	08	14	00	00	31.9	-81.6	40	0
AL011860	UNNAMED	1860	08	14	06	00	32	-80.6	40	0
AL011860	UNNAMED	1860	08	14	12	00	32	-79.6	50	0
AL011860	UNNAMED	1860	08	14	18	00	32	-78.6	50	0
AL011860	UNNAMED	1860	08	15	00	00	32	-77.6	50	0
AL011860	UNNAMED	1860	08	15	06	00	32.3	-76.6	50	0
AL011860	UNNAMED	1860	08	15	12	00	32.5	-75.6	50	0
AL011860	UNNAMED	1860	08	15	18	00	32.7	-74.6	50	0
AL011860	UNNAMED	1860	08	16	00	00	33	-73.5	50	0
AL011860	UNNAMED	1860	08	16	06	00	33.3	-72	50	0
