id,name,year,month,day,hour,minute,lat,lon,max_sustained_wind_kts,sshws
AL011904,UNNAMED,1904,06,10,12,00,13,-80.5,30,0
AL011904,UNNAMED,1904,06,10,18,00,13.6,-80.7,30,0
AL011904,UNNAMED,1904,06,11,00,00,14.2,-80.7,30,0
AL011904,UNNAMED,1904,06,11,06,00,14.6,-80.5,30,0
AL011904,UNNAMED,1904,06,11,12,00,15,-80.3,30,0
AL011904,UNNAMED,1904,06,11,18,00,15.7,-80.2,30,0
AL011904,UNNAMED,1904,06,12,00,00,16.2,-80.1,35,0
AL011904,UNNAMED,1904,06,12,06,00,16.8,-79.9,40,0
AL011904,UNNAMED,1904,06,12,12,00,17.3,-79.7,45,0
AL011904,UNNAMED,1904,06,12,18,00,17.7,-79.5,50,0
AL011904,UNNAMED,1904,06,13,00,00,18.1,-79.2,55,0
AL011904,UNNAMED,1904,06,13,06,00,18.4,-78.9,60,0
AL011904,UNNAMED,1904,06,13,12,00,18.7,-78.5,65,1
AL011904,UNNAMED,1904,06,13,18,00,19.4,-77.7,70,1
AL011904,UNNAMED,1904,06,14,00,00,20.3,-76.8,55,0
AL011904,UNNAMED,1904,06,14,06,00,21.1,-76,40,0
AL011904,UNNAMED,1904,06,14,12,00,22,-75.3,35,0
AL011904,UNNAMED,1904,06,14,18,00,22.9,-74.6,25,0
