AL011959	ARLENE	1959	05	28	12	00	23.8	-86.6	30	0
AL011959	ARLENE	1959	05	28	18	00	24.5	-87.2	30	0
AL011959	ARLENE	1959	05	29	00	00	25.3	-87.7	35	0
AL011959	ARLENE	1959	05	29	06	00	26.5	-89	35	0
AL011959	ARLENE	1959	05	29	12	00	27.4	-90	40	0
AL011959	ARLENE	1959	05	29	18	00	27.6	-90.8	45	0
AL011959	ARLENE	1959	05	30	00	00	27.8	-91.5	45	0
AL011959	ARLENE	1959	05	30	06	00	28.1	-91.9	45	0
AL011959	ARLENE	1959	05	30	12	00	28.4	-92	50	0
AL011959	ARLENE	1959	05	30	18	00	29.1	-91.9	40	0
AL011959	ARLENE	1959	05	31	00	00	29.9	-91.7	30	0
AL011959	ARLENE	1959	05	31	06	00	30.4	-91.5	25	0
AL011959	ARLENE	1959	05	31	12	00	31	-91.2	25	0
AL011959	ARLENE	1959	05	31	18	00	31.7	-90.9	25	0
AL011959	ARLENE	1959	06	01	00	00	32.3	-90.6	25	0
AL011959	ARLENE	1959	06	01	06	00	32.8	-89.9	25	0
AL011959	ARLENE	1959	06	01	12	00	33.1	-89.1	25	0
AL011959	ARLENE	1959	06	01	18	00	33.2	-88.6	25	0
AL011959	ARLENE	1959	06	02	00	00	33.4	-87.4	25	0
AL011959	ARLENE	1959	06	02	06	00	33.6	-85.3	25	0
AL011959	ARLENE	1959	06	02	12	00	33.8	-83.3	25	0
AL011959	ARLENE	1959	06	02	18	00	34.2	-80.7	25	0
