id,name,year,month,day,hour,minute,lat,lon,max_sustained_wind_kts,sshws
AL011913,UNNAMED,1913,06,21,06,00,11,-80,30,0
AL011913,UNNAMED,1913,06,21,12,00,11,-80.5,30,0
AL011913,UNNAMED,1913,06,21,18,00,11.1,-80.6,30,0
AL011913,UNNAMED,1913,06,22,00,00,11.2,-80.7,30,0
AL011913,UNNAMED,1913,06,22,06,00,11.3,-80.8,30,0
AL011913,UNNAMED,1913,06,22,12,00,11.5,-81,40,0
AL011913,UNNAMED,1913,06,22,18,00,12.1,-81.3,45,0
AL011913,UNNAMED,1913,06,23,00,00,12.7,-81.6,45,0
AL011913,UNNAMED,1913,06,23,06,00,13.4,-82,45,0
AL011913,UNNAMED,1913,06,23,12,00,14,-82.5,45,0
AL011913,UNNAMED,1913,06,23,18,00,14.6,-83,40,0
AL011913,UNNAMED,1913,06,24,00,00,15.2,-83.5,35,0
AL011913,UNNAMED,1913,06,24,06,00,15.8,-84,35,0
AL011913,UNNAMED,1913,06,24,12,00,16.5,-84.5,40,0
AL011913,UNNAMED,1913,06,24,18,00,17.5,-85,45,0
AL011913,UNNAMED,1913,06,25,00,00,18.5,-85.5,50,0
AL011913,UNNAMED,1913,06,25,06,00,19.5,-86,50,0
AL011913,UNNAMED,1913,06,25,12,00,20.5,-86.5,50,0
AL011913,UNNAMED,1913,06,25,18,00,21.4,-87.1,40,0
AL011913,UNNAMED,1913,06,26,00,00,22.3,-87.8,40,0
AL011913,UNNAMED,1913,06,26,06,00,23.2,-88.5,45,0
AL011913,UNNAMED,1913,06,26,12,00,24,-89.2,50,0
AL011913,UNNAMED,1913,06,26,18,00,24.5,-90.2,55,0
AL011913,UNNAMED,1913,06,27,00,00,24.9,-91.7,60,0
AL011913,UNNAMED,1913,06,27,06,00,25.2,-93.3,65,1
AL011913,UNNAMED,1913,06,27,12,00,25.7,-94.7,65,1
AL011913,UNNAMED,1913,06,27,18,00,26.3,-95.9,65,1
AL011913,UNNAMED,1913,06,28,00,00,27,-97.2,65,1
AL011913,UNNAMED,1913,06,28,01,00,27.1,-97.4,65,1
AL011913,UNNAMED,1913,06,28,06,00,27.7,-98.4,45,0
AL011913,UNNAMED,1913,06,28,12,00,28.5,-99.5,35,0
AL011913,UNNAMED,1913,06,28,18,00,29.3,-100.3,30,0
AL011913,UNNAMED,1913,06,29,00,00,30,-100.8,25,0
