id,name,year,month,day,hour,minute,lat,lon,max_sustained_wind_kts,sshws
AL011970,ALMA,1970,05,17,18,00,11.5,-79,25,0
AL011970,ALMA,1970,05,18,00,00,11.7,-79.2,25,0
AL011970,ALMA,1970,05,18,06,00,12.1,-79.7,25,0
AL011970,ALMA,1970,05,18,12,00,12.3,-80.1,25,0
AL011970,ALMA,1970,05,18,18,00,12.5,-80.5,25,0
AL011970,ALMA,1970,05,19,00,00,13,-81,25,0
AL011970,ALMA,1970,05,19,06,00,13.5,-81.5,25,0
AL011970,ALMA,1970,05,19,12,00,14,-82,25,0
AL011970,ALMA,1970,05,19,18,00,14.5,-82.5,25,0
AL011970,ALMA,1970,05,20,00,00,15.5,-82.5,35,0
AL011970,ALMA,1970,05,20,06,00,16.2,-82.3,35,0
AL011970,ALMA,1970,05,20,12,00,16.8,-81.9,65,1
AL011970,ALMA,1970,05,20,18,00,17.2,-81.6,70,1
AL011970,ALMA,1970,05,21,00,00,18,-81,55,0
AL011970,ALMA,1970,05,21,06,00,18.2,-80.3,50,0
AL011970,ALMA,1970,05,21,12,00,18.5,-80.2,45,0
AL011970,ALMA,1970,05,21,18,00,19,-80,40,0
AL011970,ALMA,1970,05,22,00,00,19.6,-80.1,35,0
AL011970,ALMA,1970,05,22,06,00,19.3,-80.6,30,0
AL011970,ALMA,1970,05,22,12,00,19.1,-81.1,30,0
AL011970,ALMA,1970,05,22,18,00,19,-81.8,30,0
AL011970,ALMA,1970,05,23,00,00,19.2,-82.7,30,0
AL011970,ALMA,1970,05,23,06,00,19.8,-83.5,25,0
AL011970,ALMA,1970,05,23,12,00,21,-83.9,25,0
AL011970,ALMA,1970,05,23,18,00,21.9,-84,25,0
AL011970,ALMA,1970,05,24,00,00,23,-84,25,0
AL011970,ALMA,1970,05,24,06,00,24,-84,25,0
AL011970,ALMA,1970,05,24,12,00,25.2,-84,25,0
AL011970,ALMA,1970,05,24,18,00,26.8,-83.9,25,0
AL011970,ALMA,1970,05,25,00,00,28.3,-83.6,25,0
AL011970,ALMA,1970,05,25,06,00,29.5,-82.9,25,0
AL011970,ALMA,1970,05,25,12,00,30.6,-82.2,25,0
AL011970,ALMA,1970,05,25,18,00,31.8,-81.6,25,0
AL011970,ALMA,1970,05,26,00,00,32.6,-81.2,25,0
AL011970,ALMA,1970,05,26,06,00,33.3,-80.7,25,0
AL011970,ALMA,1970,05,26,12,00,34.8,-79.9,25,0
AL011970,ALMA,1970,05,26,18,00,35.7,-78.7,25,0
AL011970,ALMA,1970,05,27,00,00,36.5,-77,25,0
AL011970,ALMA,1970,05,27,06,00,37,-75.5,25,0
