AL012013	ANDREA	2013	06	05	18	00	25.1	-86.6	35	0
AL012013	ANDREA	2013	06	06	00	00	25.6	-86.5	40	0
AL012013	ANDREA	2013	06	06	06	00	26.7	-86.1	50	0
AL012013	ANDREA	2013	06	06	12	00	27.8	-84.9	55	0
AL012013	ANDREA	2013	06	06	18	00	28.9	-83.9	55	0
AL012013	ANDREA	2013	06	06	22	00	29.5	-83.4	50	0
AL012013	ANDREA	2013	06	07	00	00	29.8	-83	40	0
AL012013	ANDREA	2013	06	07	06	00	31.6	-81.4	40	0
AL012013	ANDREA	2013	06	07	12	00	33.5	-80.2	40	0
AL012013	ANDREA	2013	06	07	18	00	35.2	-78.6	40	0
AL012013	ANDREA	2013	06	08	00	00	37.4	-76.2	40	0
AL012013	ANDREA	2013	06	08	06	00	39.9	-73.6	40	0
AL012013	ANDREA	2013	06	08	12	00	42.4	-70.4	40	0
AL012013	ANDREA	2013	06	08	18	00	44.5	-67	40	0
