AL011918	UNNAMED	1918	08	01	00	00	12.6	-58.5	35	0
AL011918	UNNAMED	1918	08	01	06	00	12.8	-60.3	35	0
AL011918	UNNAMED	1918	08	01	12	00	13	-62	35	0
AL011918	UNNAMED	1918	08	01	18	00	13.2	-63.8	35	0
AL011918	UNNAMED	1918	08	02	00	00	13.4	-65.5	35	0
AL011918	UNNAMED	1918	08	02	06	00	13.7	-67.3	40	0
AL011918	UNNAMED	1918	08	02	12	00	14	-69	40	0
AL011918	UNNAMED	1918	08	02	18	00	14.4	-70.8	40	0
AL011918	UNNAMED	1918	08	03	00	00	14.9	-72.5	45	0
AL011918	UNNAMED	1918	08	03	06	00	15.4	-74.3	45	0
AL011918	UNNAMED	1918	08	03	12	00	16	-76	45	0
AL011918	UNNAMED	1918	08	03	18	00	16.8	-77.6	50	0
AL011918	UNNAMED	1918	08	04	00	00	17.7	-79.3	50	0
AL011918	UNNAMED	1918	08	04	06	00	18.6	-80.9	50	0
AL011918	UNNAMED	1918	08	04	12	00	19.5	-82.5	55	0
AL011918	UNNAMED	1918	08	04	18	00	20.5	-84	55	0
AL011918	UNNAMED	1918	08	05	00	00	21.5	-85.5	55	0
AL011918	UNNAMED	1918	08	05	06	00	22.5	-86.9	60	0
AL011918	UNNAMED	1918	08	05	12	00	23.5	-88.3	70	1
AL011918	UNNAMED	1918	08	05	18	00	24.6	-89.4	80	1
AL011918	UNNAMED	1918	08	06	00	00	25.8	-90.4	90	2
AL011918	UNNAMED	1918	08	06	06	00	27.1	-91.4	100	3
AL011918	UNNAMED	1918	08	06	12	00	28.5	-92.3	105	3
AL011918	UNNAMED	1918	08	06	18	00	29.8	-93.2	105	3
AL011918	UNNAMED	1918	08	07	00	00	31	-94	60	0
AL011918	UNNAMED	1918	08	07	06	00	32.2	-94.6	45	0
AL011918	UNNAMED	1918	08	07	12	00	33.7	-95	35	0
AL011918	UNNAMED	1918	08	07	18	00	35.5	-95.2	30	0
