id,name,year,month,day,hour,minute,lat,lon,max_sustained_wind_kts,sshws
AL012011,ARLENE,2011,06,28,06,00,19.9,-92.8,25,0
AL012011,ARLENE,2011,06,28,12,00,20.3,-93.1,30,0
AL012011,ARLENE,2011,06,28,18,00,20.7,-93.5,35,0
AL012011,ARLENE,2011,06,29,00,00,21,-93.9,35,0
AL012011,ARLENE,2011,06,29,06,00,21.2,-94.5,35,0
AL012011,ARLENE,2011,06,29,12,00,21.3,-95.3,45,0
AL012011,ARLENE,2011,06,29,18,00,21.4,-95.6,50,0
AL012011,ARLENE,2011,06,30,00,00,21.6,-96.1,50,0
AL012011,ARLENE,2011,06,30,06,00,21.6,-97,55,0
AL012011,ARLENE,2011,06,30,12,00,21.6,-97.3,55,0
AL012011,ARLENE,2011,06,30,13,00,21.6,-97.4,55,0
AL012011,ARLENE,2011,06,30,18,00,21.5,-98.1,45,0
AL012011,ARLENE,2011,07,01,00,00,21.1,-98.7,30,0
