id,name,year,month,day,hour,minute,lat,lon,max_sustained_wind_kts,sshws
AL011992,UNNAMED,1992,04,21,12,00,24,-59,25,0
AL011992,UNNAMED,1992,04,21,18,00,24.2,-60,25,0
AL011992,UNNAMED,1992,04,22,00,00,24.5,-61,30,0
AL011992,UNNAMED,1992,04,22,06,00,24.9,-61.5,45,0
AL011992,UNNAMED,1992,04,22,12,00,25.2,-62,45,0
AL011992,UNNAMED,1992,04,22,18,00,25.5,-62.4,45,0
AL011992,UNNAMED,1992,04,23,00,00,25.6,-63.1,45,0
AL011992,UNNAMED,1992,04,23,06,00,25.6,-63.5,40,0
AL011992,UNNAMED,1992,04,23,12,00,25.6,-63.7,35,0
AL011992,UNNAMED,1992,04,23,18,00,25.7,-63.5,30,0
AL011992,UNNAMED,1992,04,24,00,00,25.7,-63.1,25,0
AL011992,UNNAMED,1992,04,24,06,00,25.7,-62.6,25,0
AL011992,UNNAMED,1992,04,24,12,00,25.7,-62,25,0
AL011992,UNNAMED,1992,04,24,18,00,25.7,-61.1,25,0
