AL011926	UNNAMED	1926	07	22	06	00	12.8	-56.5	35	0
AL011926	UNNAMED	1926	07	22	12	00	13.5	-58	40	0
AL011926	UNNAMED	1926	07	22	18	00	14.2	-59.6	50	0
AL011926	UNNAMED	1926	07	23	00	00	14.9	-61.3	60	0
AL011926	UNNAMED	1926	07	23	06	00	15.6	-62.9	70	1
AL011926	UNNAMED	1926	07	23	12	00	16.3	-64.5	80	1
AL011926	UNNAMED	1926	07	23	18	00	17.1	-65.8	90	2
AL011926	UNNAMED	1926	07	24	00	00	17.9	-67.1	90	2
AL011926	UNNAMED	1926	07	24	06	00	18.7	-68.2	85	2
AL011926	UNNAMED	1926	07	24	12	00	19.5	-69.3	80	1
AL011926	UNNAMED	1926	07	24	18	00	20.2	-70.3	75	1
AL011926	UNNAMED	1926	07	25	00	00	21	-71.3	85	2
AL011926	UNNAMED	1926	07	25	06	00	21.8	-72.4	95	2
AL011926	UNNAMED	1926	07	25	12	00	22.5	-73.5	105	3
AL011926	UNNAMED	1926	07	25	18	00	23.1	-74.4	115	4
AL011926	UNNAMED	1926	07	26	00	00	23.7	-75.3	120	4
AL011926	UNNAMED	1926	07	26	06	00	24.3	-76.2	120	4
AL011926	UNNAMED	1926	07	26	12	00	24.8	-77	115	4
AL011926	UNNAMED	1926	07	26	18	00	25.2	-77.6	110	3
AL011926	UNNAMED	1926	07	27	00	00	25.6	-78.1	105	3
AL011926	UNNAMED	1926	07	27	06	00	25.9	-78.5	95	2
AL011926	UNNAMED	1926	07	27	12	00	26.3	-79	95	2
AL011926	UNNAMED	1926	07	27	18	00	26.9	-79.5	95	2
AL011926	UNNAMED	1926	07	28	00	00	27.7	-80	90	2
AL011926	UNNAMED	1926	07	28	06	00	28.5	-80.5	90	2
AL011926	UNNAMED	1926	07	28	10	00	29	-80.8	90	2
AL011926	UNNAMED	1926	07	28	12	00	29.2	-81.1	75	1
AL011926	UNNAMED	1926	07	28	18	00	29.8	-81.8	55	0
AL011926	UNNAMED	1926	07	29	00	00	30.5	-82.6	50	0
AL011926	UNNAMED	1926	07	29	06	00	31.3	-83.5	40	0
AL011926	UNNAMED	1926	07	29	12	00	32	-84.5	35	0
AL011926	UNNAMED	1926	07	29	18	00	32.4	-85.5	30	0
AL011926	UNNAMED	1926	07	30	00	00	32.7	-86.6	30	0
AL011926	UNNAMED	1926	07	30	06	00	32.9	-87.8	25	0
AL011926	UNNAMED	1926	07	30	12	00	33	-88.8	25	0
AL011926	UNNAMED	1926	07	30	18	00	33.2	-89.6	25	0
AL011926	UNNAMED	1926	07	31	00	00	33.5	-90.1	25	0
AL011926	UNNAMED	1926	07	31	06	00	33.9	-90.4	25	0
AL011926	UNNAMED	1926	07	31	12	00	34.5	-90.5	25	0
AL011926	UNNAMED	1926	07	31	18	00	35.5	-90	25	0
AL011926	UNNAMED	1926	08	01	00	00	37	-88.7	25	0
AL011926	UNNAMED	1926	08	01	06	00	38.4	-87.1	25	0
AL011926	UNNAMED	1926	08	01	12	00	39.5	-85.5	25	0
AL011926	UNNAMED	1926	08	01	18	00	40.6	-83.9	25	0
AL011926	UNNAMED	1926	08	02	00	00	41.8	-82.2	25	0
AL011926	UNNAMED	1926	08	02	06	00	42.9	-80.6	25	0
AL011926	UNNAMED	1926	08	02	12	00	44	-78.8	25	0
