id,name,year,month,day,hour,minute,lat,lon,max_sustained_wind_kts,sshws
AL011861,UNNAMED,1861,07,06,00,00,15.1,-58.5,50,0
AL011861,UNNAMED,1861,07,06,06,00,15.5,-59.3,50,0
AL011861,UNNAMED,1861,07,06,12,00,15.8,-60.1,50,0
AL011861,UNNAMED,1861,07,06,18,00,16.2,-60.9,50,0
AL011861,UNNAMED,1861,07,07,00,00,16.7,-61.6,50,0
AL011861,UNNAMED,1861,07,07,06,00,17.4,-62.4,50,0
AL011861,UNNAMED,1861,07,07,12,00,18,-63.1,50,0
AL011861,UNNAMED,1861,07,07,18,00,18.6,-63.8,50,0
AL011861,UNNAMED,1861,07,08,00,00,19.4,-64.6,50,0
AL011861,UNNAMED,1861,07,08,06,00,20.2,-65.5,50,0
AL011861,UNNAMED,1861,07,08,12,00,21.2,-66.1,50,0
AL011861,UNNAMED,1861,07,08,18,00,22.1,-66.6,50,0
AL011861,UNNAMED,1861,07,09,00,00,23.1,-67.4,60,0
AL011861,UNNAMED,1861,07,09,06,00,24,-67.9,60,0
AL011861,UNNAMED,1861,07,09,12,00,25,-68.4,70,1
AL011861,UNNAMED,1861,07,09,18,00,26,-68.9,70,1
AL011861,UNNAMED,1861,07,10,00,00,26.9,-69.3,80,1
AL011861,UNNAMED,1861,07,10,06,00,27.8,-69.6,80,1
AL011861,UNNAMED,1861,07,10,12,00,28.7,-70,90,2
AL011861,UNNAMED,1861,07,10,18,00,29.5,-70.1,90,2
AL011861,UNNAMED,1861,07,11,00,00,30.1,-70.1,90,2
AL011861,UNNAMED,1861,07,11,06,00,30.7,-70.1,90,2
AL011861,UNNAMED,1861,07,11,12,00,31.4,-70,80,1
AL011861,UNNAMED,1861,07,11,18,00,32.5,-69.6,80,1
AL011861,UNNAMED,1861,07,12,00,00,33.9,-69.3,80,1
AL011861,UNNAMED,1861,07,12,06,00,35,-68.8,80,1
AL011861,UNNAMED,1861,07,12,12,00,36,-68,70,1
AL011861,UNNAMED,1861,07,12,18,00,37,-67,70,1
