id,name,year,month,day,hour,minute,lat,lon,max_sustained_wind_kts,sshws
AL011867,UNNAMED,1867,06,21,12,00,29.5,-80,50,0
AL011867,UNNAMED,1867,06,21,18,00,30.3,-80.1,60,0
AL011867,UNNAMED,1867,06,22,00,00,31.1,-80,60,0
AL011867,UNNAMED,1867,06,22,06,00,31.8,-79.9,70,1
AL011867,UNNAMED,1867,06,22,12,00,32.5,-79.8,70,1
AL011867,UNNAMED,1867,06,22,14,00,32.9,-79.7,70,1
AL011867,UNNAMED,1867,06,22,18,00,33.2,-79.6,60,0
AL011867,UNNAMED,1867,06,23,00,00,33.9,-79.4,50,0
AL011867,UNNAMED,1867,06,23,06,00,34.5,-79.2,40,0
AL011867,UNNAMED,1867,06,23,12,00,35,-79,40,0
AL011867,UNNAMED,1867,06,23,18,00,35.5,-78.8,40,0
