AL011923	UNNAMED	1923	06	22	12	00	20	-95	25	0
AL011923	UNNAMED	1923	06	22	18	00	20	-94.8	25	0
AL011923	UNNAMED	1923	06	23	00	00	20	-94.5	25	0
AL011923	UNNAMED	1923	06	23	06	00	20.1	-94.3	25	0
AL011923	UNNAMED	1923	06	23	12	00	20.2	-94	25	0
AL011923	UNNAMED	1923	06	23	18	00	20.3	-93.7	25	0
AL011923	UNNAMED	1923	06	24	00	00	20.5	-93.4	25	0
AL011923	UNNAMED	1923	06	24	06	00	20.7	-93.2	25	0
AL011923	UNNAMED	1923	06	24	12	00	21	-93	25	0
AL011923	UNNAMED	1923	06	24	18	00	21.5	-92.9	25	0
AL011923	UNNAMED	1923	06	25	00	00	22.2	-92.9	25	0
AL011923	UNNAMED	1923	06	25	06	00	23	-92.8	30	0
AL011923	UNNAMED	1923	06	25	12	00	24	-92.5	30	0
AL011923	UNNAMED	1923	06	25	18	00	25.5	-91.9	35	0
AL011923	UNNAMED	1923	06	26	00	00	27.5	-91	40	0
AL011923	UNNAMED	1923	06	26	05	00	29.1	-90.1	40	0
AL011923	UNNAMED	1923	06	26	06	00	29.5	-89.8	40	0
AL011923	UNNAMED	1923	06	26	12	00	31	-88	35	0
AL011923	UNNAMED	1923	06	26	18	00	31.7	-86	30	0
AL011923	UNNAMED	1923	06	27	00	00	31.9	-84	30	0
AL011923	UNNAMED	1923	06	27	06	00	32	-82	30	0
AL011923	UNNAMED	1923	06	27	12	00	32	-80	40	0
AL011923	UNNAMED	1923	06	27	18	00	32	-78.2	40	0
AL011923	UNNAMED	1923	06	28	00	00	32	-76.5	45	0
AL011923	UNNAMED	1923	06	28	06	00	32.2	-75	50	0
AL011923	UNNAMED	1923	06	28	12	00	32.5	-73.5	50	0
AL011923	UNNAMED	1923	06	28	18	00	33	-72	45	0
AL011923	UNNAMED	1923	06	29	00	00	34	-70.5	40	0
