AL011912	UNNAMED	1912	06	07	12	00	28	-88	35	0
AL011912	UNNAMED	1912	06	07	18	00	27.7	-87.7	35	0
AL011912	UNNAMED	1912	06	08	00	00	27.4	-87.4	40	0
AL011912	UNNAMED	1912	06	08	06	00	27.2	-87.1	45	0
AL011912	UNNAMED	1912	06	08	12	00	27	-87	50	0
AL011912	UNNAMED	1912	06	08	18	00	26.8	-87.3	50	0
AL011912	UNNAMED	1912	06	09	00	00	26.7	-87.8	50	0
AL011912	UNNAMED	1912	06	09	06	00	26.6	-88.4	55	0
AL011912	UNNAMED	1912	06	09	12	00	26.5	-89	60	0
AL011912	UNNAMED	1912	06	09	18	00	26.4	-89.5	60	0
AL011912	UNNAMED	1912	06	10	00	00	26.2	-90	60	0
AL011912	UNNAMED	1912	06	10	06	00	26.1	-90.5	60	0
AL011912	UNNAMED	1912	06	10	12	00	26	-91	60	0
AL011912	UNNAMED	1912	06	10	18	00	26.1	-91.2	60	0
AL011912	UNNAMED	1912	06	11	00	00	26.2	-91.3	60	0
AL011912	UNNAMED	1912	06	11	06	00	26.3	-91.4	60	0
AL011912	UNNAMED	1912	06	11	12	00	26.5	-91.5	60	0
AL011912	UNNAMED	1912	06	11	18	00	26.8	-91.7	60	0
AL011912	UNNAMED	1912	06	12	00	00	27.2	-92	60	0
AL011912	UNNAMED	1912	06	12	06	00	27.6	-92.3	60	0
AL011912	UNNAMED	1912	06	12	12	00	28	-92.5	60	0
AL011912	UNNAMED	1912	06	12	18	00	28.5	-92.4	60	0
AL011912	UNNAMED	1912	06	13	00	00	29.1	-92	60	0
AL011912	UNNAMED	1912	06	13	05	00	29.6	-91.6	60	0
AL011912	UNNAMED	1912	06	13	06	00	29.8	-91.5	55	0
AL011912	UNNAMED	1912	06	13	12	00	30.5	-90.8	50	0
AL011912	UNNAMED	1912	06	13	18	00	31.5	-89.5	45	0
AL011912	UNNAMED	1912	06	14	00	00	32.5	-87.5	40	0
AL011912	UNNAMED	1912	06	14	06	00	33.5	-84.5	35	0
AL011912	UNNAMED	1912	06	14	12	00	34.5	-81	35	0
AL011912	UNNAMED	1912	06	14	18	00	35	-78.5	35	0
AL011912	UNNAMED	1912	06	15	00	00	35.3	-77	35	0
AL011912	UNNAMED	1912	06	15	06	00	35.4	-75.6	40	0
AL011912	UNNAMED	1912	06	15	12	00	35.5	-74.5	40	0
AL011912	UNNAMED	1912	06	15	18	00	35.5	-73	40	0
AL011912	UNNAMED	1912	06	16	00	00	35.5	-71	35	0
AL011912	UNNAMED	1912	06	16	06	00	35.5	-69.4	35	0
AL011912	UNNAMED	1912	06	16	12	00	35.5	-68	30	0
AL011912	UNNAMED	1912	06	16	18	00	35.3	-67	30	0
AL011912	UNNAMED	1912	06	17	00	00	35.1	-66.1	30	0
AL011912	UNNAMED	1912	06	17	06	00	34.8	-65.3	30	0
AL011912	UNNAMED	1912	06	17	12	00	34.5	-64.5	30	0
