AL011852	UNNAMED	1852	08	19	00	00	20.5	-67.1	60	0
AL011852	UNNAMED	1852	08	19	06	00	20.7	-68	60	0
AL011852	UNNAMED	1852	08	19	12	00	20.9	-68.8	60	0
AL011852	UNNAMED	1852	08	19	18	00	21.1	-69.6	60	0
AL011852	UNNAMED	1852	08	20	00	00	21.2	-70.6	70	1
AL011852	UNNAMED	1852	08	20	06	00	21.5	-71.9	70	1
AL011852	UNNAMED	1852	08	20	12	00	21.7	-73	70	1
AL011852	UNNAMED	1852	08	20	18	00	21.9	-74	70	1
AL011852	UNNAMED	1852	08	21	00	00	22.1	-74.9	80	1
AL011852	UNNAMED	1852	08	21	06	00	22.2	-76.1	80	1
AL011852	UNNAMED	1852	08	21	12	00	22.6	-77.1	80	1
AL011852	UNNAMED	1852	08	21	18	00	22.9	-78.1	80	1
AL011852	UNNAMED	1852	08	22	00	00	23.2	-79.3	90	2
AL011852	UNNAMED	1852	08	22	06	00	23.5	-80.1	90	2
AL011852	UNNAMED	1852	08	22	12	00	23.8	-81.1	90	2
AL011852	UNNAMED	1852	08	22	18	00	24.2	-82.1	90	2
AL011852	UNNAMED	1852	08	23	00	00	24.7	-83.1	90	2
AL011852	UNNAMED	1852	08	23	06	00	25.2	-83.9	90	2
AL011852	UNNAMED	1852	08	23	12	00	25.7	-84.6	90	2
AL011852	UNNAMED	1852	08	23	18	00	26.2	-85.3	90	2
AL011852	UNNAMED	1852	08	24	00	00	26.7	-86	100	3
AL011852	UNNAMED	1852	08	24	06	00	27.2	-86.6	100	3
AL011852	UNNAMED	1852	08	24	12	00	27.7	-87.1	100	3
AL011852	UNNAMED	1852	08	24	18	00	28.2	-87.5	100	3
AL011852	UNNAMED	1852	08	25	00	00	28.6	-87.8	100	3
AL011852	UNNAMED	1852	08	25	06	00	28.8	-88	100	3
AL011852	UNNAMED	1852	08	25	12	00	29.1	-88.2	100	3
AL011852	UNNAMED	1852	08	25	18	00	29.4	-88.4	100	3
AL011852	UNNAMED	1852	08	26	00	00	29.8	-88.6	100	3
AL011852	UNNAMED	1852	08	26	06	00	30.2	-88.6	100	3
AL011852	UNNAMED	1852	08	26	12	00	30.6	-88.5	90	2
AL011852	UNNAMED	1852	08	26	18	00	31.2	-88.1	70	1
AL011852	UNNAMED	1852	08	27	00	00	31.8	-87.4	50	0
AL011852	UNNAMED	1852	08	27	06	00	32.3	-86.3	40	0
AL011852	UNNAMED	1852	08	27	12	00	32.8	-84.8	40	0
AL011852	UNNAMED	1852	08	27	18	00	33.2	-82.8	40	0
AL011852	UNNAMED	1852	08	28	00	00	33.5	-80.5	40	0
AL011852	UNNAMED	1852	08	28	06	00	33.8	-78.2	40	0
AL011852	UNNAMED	1852	08	28	12	00	34	-76	40	0
AL011852	UNNAMED	1852	08	28	18	00	34.4	-74.2	40	0
AL011852	UNNAMED	1852	08	29	00	00	35.2	-72.8	50	0
AL011852	UNNAMED	1852	08	29	06	00	36.4	-71.8	50	0
AL011852	UNNAMED	1852	08	29	12	00	38	-70.8	50	0
AL011852	UNNAMED	1852	08	29	18	00	39.6	-69.6	50	0
AL011852	UNNAMED	1852	08	30	00	00	41	-68	50	0
