id,name,year,month,day,hour,minute,lat,lon,max_sustained_wind_kts,sshws
AL011888,UNNAMED,1888,06,16,00,00,27.5,-93.2,35,0
AL011888,UNNAMED,1888,06,16,06,00,27.7,-93.7,45,0
AL011888,UNNAMED,1888,06,16,12,00,28,-94.3,55,0
AL011888,UNNAMED,1888,06,16,18,00,28.2,-94.8,65,1
AL011888,UNNAMED,1888,06,17,00,00,28.4,-95.3,70,1
AL011888,UNNAMED,1888,06,17,06,00,28.7,-95.7,70,1
AL011888,UNNAMED,1888,06,17,12,00,29,-96,50,0
AL011888,UNNAMED,1888,06,17,18,00,29.4,-96.3,40,0
AL011888,UNNAMED,1888,06,18,00,00,29.9,-96.5,35,0
AL011888,UNNAMED,1888,06,18,06,00,30.4,-96.7,30,0
AL011888,UNNAMED,1888,06,18,12,00,31,-96.8,30,0
AL011888,UNNAMED,1888,06,18,18,00,31.3,-96.6,25,0
