id,name,year,month,day,hour,minute,lat,lon,max_sustained_wind_kts,sshws
AL011920,UNNAMED,1920,09,07,00,00,11.1,-36.6,35,0
AL011920,UNNAMED,1920,09,07,06,00,11.5,-37.8,35,0
AL011920,UNNAMED,1920,09,07,12,00,12,-39,35,0
AL011920,UNNAMED,1920,09,07,18,00,12.7,-40.1,35,0
AL011920,UNNAMED,1920,09,08,00,00,13.4,-41.1,35,0
AL011920,UNNAMED,1920,09,08,06,00,14.1,-42.1,40,0
AL011920,UNNAMED,1920,09,08,12,00,14.8,-43,40,0
AL011920,UNNAMED,1920,09,08,18,00,15.4,-44,45,0
AL011920,UNNAMED,1920,09,09,00,00,16.1,-45,50,0
AL011920,UNNAMED,1920,09,09,06,00,16.8,-46,55,0
AL011920,UNNAMED,1920,09,09,12,00,17.5,-47,60,0
AL011920,UNNAMED,1920,09,09,18,00,18.3,-48,65,1
AL011920,UNNAMED,1920,09,10,00,00,19.2,-49,70,1
AL011920,UNNAMED,1920,09,10,06,00,20.1,-50,75,1
AL011920,UNNAMED,1920,09,10,12,00,21,-50.8,75,1
AL011920,UNNAMED,1920,09,10,18,00,21.9,-51.5,80,1
AL011920,UNNAMED,1920,09,11,00,00,22.8,-51.8,80,1
AL011920,UNNAMED,1920,09,11,06,00,23.7,-51.9,85,2
AL011920,UNNAMED,1920,09,11,12,00,24.6,-52,85,2
AL011920,UNNAMED,1920,09,11,18,00,25.6,-52.1,85,2
AL011920,UNNAMED,1920,09,12,00,00,26.7,-52.2,90,2
AL011920,UNNAMED,1920,09,12,06,00,27.8,-52.3,95,2
AL011920,UNNAMED,1920,09,12,12,00,29,-52.2,95,2
AL011920,UNNAMED,1920,09,12,18,00,30.2,-51.9,95,2
AL011920,UNNAMED,1920,09,13,00,00,31.3,-51.4,90,2
AL011920,UNNAMED,1920,09,13,06,00,32.4,-50.8,90,2
AL011920,UNNAMED,1920,09,13,12,00,33.5,-50,85,2
AL011920,UNNAMED,1920,09,13,18,00,34.6,-49.1,85,2
AL011920,UNNAMED,1920,09,14,00,00,35.8,-48.1,80,1
AL011920,UNNAMED,1920,09,14,06,00,36.9,-47,80,1
AL011920,UNNAMED,1920,09,14,12,00,38,-45.5,75,1
AL011920,UNNAMED,1920,09,14,18,00,39,-43.5,70,1
AL011920,UNNAMED,1920,09,15,00,00,39.9,-41,60,0
AL011920,UNNAMED,1920,09,15,06,00,40.7,-38.2,50,0
AL011920,UNNAMED,1920,09,15,12,00,41.4,-35,45,0
AL011920,UNNAMED,1920,09,15,18,00,41.8,-31.9,40,0
AL011920,UNNAMED,1920,09,16,00,00,42,-28.5,35,0
AL011920,UNNAMED,1920,09,16,06,00,42.1,-24.9,30,0
