AL011919	UNNAMED	1919	07	02	06	00	24.6	-84.3	25	0
AL011919	UNNAMED	1919	07	02	12	00	25	-84.7	30	0
AL011919	UNNAMED	1919	07	02	18	00	25.4	-85.1	35	0
AL011919	UNNAMED	1919	07	03	00	00	26	-85.5	40	0
AL011919	UNNAMED	1919	07	03	06	00	26.7	-85.9	45	0
AL011919	UNNAMED	1919	07	03	12	00	27.5	-86.3	50	0
AL011919	UNNAMED	1919	07	03	18	00	28.3	-86.6	55	0
AL011919	UNNAMED	1919	07	04	00	00	29.1	-86.8	55	0
AL011919	UNNAMED	1919	07	04	06	00	29.9	-86.9	55	0
AL011919	UNNAMED	1919	07	04	11	00	30.4	-87	55	0
AL011919	UNNAMED	1919	07	04	12	00	30.6	-87.1	45	0
AL011919	UNNAMED	1919	07	04	18	00	31.2	-87.3	35	0
AL011919	UNNAMED	1919	07	05	00	00	31.7	-87.6	30	0
AL011919	UNNAMED	1919	07	05	06	00	32.2	-87.9	25	0
AL011919	UNNAMED	1919	07	05	12	00	32.7	-88.2	20	0
AL011919	UNNAMED	1919	07	05	18	00	33.2	-88.5	20	0
