AL011879	UNNAMED	1879	08	09	00	00	31.5	-77	40	0
AL011879	UNNAMED	1879	08	09	06	00	32.3	-75.9	40	0
AL011879	UNNAMED	1879	08	09	12	00	33	-75	40	0
AL011879	UNNAMED	1879	08	09	18	00	33.9	-73.9	40	0
AL011879	UNNAMED	1879	08	10	00	00	34.8	-72.8	50	0
AL011879	UNNAMED	1879	08	10	06	00	36	-71.3	50	0
AL011879	UNNAMED	1879	08	10	12	00	37	-70	60	0
AL011879	UNNAMED	1879	08	10	18	00	37.9	-68.8	60	0
AL011879	UNNAMED	1879	08	11	00	00	39	-67.5	70	1
AL011879	UNNAMED	1879	08	11	06	00	39.9	-66.1	70	1
AL011879	UNNAMED	1879	08	11	12	00	40.7	-65	70	1
AL011879	UNNAMED	1879	08	11	18	00	41.7	-63	70	1
AL011879	UNNAMED	1879	08	12	00	00	42.5	-61	70	1
AL011879	UNNAMED	1879	08	12	06	00	43.2	-59	70	1
AL011879	UNNAMED	1879	08	12	12	00	43.7	-57	60	0
AL011879	UNNAMED	1879	08	12	18	00	44	-55	60	0
