AL011886	UNNAMED	1886	06	13	06	00	23.2	-95.7	35	0
AL011886	UNNAMED	1886	06	13	12	00	24.7	-95.9	40	0
AL011886	UNNAMED	1886	06	13	18	00	26	-96	45	0
AL011886	UNNAMED	1886	06	14	00	00	26.9	-95.8	55	0
AL011886	UNNAMED	1886	06	14	06	00	27.9	-95.3	65	1
AL011886	UNNAMED	1886	06	14	12	00	28.9	-94.7	75	1
AL011886	UNNAMED	1886	06	14	16	00	29.6	-94.2	85	2
AL011886	UNNAMED	1886	06	14	18	00	29.9	-94	85	2
AL011886	UNNAMED	1886	06	15	00	00	30.6	-93	60	0
AL011886	UNNAMED	1886	06	15	06	00	31	-91.8	45	0
AL011886	UNNAMED	1886	06	15	12	00	31.2	-90.4	35	0
AL011886	UNNAMED	1886	06	15	18	00	31.2	-89	30	0
