id,name,year,month,day,hour,minute,lat,lon,max_sustained_wind_kts,sshws
AL011905,UNNAMED,1905,09,06,12,00,11.6,-58.5,50,0
AL011905,UNNAMED,1905,09,06,18,00,12,-59.8,50,0
AL011905,UNNAMED,1905,09,07,00,00,12.5,-61.1,50,0
AL011905,UNNAMED,1905,09,07,06,00,13,-62.8,50,0
AL011905,UNNAMED,1905,09,07,12,00,13.5,-64.3,40,0
AL011905,UNNAMED,1905,09,07,18,00,13.9,-65.8,35,0
AL011905,UNNAMED,1905,09,08,00,00,14.4,-67.3,30,0
AL011905,UNNAMED,1905,09,08,06,00,14.9,-68.9,30,0
AL011905,UNNAMED,1905,09,08,12,00,15.3,-70.3,30,0
AL011905,UNNAMED,1905,09,08,18,00,15.9,-72.1,25,0
