id,name,year,month,day,hour,minute,lat,lon,max_sustained_wind_kts,sshws
AL011878,UNNAMED,1878,07,01,00,00,25.4,-87.3,40,0
AL011878,UNNAMED,1878,07,01,06,00,25.4,-86.6,40,0
AL011878,UNNAMED,1878,07,01,12,00,25.5,-86,40,0
AL011878,UNNAMED,1878,07,01,18,00,25.6,-85,40,0
AL011878,UNNAMED,1878,07,02,00,00,25.7,-84.3,40,0
AL011878,UNNAMED,1878,07,02,06,00,25.8,-83.5,40,0
AL011878,UNNAMED,1878,07,02,12,00,25.9,-82.4,40,0
AL011878,UNNAMED,1878,07,02,15,00,26,-81.8,40,0
AL011878,UNNAMED,1878,07,02,18,00,26.3,-81,30,0
AL011878,UNNAMED,1878,07,03,00,00,27.3,-79.6,40,0
AL011878,UNNAMED,1878,07,03,06,00,28,-78.3,40,0
AL011878,UNNAMED,1878,07,03,12,00,28.7,-77,40,0
AL011878,UNNAMED,1878,07,03,18,00,29.4,-75.6,40,0
