AL011971	ARLENE	1971	07	04	12	00	33.5	-75.5	25	0
AL011971	ARLENE	1971	07	04	18	00	34	-75.2	25	0
AL011971	ARLENE	1971	07	05	00	00	34.5	-74.8	25	0
AL011971	ARLENE	1971	07	05	06	00	35.2	-74.3	30	0
AL011971	ARLENE	1971	07	05	12	00	35.9	-73.7	30	0
AL011971	ARLENE	1971	07	05	18	00	36.7	-72.9	45	0
AL011971	ARLENE	1971	07	06	00	00	37.6	-71.8	45	0
AL011971	ARLENE	1971	07	06	06	00	38.5	-70.1	45	0
AL011971	ARLENE	1971	07	06	12	00	39.6	-68.3	50	0
AL011971	ARLENE	1971	07	06	18	00	40.7	-65.9	55	0
AL011971	ARLENE	1971	07	07	00	00	41.8	-63	50	0
AL011971	ARLENE	1971	07	07	06	00	43.1	-59.5	45	0
AL011971	ARLENE	1971	07	07	12	00	44.7	-56.3	45	0
AL011971	ARLENE	1971	07	07	18	00	46.5	-53	45	0
AL011971	ARLENE	1971	07	08	00	00	47.6	-49.6	35	0
