id,name,year,month,day,hour,minute,lat,lon,max_sustained_wind_kts,sshws
AL011881,UNNAMED,1881,08,01,00,00,23,-85.5,40,0
AL011881,UNNAMED,1881,08,01,06,00,23.5,-85.8,40,0
AL011881,UNNAMED,1881,08,01,12,00,24,-86,40,0
AL011881,UNNAMED,1881,08,01,18,00,24.6,-86.3,40,0
AL011881,UNNAMED,1881,08,02,00,00,25.2,-86.6,40,0
AL011881,UNNAMED,1881,08,02,06,00,26.1,-86.8,40,0
AL011881,UNNAMED,1881,08,02,12,00,27,-87,40,0
AL011881,UNNAMED,1881,08,02,18,00,27.7,-87.4,40,0
AL011881,UNNAMED,1881,08,03,00,00,28.5,-87.8,50,0
AL011881,UNNAMED,1881,08,03,06,00,29.3,-88.1,50,0
AL011881,UNNAMED,1881,08,03,12,00,30.1,-88.3,50,0
AL011881,UNNAMED,1881,08,03,13,00,30.2,-88.3,50,0
AL011881,UNNAMED,1881,08,03,18,00,30.9,-88.4,40,0
AL011881,UNNAMED,1881,08,04,00,00,31.5,-88.6,30,0
AL011881,UNNAMED,1881,08,04,06,00,32,-88.8,30,0
