AL011907	UNNAMED	1907	06	24	12	00	16	-78	35	0
AL011907	UNNAMED	1907	06	24	18	00	16.1	-78.8	35	0
AL011907	UNNAMED	1907	06	25	00	00	16.4	-79.7	35	0
AL011907	UNNAMED	1907	06	25	06	00	16.7	-80.6	35	0
AL011907	UNNAMED	1907	06	25	12	00	17	-81.5	35	0
AL011907	UNNAMED	1907	06	25	18	00	17.7	-82.4	35	0
AL011907	UNNAMED	1907	06	26	00	00	18.6	-83.4	35	0
AL011907	UNNAMED	1907	06	26	06	00	19.6	-84.3	35	0
AL011907	UNNAMED	1907	06	26	12	00	20.6	-85.3	40	0
AL011907	UNNAMED	1907	06	26	18	00	21.8	-86.2	40	0
AL011907	UNNAMED	1907	06	27	00	00	22.9	-87.1	45	0
AL011907	UNNAMED	1907	06	27	06	00	24	-88	45	0
AL011907	UNNAMED	1907	06	27	12	00	25.2	-88.9	45	0
AL011907	UNNAMED	1907	06	27	18	00	26.2	-89.4	45	0
AL011907	UNNAMED	1907	06	28	00	00	27	-89.6	45	0
AL011907	UNNAMED	1907	06	28	06	00	27.6	-89.4	45	0
AL011907	UNNAMED	1907	06	28	12	00	28.3	-89	50	0
AL011907	UNNAMED	1907	06	28	18	00	29.3	-87.8	50	0
AL011907	UNNAMED	1907	06	28	23	00	30.3	-85.9	50	0
AL011907	UNNAMED	1907	06	29	00	00	30.3	-85.8	50	0
AL011907	UNNAMED	1907	06	29	06	00	30.8	-83.5	45	0
AL011907	UNNAMED	1907	06	29	12	00	31.8	-80.8	55	0
AL011907	UNNAMED	1907	06	29	18	00	34	-78	50	0
AL011907	UNNAMED	1907	06	30	00	00	36.5	-76	45	0
AL011907	UNNAMED	1907	06	30	06	00	39.2	-73.3	40	0
AL011907	UNNAMED	1907	06	30	12	00	42	-70.5	35	0
AL011907	UNNAMED	1907	06	30	18	00	45	-67.5	30	0
