id,name,year,month,day,hour,minute,lat,lon,max_sustained_wind_kts,sshws
AL011980,UNNAMED,1980,07,17,00,00,30.5,-76.5,20,0
AL011980,UNNAMED,1980,07,17,06,00,30.2,-77.2,25,0
AL011980,UNNAMED,1980,07,17,12,00,30,-78,25,0
AL011980,UNNAMED,1980,07,17,18,00,29.9,-79.3,25,0
AL011980,UNNAMED,1980,07,18,00,00,29.8,-80.2,25,0
AL011980,UNNAMED,1980,07,18,06,00,29.5,-81.1,25,0
AL011980,UNNAMED,1980,07,18,12,00,29.5,-82,20,0
AL011980,UNNAMED,1980,07,18,18,00,29.4,-83,20,0
AL011980,UNNAMED,1980,07,19,00,00,29.4,-84,20,0
AL011980,UNNAMED,1980,07,19,06,00,29.5,-84.7,20,0
AL011980,UNNAMED,1980,07,19,12,00,29.6,-85.8,25,0
AL011980,UNNAMED,1980,07,19,18,00,29.7,-86.4,25,0
AL011980,UNNAMED,1980,07,20,00,00,29.8,-87,25,0
AL011980,UNNAMED,1980,07,20,06,00,29.9,-87.8,25,0
AL011980,UNNAMED,1980,07,20,12,00,30,-88.5,25,0
AL011980,UNNAMED,1980,07,20,18,00,30.4,-89.2,20,0
AL011980,UNNAMED,1980,07,21,00,00,30.8,-90,-99,0
