id,name,year,month,day,hour,minute,lat,lon,max_sustained_wind_kts,sshws
AL011864,UNNAMED,1864,07,16,00,00,30.8,-76,70,1
AL011864,UNNAMED,1864,07,16,06,00,31.8,-75.1,70,1
AL011864,UNNAMED,1864,07,16,12,00,33,-74,70,1
AL011864,UNNAMED,1864,07,16,18,00,34.5,-72.4,70,1
AL011864,UNNAMED,1864,07,17,00,00,36,-69.8,70,1
AL011864,UNNAMED,1864,07,17,06,00,37.3,-67,70,1
AL011864,UNNAMED,1864,07,17,12,00,38.5,-64.5,70,1
AL011864,UNNAMED,1864,07,17,18,00,39.7,-61.5,70,1
AL011864,UNNAMED,1864,07,18,00,00,41,-58,60,0
AL011864,UNNAMED,1864,07,18,06,00,42.4,-54,60,0
AL011864,UNNAMED,1864,07,18,12,00,44,-49.5,60,0
AL011864,UNNAMED,1864,07,18,18,00,46,-44,60,0
