AL011927	UNNAMED	1927	08	18	12	00	14	-40	35	0
AL011927	UNNAMED	1927	08	18	18	00	14.5	-41.5	40	0
AL011927	UNNAMED	1927	08	19	00	00	15	-43	45	0
AL011927	UNNAMED	1927	08	19	06	00	15.5	-44.5	50	0
AL011927	UNNAMED	1927	08	19	12	00	16	-46	60	0
AL011927	UNNAMED	1927	08	19	18	00	16.6	-47.5	65	1
AL011927	UNNAMED	1927	08	20	00	00	17.3	-49	70	1
AL011927	UNNAMED	1927	08	20	06	00	18.2	-50.5	75	1
AL011927	UNNAMED	1927	08	20	12	00	19	-52	80	1
AL011927	UNNAMED	1927	08	20	18	00	19.6	-53.6	85	2
AL011927	UNNAMED	1927	08	21	00	00	20	-55.3	90	2
AL011927	UNNAMED	1927	08	21	06	00	20.3	-57.1	100	3
AL011927	UNNAMED	1927	08	21	12	00	20.7	-59	105	3
AL011927	UNNAMED	1927	08	21	18	00	21.4	-61.1	110	3
AL011927	UNNAMED	1927	08	22	00	00	22.3	-63.3	110	3
AL011927	UNNAMED	1927	08	22	06	00	23.3	-65.7	110	3
AL011927	UNNAMED	1927	08	22	12	00	24.5	-67.7	110	3
AL011927	UNNAMED	1927	08	22	18	00	25.9	-69.5	110	3
AL011927	UNNAMED	1927	08	23	00	00	27.5	-71	110	3
AL011927	UNNAMED	1927	08	23	06	00	29.1	-72.3	110	3
AL011927	UNNAMED	1927	08	23	12	00	30.8	-73	110	3
AL011927	UNNAMED	1927	08	23	18	00	32.5	-73.2	110	3
AL011927	UNNAMED	1927	08	24	00	00	34.2	-72.9	105	3
AL011927	UNNAMED	1927	08	24	06	00	36	-72.3	100	3
AL011927	UNNAMED	1927	08	24	12	00	38	-71.5	95	2
AL011927	UNNAMED	1927	08	24	18	00	40.8	-69	90	2
AL011927	UNNAMED	1927	08	25	00	00	44.5	-65	85	2
AL011927	UNNAMED	1927	08	25	06	00	48.5	-60.3	85	2
AL011927	UNNAMED	1927	08	25	12	00	51.8	-54.8	80	1
AL011927	UNNAMED	1927	08	25	18	00	54.4	-49	80	1
AL011927	UNNAMED	1927	08	26	00	00	56.8	-43.5	80	1
AL011927	UNNAMED	1927	08	26	06	00	58.6	-38	75	1
AL011927	UNNAMED	1927	08	26	12	00	61	-32.3	70	1
AL011927	UNNAMED	1927	08	26	18	00	62.5	-25	70	1
AL011927	UNNAMED	1927	08	27	00	00	64	-17.5	65	1
AL011927	UNNAMED	1927	08	27	06	00	65.3	-12	65	1
AL011927	UNNAMED	1927	08	27	12	00	66.5	-10	60	0
AL011927	UNNAMED	1927	08	27	18	00	67.7	-10.5	60	0
AL011927	UNNAMED	1927	08	28	00	00	68.9	-11	55	0
AL011927	UNNAMED	1927	08	28	06	00	70	-12	50	0
AL011927	UNNAMED	1927	08	28	12	00	71	-13	45	0
AL011927	UNNAMED	1927	08	28	18	00	71.5	-13.5	40	0
AL011927	UNNAMED	1927	08	29	00	00	71.8	-13	35	0
AL011927	UNNAMED	1927	08	29	06	00	71.9	-11.8	35	0
AL011927	UNNAMED	1927	08	29	12	00	72	-10	30	0
