id,name,year,month,day,hour,minute,lat,lon,max_sustained_wind_kts,sshws
AL011902,UNNAMED,1902,06,12,12,00,17.7,-84,30,0
AL011902,UNNAMED,1902,06,12,18,00,19.1,-83.6,30,0
AL011902,UNNAMED,1902,06,13,00,00,20.7,-83.3,35,0
AL011902,UNNAMED,1902,06,13,06,00,22.2,-83.1,40,0
AL011902,UNNAMED,1902,06,13,12,00,23.8,-83,45,0
AL011902,UNNAMED,1902,06,13,18,00,24.9,-83.2,50,0
AL011902,UNNAMED,1902,06,14,00,00,25.9,-83.5,50,0
AL011902,UNNAMED,1902,06,14,06,00,26.9,-83.8,50,0
AL011902,UNNAMED,1902,06,14,12,00,28,-84,50,0
AL011902,UNNAMED,1902,06,14,18,00,29,-83.9,50,0
AL011902,UNNAMED,1902,06,14,23,00,29.8,-83.7,50,0
AL011902,UNNAMED,1902,06,15,00,00,30,-83.6,45,0
AL011902,UNNAMED,1902,06,15,06,00,31,-83.2,40,0
AL011902,UNNAMED,1902,06,15,12,00,32,-82.5,35,0
AL011902,UNNAMED,1902,06,15,18,00,33,-81.7,35,0
AL011902,UNNAMED,1902,06,16,00,00,34,-80.7,35,0
AL011902,UNNAMED,1902,06,16,06,00,35.2,-79.5,35,0
AL011902,UNNAMED,1902,06,16,12,00,36.7,-78,40,0
AL011902,UNNAMED,1902,06,16,18,00,38.6,-74.9,40,0
AL011902,UNNAMED,1902,06,17,00,00,41.9,-71.5,35,0
AL011902,UNNAMED,1902,06,17,06,00,45,-68.2,35,0
AL011902,UNNAMED,1902,06,17,12,00,47.5,-66,30,0
AL011902,UNNAMED,1902,06,17,18,00,49.4,-64,30,0
