AL011941	UNNAMED	1941	09	11	00	00	27.1	-86.7	25	0
AL011941	UNNAMED	1941	09	11	06	00	27.4	-87.2	30	0
AL011941	UNNAMED	1941	09	11	12	00	27.7	-87.7	35	0
AL011941	UNNAMED	1941	09	11	18	00	28	-88.1	35	0
AL011941	UNNAMED	1941	09	12	00	00	28.3	-88.5	40	0
AL011941	UNNAMED	1941	09	12	06	00	28.3	-88.8	40	0
AL011941	UNNAMED	1941	09	12	12	00	28.1	-89.1	45	0
AL011941	UNNAMED	1941	09	12	18	00	28	-89.3	50	0
AL011941	UNNAMED	1941	09	13	00	00	27.9	-89.6	50	0
AL011941	UNNAMED	1941	09	13	06	00	28	-89.9	45	0
AL011941	UNNAMED	1941	09	13	12	00	28.1	-90.2	45	0
AL011941	UNNAMED	1941	09	13	18	00	28.3	-90.8	40	0
AL011941	UNNAMED	1941	09	14	00	00	28.5	-91.6	40	0
AL011941	UNNAMED	1941	09	14	06	00	28.7	-92.5	40	0
AL011941	UNNAMED	1941	09	14	12	00	29.1	-93.2	35	0
AL011941	UNNAMED	1941	09	14	18	00	29.4	-93.6	30	0
AL011941	UNNAMED	1941	09	15	00	00	29.6	-94	30	0
AL011941	UNNAMED	1941	09	15	06	00	29.7	-94.3	30	0
AL011941	UNNAMED	1941	09	15	12	00	29.8	-94.5	25	0
AL011941	UNNAMED	1941	09	15	18	00	29.9	-94.9	25	0
AL011941	UNNAMED	1941	09	16	00	00	29.8	-95.6	25	0
AL011941	UNNAMED	1941	09	16	06	00	29.8	-96.3	20	0
