AL011909	UNNAMED	1909	06	15	00	00	10.6	-82.5	30	0
AL011909	UNNAMED	1909	06	15	06	00	10.8	-82.5	30	0
AL011909	UNNAMED	1909	06	15	12	00	11	-82.5	35	0
AL011909	UNNAMED	1909	06	15	18	00	11.2	-82.5	35	0
AL011909	UNNAMED	1909	06	16	00	00	11.5	-82.5	40	0
AL011909	UNNAMED	1909	06	16	06	00	11.7	-82.5	40	0
AL011909	UNNAMED	1909	06	16	12	00	12	-82.5	40	0
AL011909	UNNAMED	1909	06	16	18	00	12.2	-82.5	40	0
AL011909	UNNAMED	1909	06	17	00	00	12.4	-82.5	40	0
AL011909	UNNAMED	1909	06	17	06	00	12.6	-82.5	40	0
AL011909	UNNAMED	1909	06	17	12	00	12.8	-82.5	40	0
AL011909	UNNAMED	1909	06	17	18	00	13	-82.5	40	0
AL011909	UNNAMED	1909	06	18	00	00	13.2	-82.6	40	0
AL011909	UNNAMED	1909	06	18	06	00	13.4	-82.7	40	0
AL011909	UNNAMED	1909	06	18	12	00	13.5	-82.8	40	0
AL011909	UNNAMED	1909	06	18	18	00	13.7	-83	40	0
AL011909	UNNAMED	1909	06	19	00	00	13.8	-83.3	40	0
AL011909	UNNAMED	1909	06	19	06	00	13.9	-83.6	35	0
AL011909	UNNAMED	1909	06	19	12	00	14	-84	30	0
AL011909	UNNAMED	1909	06	19	18	00	14	-84.5	25	0
