AL011908	UNNAMED	1908	03	06	12	00	23.8	-60.2	50	0
AL011908	UNNAMED	1908	03	06	18	00	22.7	-60.7	55	0
AL011908	UNNAMED	1908	03	07	00	00	21.6	-61.1	65	1
AL011908	UNNAMED	1908	03	07	06	00	20.6	-61.5	70	1
AL011908	UNNAMED	1908	03	07	12	00	19.7	-61.9	80	1
AL011908	UNNAMED	1908	03	07	18	00	18.8	-62.2	85	2
AL011908	UNNAMED	1908	03	08	00	00	18	-62.5	85	2
AL011908	UNNAMED	1908	03	08	06	00	17.3	-62.8	70	1
AL011908	UNNAMED	1908	03	08	12	00	16.6	-63.1	65	1
AL011908	UNNAMED	1908	03	08	18	00	16	-63.4	65	1
AL011908	UNNAMED	1908	03	09	00	00	15.4	-63.7	65	1
AL011908	UNNAMED	1908	03	09	06	00	14.9	-64	50	0
AL011908	UNNAMED	1908	03	09	12	00	14.4	-64.2	40	0
AL011908	UNNAMED	1908	03	09	18	00	13.8	-64.6	35	0
