id,name,year,month,day,hour,minute,lat,lon,max_sustained_wind_kts,sshws
AL011935,UNNAMED,1935,05,15,00,00,17,-68.5,30,0
AL011935,UNNAMED,1935,05,15,06,00,17.5,-69,30,0
AL011935,UNNAMED,1935,05,15,12,00,18.2,-69.5,30,0
AL011935,UNNAMED,1935,05,15,18,00,19.2,-69.9,30,0
AL011935,UNNAMED,1935,05,16,00,00,20.3,-70.2,30,0
AL011935,UNNAMED,1935,05,16,06,00,21.5,-70.4,30,0
AL011935,UNNAMED,1935,05,16,12,00,22.5,-70.5,35,0
AL011935,UNNAMED,1935,05,16,18,00,23.2,-70.2,35,0
AL011935,UNNAMED,1935,05,17,00,00,23.8,-69.5,40,0
AL011935,UNNAMED,1935,05,17,06,00,24.4,-68.5,40,0
AL011935,UNNAMED,1935,05,17,12,00,25,-67.3,45,0
AL011935,UNNAMED,1935,05,17,18,00,25.6,-65.8,50,0
AL011935,UNNAMED,1935,05,18,00,00,26.3,-63.5,50,0
AL011935,UNNAMED,1935,05,18,06,00,27.3,-61,45,0
AL011935,UNNAMED,1935,05,18,12,00,28.5,-59,40,0
AL011935,UNNAMED,1935,05,18,18,00,29.7,-57,35,0
AL011935,UNNAMED,1935,05,19,00,00,31,-55,30,0
