AL011931	UNNAMED	1931	06	24	12	00	18	-87	30	0
AL011931	UNNAMED	1931	06	24	18	00	18.6	-86.9	35	0
AL011931	UNNAMED	1931	06	25	00	00	19.2	-86.8	40	0
AL011931	UNNAMED	1931	06	25	06	00	19.8	-86.9	45	0
AL011931	UNNAMED	1931	06	25	12	00	20.5	-87	45	0
AL011931	UNNAMED	1931	06	25	18	00	21.3	-87.8	40	0
AL011931	UNNAMED	1931	06	26	00	00	22.2	-88.7	40	0
AL011931	UNNAMED	1931	06	26	06	00	23.1	-89.8	40	0
AL011931	UNNAMED	1931	06	26	12	00	23.9	-91	40	0
AL011931	UNNAMED	1931	06	26	18	00	24.5	-92.3	40	0
AL011931	UNNAMED	1931	06	27	00	00	25	-93.8	40	0
AL011931	UNNAMED	1931	06	27	06	00	25.5	-95	40	0
AL011931	UNNAMED	1931	06	27	12	00	26	-96	40	0
AL011931	UNNAMED	1931	06	27	18	00	26.4	-96.8	40	0
AL011931	UNNAMED	1931	06	27	22	00	26.6	-97.3	40	0
AL011931	UNNAMED	1931	06	28	00	00	26.7	-97.6	35	0
AL011931	UNNAMED	1931	06	28	06	00	26.9	-98.2	30	0
AL011931	UNNAMED	1931	06	28	12	00	27	-98.5	30	0
AL011931	UNNAMED	1931	06	28	18	00	27	-98.7	25	0
