AL011993	UNNAMED	1993	05	31	12	00	21.5	-84	25	0
AL011993	UNNAMED	1993	05	31	18	00	22.3	-82	25	0
AL011993	UNNAMED	1993	06	01	00	00	23.2	-80.3	25	0
AL011993	UNNAMED	1993	06	01	06	00	24.5	-79	25	0
AL011993	UNNAMED	1993	06	01	12	00	25.4	-77.5	30	0
AL011993	UNNAMED	1993	06	01	18	00	26.1	-75.8	30	0
AL011993	UNNAMED	1993	06	02	00	00	26.7	-74	30	0
AL011993	UNNAMED	1993	06	02	06	00	27.8	-71.8	30	0
AL011993	UNNAMED	1993	06	02	12	00	28.4	-69.9	35	0
AL011993	UNNAMED	1993	06	02	18	00	28.5	-67.8	35	0
AL011993	UNNAMED	1993	06	03	00	00	28.8	-65.3	35	0
