AL011871	UNNAMED	1871	06	01	00	00	24.1	-81	40	0
AL011871	UNNAMED	1871	06	01	06	00	24.1	-82.1	40	0
AL011871	UNNAMED	1871	06	01	12	00	24.2	-83.6	40	0
AL011871	UNNAMED	1871	06	01	18	00	24.7	-84.6	40	0
AL011871	UNNAMED	1871	06	02	00	00	25.2	-85.4	50	0
AL011871	UNNAMED	1871	06	02	06	00	25.8	-86.1	50	0
AL011871	UNNAMED	1871	06	02	12	00	26.1	-87.3	50	0
AL011871	UNNAMED	1871	06	02	18	00	26.5	-88.6	50	0
AL011871	UNNAMED	1871	06	03	00	00	26.8	-89.8	50	0
AL011871	UNNAMED	1871	06	03	06	00	27	-91.1	50	0
AL011871	UNNAMED	1871	06	03	12	00	27.3	-92.4	50	0
AL011871	UNNAMED	1871	06	03	18	00	27.7	-93.3	50	0
AL011871	UNNAMED	1871	06	04	00	00	28.2	-94.1	50	0
AL011871	UNNAMED	1871	06	04	06	00	28.9	-95	50	0
AL011871	UNNAMED	1871	06	04	07	00	29.1	-95.1	50	0
AL011871	UNNAMED	1871	06	04	12	00	29.7	-95.6	40	0
AL011871	UNNAMED	1871	06	04	18	00	30.3	-96	40	0
AL011871	UNNAMED	1871	06	05	00	00	31.1	-96.1	40	0
AL011871	UNNAMED	1871	06	05	06	00	32	-96.1	40	0
AL011871	UNNAMED	1871	06	05	12	00	33.2	-95.8	30	0
AL011871	UNNAMED	1871	06	05	18	00	35	-95	30	0
