id,name,year,month,day,hour,minute,lat,lon,max_sustained_wind_kts,sshws
AL011924,UNNAMED,1924,06,18,00,00,17.6,-85.2,35,0
AL011924,UNNAMED,1924,06,18,06,00,17.8,-86.6,40,0
AL011924,UNNAMED,1924,06,18,12,00,18,-88,40,0
AL011924,UNNAMED,1924,06,18,18,00,18.2,-89.4,35,0
AL011924,UNNAMED,1924,06,19,00,00,18.4,-90.7,30,0
AL011924,UNNAMED,1924,06,19,06,00,18.7,-91.9,30,0
AL011924,UNNAMED,1924,06,19,12,00,19,-93,35,0
AL011924,UNNAMED,1924,06,19,18,00,19.4,-94,40,0
AL011924,UNNAMED,1924,06,20,00,00,19.9,-94.9,40,0
AL011924,UNNAMED,1924,06,20,06,00,20.4,-95.7,40,0
AL011924,UNNAMED,1924,06,20,12,00,21,-96.5,40,0
AL011924,UNNAMED,1924,06,20,18,00,21.7,-97.2,40,0
AL011924,UNNAMED,1924,06,21,00,00,22.5,-97.8,35,0
AL011924,UNNAMED,1924,06,21,06,00,23.5,-98.3,30,0
