id,name,year,month,day,hour,minute,lat,lon,max_sustained_wind_kts,sshws
AL011938,UNNAMED,1938,01,01,12,00,32.3,-40.6,40,0
AL011938,UNNAMED,1938,01,01,18,00,32.3,-39.7,40,0
AL011938,UNNAMED,1938,01,02,00,00,32.3,-38.8,45,0
AL011938,UNNAMED,1938,01,02,06,00,32.3,-38,50,0
AL011938,UNNAMED,1938,01,02,12,00,32.2,-37.1,50,0
AL011938,UNNAMED,1938,01,02,18,00,32,-36.4,50,0
AL011938,UNNAMED,1938,01,03,00,00,31.7,-35.8,50,0
AL011938,UNNAMED,1938,01,03,06,00,30.4,-35.2,50,0
AL011938,UNNAMED,1938,01,03,12,00,28.5,-34.8,50,0
AL011938,UNNAMED,1938,01,03,18,00,27.5,-35.3,55,0
AL011938,UNNAMED,1938,01,04,00,00,26.6,-35.9,55,0
AL011938,UNNAMED,1938,01,04,06,00,25.7,-36.5,60,0
AL011938,UNNAMED,1938,01,04,12,00,24.9,-37.6,65,1
AL011938,UNNAMED,1938,01,04,18,00,24.3,-39.2,70,1
AL011938,UNNAMED,1938,01,05,00,00,23.8,-40.8,70,1
AL011938,UNNAMED,1938,01,05,06,00,22.9,-41.8,65,1
AL011938,UNNAMED,1938,01,05,12,00,21.8,-42.5,60,0
AL011938,UNNAMED,1938,01,05,18,00,20.6,-43.2,55,0
AL011938,UNNAMED,1938,01,06,00,00,19.3,-43.9,50,0
AL011938,UNNAMED,1938,01,06,06,00,18,-44.6,45,0
AL011938,UNNAMED,1938,01,06,12,00,16.8,-45.3,40,0
AL011938,UNNAMED,1938,01,06,18,00,15.8,-46,35,0
