id,name,year,month,day,hour,minute,lat,lon,max_sustained_wind_kts,sshws
AL011955,BRENDA,1955,07,31,18,00,27.5,-88.4,50,0
AL011955,BRENDA,1955,08,01,00,00,28.2,-88.6,55,0
AL011955,BRENDA,1955,08,01,06,00,28.8,-88.8,60,0
AL011955,BRENDA,1955,08,01,12,00,29.3,-89,60,0
AL011955,BRENDA,1955,08,01,18,00,29.9,-89.5,55,0
AL011955,BRENDA,1955,08,02,00,00,30.6,-90.4,45,0
AL011955,BRENDA,1955,08,02,06,00,31.1,-91.6,35,0
AL011955,BRENDA,1955,08,02,12,00,31.5,-92.8,30,0
AL011955,BRENDA,1955,08,02,18,00,31.8,-93.8,25,0
AL011955,BRENDA,1955,08,03,00,00,32.1,-95,25,0
AL011955,BRENDA,1955,08,03,06,00,32.5,-96.2,25,0
