AL011885	UNNAMED	1885	08	07	00	00	24.1	-58.1	50	0
AL011885	UNNAMED	1885	08	07	06	00	24.7	-58.7	50	0
AL011885	UNNAMED	1885	08	07	12	00	25.6	-59.1	50	0
AL011885	UNNAMED	1885	08	07	18	00	26.5	-59.6	50	0
AL011885	UNNAMED	1885	08	08	00	00	27.4	-60	60	0
AL011885	UNNAMED	1885	08	08	06	00	28.3	-60.3	60	0
AL011885	UNNAMED	1885	08	08	12	00	29.2	-60.6	70	1
AL011885	UNNAMED	1885	08	08	18	00	30.4	-60.7	70	1
AL011885	UNNAMED	1885	08	09	00	00	31.9	-60.7	70	1
AL011885	UNNAMED	1885	08	09	06	00	33	-60.7	70	1
AL011885	UNNAMED	1885	08	09	12	00	34.5	-60.6	70	1
AL011885	UNNAMED	1885	08	09	18	00	36.3	-60.3	70	1
AL011885	UNNAMED	1885	08	10	00	00	38.2	-59.3	70	1
AL011885	UNNAMED	1885	08	10	06	00	40.2	-57.9	70	1
AL011885	UNNAMED	1885	08	10	12	00	42	-56	70	1
AL011885	UNNAMED	1885	08	10	18	00	43.4	-53.4	80	1
AL011885	UNNAMED	1885	08	11	00	00	44.8	-50.4	80	1
AL011885	UNNAMED	1885	08	11	06	00	46	-47.2	80	1
AL011885	UNNAMED	1885	08	11	12	00	47	-44	80	1
AL011885	UNNAMED	1885	08	11	18	00	47.5	-42.3	70	1
AL011885	UNNAMED	1885	08	12	00	00	48	-40.3	70	1
AL011885	UNNAMED	1885	08	12	06	00	48.5	-38.4	70	1
AL011885	UNNAMED	1885	08	12	12	00	49.2	-36	70	1
AL011885	UNNAMED	1885	08	12	18	00	49.7	-34.5	70	1
AL011885	UNNAMED	1885	08	13	00	00	50	-32.8	60	0
AL011885	UNNAMED	1885	08	13	06	00	50.5	-31.4	60	0
AL011885	UNNAMED	1885	08	13	12	00	50.9	-30	60	0
AL011885	UNNAMED	1885	08	13	18	00	51	-28.9	60	0
AL011885	UNNAMED	1885	08	14	00	00	51.3	-27.6	50	0
AL011885	UNNAMED	1885	08	14	06	00	51.5	-26.4	50	0
AL011885	UNNAMED	1885	08	14	12	00	51.7	-25	50	0
AL011885	UNNAMED	1885	08	14	18	00	51.9	-24.2	50	0
AL011885	UNNAMED	1885	08	15	00	00	52.2	-23.6	40	0
AL011885	UNNAMED	1885	08	15	06	00	52.5	-22.9	40	0
AL011885	UNNAMED	1885	08	15	12	00	53	-22	40	0
AL011885	UNNAMED	1885	08	15	18	00	53.5	-21	40	0
