AL011877	UNNAMED	1877	08	01	00	00	23.1	-72.1	40	0
AL011877	UNNAMED	1877	08	01	06	00	23.7	-73.5	40	0
AL011877	UNNAMED	1877	08	01	12	00	24.7	-74.6	50	0
AL011877	UNNAMED	1877	08	01	18	00	25.2	-75.3	50	0
AL011877	UNNAMED	1877	08	02	00	00	26.1	-75.9	60	0
AL011877	UNNAMED	1877	08	02	06	00	27.1	-76.5	60	0
AL011877	UNNAMED	1877	08	02	12	00	28	-77	60	0
AL011877	UNNAMED	1877	08	02	18	00	28.8	-77.1	60	0
AL011877	UNNAMED	1877	08	03	00	00	29.8	-77	60	0
AL011877	UNNAMED	1877	08	03	06	00	30.7	-76.6	60	0
AL011877	UNNAMED	1877	08	03	12	00	31.5	-76.3	60	0
AL011877	UNNAMED	1877	08	03	18	00	33.3	-75.3	60	0
AL011877	UNNAMED	1877	08	04	00	00	35.5	-73.6	50	0
AL011877	UNNAMED	1877	08	04	06	00	37.4	-71.5	50	0
AL011877	UNNAMED	1877	08	04	12	00	39.5	-69.5	50	0
AL011877	UNNAMED	1877	08	04	18	00	42.5	-67.5	50	0
AL011877	UNNAMED	1877	08	05	00	00	45.5	-65.6	50	0
AL011877	UNNAMED	1877	08	05	06	00	48.5	-64	40	0
