AL011929	UNNAMED	1929	06	27	00	00	21.3	-93.3	35	0
AL011929	UNNAMED	1929	06	27	06	00	22.5	-93.4	35	0
AL011929	UNNAMED	1929	06	27	12	00	23.6	-93.6	45	0
AL011929	UNNAMED	1929	06	27	18	00	24.5	-93.9	55	0
AL011929	UNNAMED	1929	06	28	00	00	25.4	-94.3	65	1
AL011929	UNNAMED	1929	06	28	06	00	26.2	-94.7	70	1
AL011929	UNNAMED	1929	06	28	12	00	27	-95.3	75	1
AL011929	UNNAMED	1929	06	28	18	00	27.8	-96	80	1
AL011929	UNNAMED	1929	06	28	21	00	28.3	-96.4	80	1
AL011929	UNNAMED	1929	06	29	00	00	28.8	-97.1	65	1
AL011929	UNNAMED	1929	06	29	06	00	29.4	-98.7	55	0
AL011929	UNNAMED	1929	06	29	12	00	30	-101	50	0
AL011929	UNNAMED	1929	06	29	18	00	30.8	-103.5	45	0
AL011929	UNNAMED	1929	06	30	00	00	31.8	-106.5	40	0
AL011929	UNNAMED	1929	06	30	06	00	33	-109.5	30	0
