id,name,year,month,day,hour,minute,lat,lon,max_sustained_wind_kts,sshws
AL011922,UNNAMED,1922,06,12,12,00,15.5,-82.3,25,0
AL011922,UNNAMED,1922,06,12,18,00,16.3,-83.4,25,0
AL011922,UNNAMED,1922,06,13,00,00,17.1,-84.5,25,0
AL011922,UNNAMED,1922,06,13,06,00,17.8,-85.6,25,0
AL011922,UNNAMED,1922,06,13,12,00,18.3,-86.5,30,0
AL011922,UNNAMED,1922,06,13,18,00,18.5,-87,30,0
AL011922,UNNAMED,1922,06,14,00,00,18.7,-87.6,30,0
AL011922,UNNAMED,1922,06,14,06,00,19,-88.5,30,0
AL011922,UNNAMED,1922,06,14,12,00,19.5,-89.5,25,0
AL011922,UNNAMED,1922,06,14,18,00,20.1,-90.8,25,0
AL011922,UNNAMED,1922,06,15,00,00,20.7,-92.3,30,0
AL011922,UNNAMED,1922,06,15,06,00,21.3,-94,35,0
AL011922,UNNAMED,1922,06,15,12,00,22,-95.5,40,0
AL011922,UNNAMED,1922,06,15,18,00,23,-96.7,45,0
AL011922,UNNAMED,1922,06,16,00,00,24,-97.7,45,0
AL011922,UNNAMED,1922,06,16,06,00,25,-98.6,35,0
AL011922,UNNAMED,1922,06,16,12,00,26,-99.5,30,0
AL011922,UNNAMED,1922,06,16,18,00,27,-100.2,25,0
