AL011887	UNNAMED	1887	05	15	00	00	29.3	-63.8	35	0
AL011887	UNNAMED	1887	05	15	06	00	29.8	-64.2	35	0
AL011887	UNNAMED	1887	05	15	12	00	30.3	-64.7	40	0
AL011887	UNNAMED	1887	05	15	18	00	30.8	-65.2	40	0
AL011887	UNNAMED	1887	05	16	00	00	31.3	-65.5	45	0
AL011887	UNNAMED	1887	05	16	06	00	31.8	-65.7	50	0
AL011887	UNNAMED	1887	05	16	12	00	32.3	-66	55	0
AL011887	UNNAMED	1887	05	16	18	00	32.7	-66.3	60	0
AL011887	UNNAMED	1887	05	17	00	00	33.2	-66.5	60	0
AL011887	UNNAMED	1887	05	17	06	00	33.7	-66.7	60	0
AL011887	UNNAMED	1887	05	17	12	00	34.3	-66.7	60	0
AL011887	UNNAMED	1887	05	17	18	00	34.9	-66.7	55	0
AL011887	UNNAMED	1887	05	18	00	00	35.4	-66.7	50	0
AL011887	UNNAMED	1887	05	18	06	00	35.9	-66.7	45	0
AL011887	UNNAMED	1887	05	18	12	00	36.5	-66.7	40	0
AL011887	UNNAMED	1887	05	18	18	00	37.7	-66.7	40	0
AL011887	UNNAMED	1887	05	19	00	00	39.5	-66.4	40	0
AL011887	UNNAMED	1887	05	19	06	00	41.1	-65.8	35	0
AL011887	UNNAMED	1887	05	19	12	00	42.3	-65	35	0
AL011887	UNNAMED	1887	05	19	18	00	44	-63.5	35	0
AL011887	UNNAMED	1887	05	20	00	00	47	-60.5	35	0
AL011887	UNNAMED	1887	05	20	06	00	51	-55.5	35	0
