id,name,year,month,day,hour,minute,lat,lon,max_sustained_wind_kts,sshws
AL011968,ABBY,1968,06,01,06,00,17.2,-85.5,30,0
AL011968,ABBY,1968,06,01,12,00,17.5,-85.5,30,0
AL011968,ABBY,1968,06,01,18,00,18.2,-85.7,30,0
AL011968,ABBY,1968,06,02,00,00,18.8,-85.8,30,0
AL011968,ABBY,1968,06,02,06,00,19.7,-85.7,30,0
AL011968,ABBY,1968,06,02,12,00,20.5,-85.3,30,0
AL011968,ABBY,1968,06,02,18,00,21.4,-84.8,40,0
AL011968,ABBY,1968,06,03,00,00,22.3,-84.2,45,0
AL011968,ABBY,1968,06,03,06,00,23.3,-83.9,60,0
AL011968,ABBY,1968,06,03,12,00,24.5,-83.6,65,1
AL011968,ABBY,1968,06,03,18,00,24.8,-83.5,65,1
AL011968,ABBY,1968,06,04,00,00,25.1,-83.3,65,1
AL011968,ABBY,1968,06,04,06,00,25.8,-82.9,60,0
AL011968,ABBY,1968,06,04,12,00,26.9,-82.1,55,0
AL011968,ABBY,1968,06,04,18,00,27.6,-81.7,55,0
AL011968,ABBY,1968,06,05,00,00,28,-81.3,50,0
AL011968,ABBY,1968,06,05,06,00,28.1,-80.9,50,0
AL011968,ABBY,1968,06,05,12,00,28,-80.5,50,0
AL011968,ABBY,1968,06,05,18,00,27.8,-80.2,50,0
AL011968,ABBY,1968,06,06,00,00,28,-80,50,0
AL011968,ABBY,1968,06,06,06,00,28.6,-80.4,50,0
AL011968,ABBY,1968,06,06,12,00,29.1,-80.9,50,0
AL011968,ABBY,1968,06,06,18,00,29.9,-81.2,50,0
AL011968,ABBY,1968,06,07,00,00,30.6,-81.5,50,0
AL011968,ABBY,1968,06,07,06,00,31.4,-81.8,50,0
AL011968,ABBY,1968,06,07,12,00,32,-82,45,0
AL011968,ABBY,1968,06,07,18,00,32.6,-82,30,0
AL011968,ABBY,1968,06,08,00,00,33,-82.2,30,0
AL011968,ABBY,1968,06,08,06,00,33.5,-82.2,30,0
AL011968,ABBY,1968,06,08,12,00,34,-82.3,25,0
AL011968,ABBY,1968,06,08,18,00,34.4,-82.3,25,0
AL011968,ABBY,1968,06,09,00,00,35,-82,25,0
AL011968,ABBY,1968,06,09,06,00,35.3,-81.8,25,0
AL011968,ABBY,1968,06,09,12,00,35.7,-81.1,25,0
AL011968,ABBY,1968,06,09,18,00,35.9,-80.3,25,0
AL011968,ABBY,1968,06,10,00,00,35.9,-79.5,25,0
AL011968,ABBY,1968,06,10,06,00,35.6,-78.9,25,0
AL011968,ABBY,1968,06,10,12,00,34.9,-78.7,25,0
AL011968,ABBY,1968,06,10,18,00,34.2,-79,25,0
AL011968,ABBY,1968,06,11,00,00,33.3,-79.2,25,0
AL011968,ABBY,1968,06,11,06,00,33.2,-79,25,0
AL011968,ABBY,1968,06,11,12,00,33.3,-78.7,25,0
AL011968,ABBY,1968,06,11,18,00,33.4,-78.5,25,0
AL011968,ABBY,1968,06,12,00,00,33.6,-78.2,25,0
AL011968,ABBY,1968,06,12,06,00,33.8,-78,25,0
AL011968,ABBY,1968,06,12,12,00,34,-77.8,25,0
AL011968,ABBY,1968,06,12,18,00,34.7,-77.1,25,0
AL011968,ABBY,1968,06,13,00,00,35.4,-76.6,25,0
AL011968,ABBY,1968,06,13,06,00,36.1,-75.9,25,0
AL011968,ABBY,1968,06,13,12,00,36.8,-75,25,0
AL011968,ABBY,1968,06,13,18,00,37.2,-74.5,25,0
