id,name,year,month,day,hour,minute,lat,lon,max_sustained_wind_kts,sshws
AL011930,UNNAMED,1930,08,21,18,00,20.6,-54.5,45,0
AL011930,UNNAMED,1930,08,22,00,00,20.8,-55.1,50,0
AL011930,UNNAMED,1930,08,22,06,00,21,-55.8,55,0
AL011930,UNNAMED,1930,08,22,12,00,21.3,-56.6,55,0
AL011930,UNNAMED,1930,08,22,18,00,21.5,-57.2,55,0
AL011930,UNNAMED,1930,08,23,00,00,21.7,-57.7,55,0
AL011930,UNNAMED,1930,08,23,06,00,21.8,-58,55,0
AL011930,UNNAMED,1930,08,23,12,00,21.9,-58.3,55,0
AL011930,UNNAMED,1930,08,23,18,00,21.9,-58.6,55,0
AL011930,UNNAMED,1930,08,24,00,00,21.9,-58.8,60,0
AL011930,UNNAMED,1930,08,24,06,00,22,-59.1,65,1
AL011930,UNNAMED,1930,08,24,12,00,22.2,-59.5,70,1
AL011930,UNNAMED,1930,08,24,18,00,22.8,-60.2,80,1
AL011930,UNNAMED,1930,08,25,00,00,23.8,-61,90,2
AL011930,UNNAMED,1930,08,25,06,00,24.9,-61.9,100,3
AL011930,UNNAMED,1930,08,25,12,00,26,-62.7,105,3
AL011930,UNNAMED,1930,08,25,18,00,27.1,-63.5,110,3
AL011930,UNNAMED,1930,08,26,00,00,28.3,-64.3,110,3
AL011930,UNNAMED,1930,08,26,06,00,29.7,-65.2,110,3
AL011930,UNNAMED,1930,08,26,12,00,31.4,-65.8,110,3
AL011930,UNNAMED,1930,08,26,18,00,33,-66,105,3
AL011930,UNNAMED,1930,08,27,00,00,34.4,-65.8,100,3
AL011930,UNNAMED,1930,08,27,06,00,35.7,-65,95,2
AL011930,UNNAMED,1930,08,27,12,00,37,-64,90,2
AL011930,UNNAMED,1930,08,27,18,00,38.3,-62.3,85,2
AL011930,UNNAMED,1930,08,28,00,00,39.5,-60.4,85,2
AL011930,UNNAMED,1930,08,28,06,00,40.6,-58.3,85,2
AL011930,UNNAMED,1930,08,28,12,00,41.6,-56,85,2
AL011930,UNNAMED,1930,08,28,18,00,42,-53,85,2
AL011930,UNNAMED,1930,08,29,00,00,42.2,-49,80,1
AL011930,UNNAMED,1930,08,29,06,00,42.3,-44,80,1
AL011930,UNNAMED,1930,08,29,12,00,42.3,-37.5,75,1
AL011930,UNNAMED,1930,08,29,18,00,42.3,-32.5,75,1
AL011930,UNNAMED,1930,08,30,00,00,42.3,-29.5,75,1
AL011930,UNNAMED,1930,08,30,06,00,42.4,-27.5,70,1
AL011930,UNNAMED,1930,08,30,12,00,42.5,-26,70,1
AL011930,UNNAMED,1930,08,30,18,00,42.5,-25.3,65,1
AL011930,UNNAMED,1930,08,31,00,00,42.5,-25,60,0
AL011930,UNNAMED,1930,08,31,06,00,42.5,-24.9,55,0
AL011930,UNNAMED,1930,08,31,12,00,42.5,-25,50,0
AL011930,UNNAMED,1930,08,31,18,00,42.7,-25.5,50,0
AL011930,UNNAMED,1930,09,01,00,00,43,-26,55,0
AL011930,UNNAMED,1930,09,01,06,00,43.3,-26.4,60,0
AL011930,UNNAMED,1930,09,01,12,00,43.5,-26.5,60,0
AL011930,UNNAMED,1930,09,01,18,00,43.7,-26.6,55,0
AL011930,UNNAMED,1930,09,02,00,00,43.9,-26.6,50,0
AL011930,UNNAMED,1930,09,02,06,00,44.2,-26.6,45,0
AL011930,UNNAMED,1930,09,02,12,00,44.5,-26.5,40,0
AL011930,UNNAMED,1930,09,02,18,00,45,-26,35,0
AL011930,UNNAMED,1930,09,03,00,00,46,-26,30,0
