id,name,year,month,day,hour,minute,lat,lon,max_sustained_wind_kts,sshws
AL011963,ARLENE,1963,07,31,18,00,11,-39.4,25,0
AL011963,ARLENE,1963,08,01,00,00,11,-40.9,25,0
AL011963,ARLENE,1963,08,01,06,00,11.1,-42.2,25,0
AL011963,ARLENE,1963,08,01,12,00,11.2,-43.5,25,0
AL011963,ARLENE,1963,08,01,18,00,11.3,-44.8,30,0
AL011963,ARLENE,1963,08,02,00,00,11.5,-46,40,0
AL011963,ARLENE,1963,08,02,06,00,12.4,-47.4,50,0
AL011963,ARLENE,1963,08,02,12,00,13.3,-48.7,70,1
AL011963,ARLENE,1963,08,02,18,00,14.3,-49.9,90,2
AL011963,ARLENE,1963,08,03,00,00,14.9,-50.8,80,1
AL011963,ARLENE,1963,08,03,06,00,15.2,-52.3,65,1
AL011963,ARLENE,1963,08,03,12,00,15.5,-53.9,65,1
AL011963,ARLENE,1963,08,03,18,00,15.9,-55.3,65,1
AL011963,ARLENE,1963,08,04,00,00,16.3,-56.7,50,0
AL011963,ARLENE,1963,08,04,06,00,16.7,-58,45,0
AL011963,ARLENE,1963,08,04,12,00,17.4,-59.2,30,0
AL011963,ARLENE,1963,08,04,18,00,18.2,-60.3,30,0
AL011963,ARLENE,1963,08,05,00,00,19.1,-61.4,30,0
AL011963,ARLENE,1963,08,05,06,00,20,-62.5,25,0
AL011963,ARLENE,1963,08,05,12,00,21,-63.6,25,0
AL011963,ARLENE,1963,08,05,18,00,22,-64.6,25,0
AL011963,ARLENE,1963,08,06,00,00,22.8,-65.6,25,0
AL011963,ARLENE,1963,08,06,06,00,23.5,-66.7,25,0
AL011963,ARLENE,1963,08,06,12,00,24,-68,25,0
AL011963,ARLENE,1963,08,06,18,00,24.4,-68.8,30,0
AL011963,ARLENE,1963,08,07,00,00,25,-69.5,30,0
AL011963,ARLENE,1963,08,07,06,00,25.4,-70.1,30,0
AL011963,ARLENE,1963,08,07,12,00,26,-70.3,30,0
AL011963,ARLENE,1963,08,07,18,00,26.5,-70.4,30,0
AL011963,ARLENE,1963,08,08,00,00,27.3,-70.5,55,0
AL011963,ARLENE,1963,08,08,06,00,28,-70.1,60,0
AL011963,ARLENE,1963,08,08,12,00,28.5,-69.7,65,1
AL011963,ARLENE,1963,08,08,18,00,28.8,-69.1,65,1
AL011963,ARLENE,1963,08,09,00,00,29.3,-68.5,65,1
AL011963,ARLENE,1963,08,09,06,00,30,-67.6,70,1
AL011963,ARLENE,1963,08,09,12,00,31.3,-66.2,75,1
AL011963,ARLENE,1963,08,09,18,00,32.8,-64,90,2
AL011963,ARLENE,1963,08,10,00,00,34.5,-61.5,90,2
AL011963,ARLENE,1963,08,10,06,00,36.4,-59,90,2
AL011963,ARLENE,1963,08,10,12,00,38,-56.1,85,2
AL011963,ARLENE,1963,08,10,18,00,40,-54,80,1
AL011963,ARLENE,1963,08,11,00,00,42.5,-52,65,1
AL011963,ARLENE,1963,08,11,06,00,44.8,-50.1,65,1
