id,name,year,month,day,hour,minute,lat,lon,max_sustained_wind_kts,sshws
AL011884,UNNAMED,1884,09,01,00,00,38.5,-62.5,70,1
AL011884,UNNAMED,1884,09,01,06,00,40,-61.7,70,1
AL011884,UNNAMED,1884,09,01,12,00,41.5,-60.7,70,1
AL011884,UNNAMED,1884,09,01,18,00,43.5,-58.8,70,1
AL011884,UNNAMED,1884,09,02,00,00,45.8,-56.3,60,0
AL011884,UNNAMED,1884,09,02,06,00,48.3,-53.1,60,0
AL011884,UNNAMED,1884,09,02,12,00,50,-50,60,0
AL011884,UNNAMED,1884,09,02,18,00,50.7,-47.4,60,0
AL011884,UNNAMED,1884,09,03,00,00,51.4,-44.3,60,0
AL011884,UNNAMED,1884,09,03,06,00,52,-41,60,0
AL011884,UNNAMED,1884,09,03,12,00,52.3,-38.3,60,0
AL011884,UNNAMED,1884,09,03,18,00,52.5,-35.8,60,0
AL011884,UNNAMED,1884,09,04,00,00,52.8,-32.8,60,0
AL011884,UNNAMED,1884,09,04,06,00,53,-29.4,60,0
AL011884,UNNAMED,1884,09,04,12,00,53,-27,60,0
AL011884,UNNAMED,1884,09,04,18,00,53.1,-24.7,60,0
AL011884,UNNAMED,1884,09,05,00,00,53.2,-22.2,50,0
AL011884,UNNAMED,1884,09,05,06,00,53.2,-19.4,50,0
AL011884,UNNAMED,1884,09,05,12,00,53.3,-17,50,0
AL011884,UNNAMED,1884,09,05,18,00,53.3,-15,50,0
AL011884,UNNAMED,1884,09,06,00,00,53.4,-13.3,50,0
AL011884,UNNAMED,1884,09,06,06,00,53.4,-11.5,50,0
AL011884,UNNAMED,1884,09,06,12,00,53.5,-9,50,0
AL011884,UNNAMED,1884,09,06,18,00,53.6,-6.1,50,0
