AL011962	ALMA	1962	08	26	12	00	25.3	-79.7	25	0
AL011962	ALMA	1962	08	26	18	00	26.4	-80.1	25	0
AL011962	ALMA	1962	08	27	00	00	27.7	-80.3	25	0
AL011962	ALMA	1962	08	27	06	00	29.2	-80.2	30	0
AL011962	ALMA	1962	08	27	12	00	30.6	-79.7	40	0
AL011962	ALMA	1962	08	27	18	00	31.8	-78.8	45	0
AL011962	ALMA	1962	08	28	00	00	32.9	-77.7	45	0
AL011962	ALMA	1962	08	28	06	00	34.1	-76.6	50	0
AL011962	ALMA	1962	08	28	12	00	35.2	-75.3	65	1
AL011962	ALMA	1962	08	28	18	00	36.9	-73.5	75	1
AL011962	ALMA	1962	08	29	00	00	38.7	-71.7	80	1
AL011962	ALMA	1962	08	29	06	00	40.1	-70.4	85	2
AL011962	ALMA	1962	08	29	12	00	41	-69.4	80	1
AL011962	ALMA	1962	08	29	18	00	41.5	-68.7	75	1
AL011962	ALMA	1962	08	30	00	00	41.5	-67.9	60	0
AL011962	ALMA	1962	08	30	06	00	41.3	-67	55	0
AL011962	ALMA	1962	08	30	12	00	41	-66.5	45	0
AL011962	ALMA	1962	08	30	18	00	40.8	-65.1	40	0
AL011962	ALMA	1962	08	31	00	00	40.5	-64.3	40	0
AL011962	ALMA	1962	08	31	06	00	39.9	-63.5	40	0
AL011962	ALMA	1962	08	31	12	00	39.1	-63.3	40	0
AL011962	ALMA	1962	08	31	18	00	38.6	-63.8	35	0
AL011962	ALMA	1962	09	01	00	00	38.3	-64.4	35	0
AL011962	ALMA	1962	09	01	06	00	38.4	-65.1	35	0
AL011962	ALMA	1962	09	01	12	00	38.8	-65.6	35	0
AL011962	ALMA	1962	09	01	18	00	39.3	-65.2	35	0
AL011962	ALMA	1962	09	02	00	00	39.7	-65	35	0
AL011962	ALMA	1962	09	02	06	00	40.9	-63.6	25	0
AL011962	ALMA	1962	09	02	12	00	42.2	-61	15	0
AL011962	ALMA	1962	09	02	18	00	45.3	-55.5	15	0
