id,name,year,month,day,hour,minute,lat,lon,max_sustained_wind_kts,sshws
AL011969,UNNAMED,1969,05,29,00,00,12,-82,25,0
AL011969,UNNAMED,1969,05,29,06,00,12.5,-82.1,25,0
AL011969,UNNAMED,1969,05,29,12,00,13.2,-82.2,25,0
AL011969,UNNAMED,1969,05,29,18,00,14.1,-82.6,25,0
AL011969,UNNAMED,1969,05,30,00,00,15,-82.8,25,0
AL011969,UNNAMED,1969,05,30,06,00,16,-82.8,25,0
AL011969,UNNAMED,1969,05,30,12,00,17,-82.9,25,0
AL011969,UNNAMED,1969,05,30,18,00,18,-82.9,25,0
AL011969,UNNAMED,1969,05,31,00,00,19,-82.7,25,0
AL011969,UNNAMED,1969,05,31,06,00,19.2,-82.6,25,0
AL011969,UNNAMED,1969,05,31,12,00,20,-82.5,25,0
AL011969,UNNAMED,1969,05,31,18,00,20.5,-82.4,25,0
AL011969,UNNAMED,1969,06,01,00,00,21.1,-82.1,25,0
AL011969,UNNAMED,1969,06,01,06,00,21.3,-82,25,0
AL011969,UNNAMED,1969,06,01,12,00,21.7,-81.9,25,0
AL011969,UNNAMED,1969,06,01,18,00,22,-81.8,25,0
AL011969,UNNAMED,1969,06,02,00,00,22.3,-81.8,25,0
