id,name,year,month,day,hour,minute,lat,lon,max_sustained_wind_kts,sshws
AL011999,ARLENE,1999,06,11,18,00,27.1,-58.1,30,0
AL011999,ARLENE,1999,06,12,00,00,27.7,-57.4,30,0
AL011999,ARLENE,1999,06,12,06,00,28.1,-57.3,30,0
AL011999,ARLENE,1999,06,12,12,00,28.3,-57.3,35,0
AL011999,ARLENE,1999,06,12,18,00,28.5,-57.4,45,0
AL011999,ARLENE,1999,06,13,00,00,28.8,-57.5,50,0
AL011999,ARLENE,1999,06,13,06,00,29,-57.8,50,0
AL011999,ARLENE,1999,06,13,12,00,29.1,-58.2,50,0
AL011999,ARLENE,1999,06,13,18,00,29.1,-58.7,50,0
AL011999,ARLENE,1999,06,14,00,00,29.1,-59.2,45,0
AL011999,ARLENE,1999,06,14,06,00,29.2,-59.8,40,0
AL011999,ARLENE,1999,06,14,12,00,29.3,-60.4,40,0
AL011999,ARLENE,1999,06,14,18,00,29.6,-60.7,40,0
AL011999,ARLENE,1999,06,15,00,00,29.8,-61.1,40,0
AL011999,ARLENE,1999,06,15,06,00,29.7,-61.5,40,0
AL011999,ARLENE,1999,06,15,12,00,29.6,-61.3,45,0
AL011999,ARLENE,1999,06,15,18,00,29.9,-61.4,45,0
AL011999,ARLENE,1999,06,16,00,00,30,-61.7,45,0
AL011999,ARLENE,1999,06,16,06,00,30.3,-62,45,0
AL011999,ARLENE,1999,06,16,12,00,30.8,-62.3,40,0
AL011999,ARLENE,1999,06,16,18,00,31.3,-62.5,35,0
AL011999,ARLENE,1999,06,17,00,00,31.8,-62.8,30,0
AL011999,ARLENE,1999,06,17,06,00,32.5,-63,30,0
AL011999,ARLENE,1999,06,17,12,00,33.4,-63,30,0
AL011999,ARLENE,1999,06,17,18,00,34.4,-62.3,30,0
AL011999,ARLENE,1999,06,18,00,00,35.4,-61.6,25,0
