id,name,year,month,day,hour,minute,lat,lon,max_sustained_wind_kts,sshws
AL011940,UNNAMED,1940,05,19,12,00,22,-71,35,0
AL011940,UNNAMED,1940,05,19,18,00,22.7,-71.3,35,0
AL011940,UNNAMED,1940,05,20,00,00,23.4,-71.5,35,0
AL011940,UNNAMED,1940,05,20,06,00,24.2,-71.7,35,0
AL011940,UNNAMED,1940,05,20,12,00,25,-71.9,40,0
AL011940,UNNAMED,1940,05,20,18,00,26,-72.1,40,0
AL011940,UNNAMED,1940,05,21,00,00,27,-72.2,45,0
AL011940,UNNAMED,1940,05,21,06,00,28,-72.3,45,0
AL011940,UNNAMED,1940,05,21,12,00,29,-72.4,50,0
AL011940,UNNAMED,1940,05,21,18,00,30.1,-72.5,50,0
AL011940,UNNAMED,1940,05,22,00,00,31.5,-72.7,55,0
AL011940,UNNAMED,1940,05,22,06,00,33.5,-72.8,55,0
AL011940,UNNAMED,1940,05,22,12,00,35,-72.8,55,0
AL011940,UNNAMED,1940,05,22,18,00,35.6,-72.6,55,0
AL011940,UNNAMED,1940,05,23,00,00,35.9,-72.3,50,0
AL011940,UNNAMED,1940,05,23,06,00,36,-71.9,50,0
AL011940,UNNAMED,1940,05,23,12,00,36,-71.5,50,0
AL011940,UNNAMED,1940,05,23,18,00,36,-71.1,45,0
AL011940,UNNAMED,1940,05,24,00,00,35.9,-70.7,40,0
AL011940,UNNAMED,1940,05,24,06,00,35.7,-70.3,40,0
AL011940,UNNAMED,1940,05,24,12,00,35.7,-69.8,35,0
AL011940,UNNAMED,1940,05,24,18,00,36.2,-69.2,35,0
AL011940,UNNAMED,1940,05,25,00,00,36.7,-68.5,35,0
AL011940,UNNAMED,1940,05,25,06,00,37.3,-67.9,35,0
AL011940,UNNAMED,1940,05,25,12,00,37.9,-67.3,30,0
AL011940,UNNAMED,1940,05,25,18,00,38.5,-66.7,30,0
AL011940,UNNAMED,1940,05,26,00,00,39.1,-66.2,30,0
AL011940,UNNAMED,1940,05,26,06,00,39.6,-65.7,30,0
AL011940,UNNAMED,1940,05,26,12,00,40.2,-65.2,30,0
AL011940,UNNAMED,1940,05,26,18,00,41.1,-64.3,30,0
AL011940,UNNAMED,1940,05,27,00,00,42.2,-63.1,25,0
AL011940,UNNAMED,1940,05,27,06,00,43.5,-61.5,20,0
