AL012012	ALBERTO	2012	05	19	00	00	33.1	-77	25	0
AL012012	ALBERTO	2012	05	19	06	00	32.8	-77.1	30	0
AL012012	ALBERTO	2012	05	19	12	00	32.5	-77.3	40	0
AL012012	ALBERTO	2012	05	19	18	00	32.3	-77.6	45	0
AL012012	ALBERTO	2012	05	20	00	00	32.1	-78.1	50	0
AL012012	ALBERTO	2012	05	20	06	00	31.9	-78.7	45	0
AL012012	ALBERTO	2012	05	20	12	00	31.5	-79.5	40	0
AL012012	ALBERTO	2012	05	20	18	00	31.1	-79.9	40	0
AL012012	ALBERTO	2012	05	21	00	00	30.7	-80.1	35	0
AL012012	ALBERTO	2012	05	21	06	00	30.4	-79.8	35	0
AL012012	ALBERTO	2012	05	21	12	00	30.4	-79.1	35	0
AL012012	ALBERTO	2012	05	21	18	00	30.5	-78.3	35	0
AL012012	ALBERTO	2012	05	22	00	00	30.7	-77.1	35	0
AL012012	ALBERTO	2012	05	22	06	00	31.5	-76.1	35	0
AL012012	ALBERTO	2012	05	22	12	00	32.5	-74.7	30	0
AL012012	ALBERTO	2012	05	22	18	00	33.4	-73.4	30	0
AL012012	ALBERTO	2012	05	23	00	00	34.1	-71.9	25	0
AL012012	ALBERTO	2012	05	23	06	00	34.9	-70.1	25	0
AL012012	ALBERTO	2012	05	23	12	00	35.5	-67.9	25	0
AL012012	ALBERTO	2012	05	23	18	00	35.9	-66	25	0
