AL012007	ANDREA	2007	05	06	12	00	35.5	-74	35	0
AL012007	ANDREA	2007	05	06	18	00	35	-73	40	0
AL012007	ANDREA	2007	05	07	00	00	34.3	-71.7	50	0
AL012007	ANDREA	2007	05	07	06	00	33.3	-72.3	65	1
AL012007	ANDREA	2007	05	07	12	00	32.3	-73.1	65	1
AL012007	ANDREA	2007	05	07	18	00	31.5	-74	65	1
AL012007	ANDREA	2007	05	08	00	00	31	-74.9	55	0
AL012007	ANDREA	2007	05	08	06	00	30.7	-76	50	0
AL012007	ANDREA	2007	05	08	12	00	30.4	-77.2	50	0
AL012007	ANDREA	2007	05	08	18	00	30.4	-77.9	50	0
AL012007	ANDREA	2007	05	09	00	00	30.6	-78.3	50	0
AL012007	ANDREA	2007	05	09	06	00	30.8	-78.7	50	0
AL012007	ANDREA	2007	05	09	12	00	30.9	-79.2	45	0
AL012007	ANDREA	2007	05	09	18	00	30.9	-79.6	40	0
AL012007	ANDREA	2007	05	10	00	00	30.7	-79.8	40	0
AL012007	ANDREA	2007	05	10	06	00	30.5	-79.9	35	0
AL012007	ANDREA	2007	05	10	12	00	30.1	-79.9	30	0
AL012007	ANDREA	2007	05	10	18	00	29.7	-79.8	30	0
AL012007	ANDREA	2007	05	11	00	00	29.4	-79.8	30	0
AL012007	ANDREA	2007	05	11	06	00	29.1	-79.8	30	0
AL012007	ANDREA	2007	05	11	12	00	28.8	-79.7	25	0
AL012007	ANDREA	2007	05	11	18	00	28.5	-79.5	25	0
AL012007	ANDREA	2007	05	12	00	00	28.5	-79.1	25	0
AL012007	ANDREA	2007	05	12	06	00	28.8	-78.8	25	0
AL012007	ANDREA	2007	05	12	12	00	29.1	-78.5	25	0
AL012007	ANDREA	2007	05	12	18	00	29.4	-78	25	0
AL012007	ANDREA	2007	05	13	00	00	29.7	-77.2	25	0
AL012007	ANDREA	2007	05	13	06	00	30.1	-76	25	0
AL012007	ANDREA	2007	05	13	12	00	30.8	-74.2	25	0
AL012007	ANDREA	2007	05	13	18	00	31.4	-71.9	25	0
AL012007	ANDREA	2007	05	14	00	00	31.8	-69.4	25	0
