id,name,year,month,day,hour,minute,lat,lon,max_sustained_wind_kts,sshws
AL011883,UNNAMED,1883,08,18,00,00,19.2,-48.5,40,0
AL011883,UNNAMED,1883,08,18,06,00,19.4,-49.5,40,0
AL011883,UNNAMED,1883,08,18,12,00,19.5,-51,40,0
AL011883,UNNAMED,1883,08,18,18,00,19.7,-52.6,40,0
AL011883,UNNAMED,1883,08,19,00,00,20.2,-54.4,40,0
AL011883,UNNAMED,1883,08,19,06,00,20.7,-56,40,0
AL011883,UNNAMED,1883,08,19,12,00,21.2,-57.5,50,0
AL011883,UNNAMED,1883,08,19,18,00,21.7,-59,50,0
AL011883,UNNAMED,1883,08,20,00,00,22.2,-60.5,50,0
AL011883,UNNAMED,1883,08,20,06,00,23.1,-62.3,50,0
AL011883,UNNAMED,1883,08,20,12,00,24,-64,50,0
AL011883,UNNAMED,1883,08,20,18,00,24.7,-65.1,50,0
AL011883,UNNAMED,1883,08,21,00,00,25.8,-66.6,60,0
AL011883,UNNAMED,1883,08,21,06,00,27,-68,60,0
AL011883,UNNAMED,1883,08,21,12,00,28.1,-69,60,0
AL011883,UNNAMED,1883,08,21,18,00,29,-69.4,60,0
AL011883,UNNAMED,1883,08,22,00,00,29.9,-69.7,70,1
AL011883,UNNAMED,1883,08,22,06,00,30.7,-70,70,1
AL011883,UNNAMED,1883,08,22,12,00,31.5,-70.2,70,1
AL011883,UNNAMED,1883,08,22,18,00,32.2,-70.3,70,1
AL011883,UNNAMED,1883,08,23,00,00,32.8,-70.2,70,1
AL011883,UNNAMED,1883,08,23,06,00,33.4,-70,70,1
AL011883,UNNAMED,1883,08,23,12,00,33.9,-69.6,70,1
AL011883,UNNAMED,1883,08,23,18,00,34.3,-69.1,70,1
AL011883,UNNAMED,1883,08,24,00,00,34.9,-68.4,70,1
AL011883,UNNAMED,1883,08,24,06,00,35.3,-67.8,70,1
AL011883,UNNAMED,1883,08,24,12,00,35.8,-67.1,70,1
AL011883,UNNAMED,1883,08,24,18,00,36.4,-66.1,70,1
AL011883,UNNAMED,1883,08,25,00,00,36.9,-65.3,80,1
AL011883,UNNAMED,1883,08,25,06,00,37.5,-64.1,80,1
AL011883,UNNAMED,1883,08,25,12,00,38.4,-62.5,80,1
AL011883,UNNAMED,1883,08,25,18,00,39.5,-60.3,80,1
AL011883,UNNAMED,1883,08,26,00,00,41.2,-57.4,80,1
AL011883,UNNAMED,1883,08,26,06,00,42.9,-54.1,80,1
AL011883,UNNAMED,1883,08,26,12,00,44.3,-50.9,80,1
AL011883,UNNAMED,1883,08,26,18,00,45.8,-48,80,1
AL011883,UNNAMED,1883,08,27,00,00,47.7,-43.8,70,1
AL011883,UNNAMED,1883,08,27,06,00,49.3,-40,70,1
AL011883,UNNAMED,1883,08,27,12,00,51,-36,60,0
AL011883,UNNAMED,1883,08,27,18,00,52.1,-32.8,60,0
AL011883,UNNAMED,1883,08,28,00,00,53.4,-28.9,60,0
AL011883,UNNAMED,1883,08,28,06,00,54.7,-24.7,60,0
AL011883,UNNAMED,1883,08,28,12,00,55.7,-20.7,50,0
AL011883,UNNAMED,1883,08,28,18,00,56.7,-17.5,50,0
