id,name,year,month,day,hour,minute,lat,lon,max_sustained_wind_kts,sshws
AL012002,ARTHUR,2002,07,14,18,00,34.3,-76.8,30,0
AL012002,ARTHUR,2002,07,15,00,00,35,-75.1,30,0
AL012002,ARTHUR,2002,07,15,06,00,35.5,-73.3,35,0
AL012002,ARTHUR,2002,07,15,12,00,36.1,-71,45,0
AL012002,ARTHUR,2002,07,15,18,00,36.8,-68.2,45,0
AL012002,ARTHUR,2002,07,16,00,00,37.9,-65.1,50,0
AL012002,ARTHUR,2002,07,16,06,00,38.6,-61.7,50,0
AL012002,ARTHUR,2002,07,16,12,00,40.5,-57.9,50,0
AL012002,ARTHUR,2002,07,16,18,00,42.5,-54.5,50,0
AL012002,ARTHUR,2002,07,17,00,00,44.5,-53,50,0
AL012002,ARTHUR,2002,07,17,06,00,46.5,-53.9,45,0
AL012002,ARTHUR,2002,07,17,12,00,48,-54,40,0
AL012002,ARTHUR,2002,07,17,18,00,49,-53,40,0
AL012002,ARTHUR,2002,07,18,00,00,50.5,-52.5,40,0
AL012002,ARTHUR,2002,07,18,06,00,53,-52.5,40,0
AL012002,ARTHUR,2002,07,18,12,00,55.5,-53,35,0
AL012002,ARTHUR,2002,07,18,18,00,58,-53,35,0
AL012002,ARTHUR,2002,07,19,00,00,57,-52,35,0
AL012002,ARTHUR,2002,07,19,06,00,56.5,-51.5,35,0
AL012002,ARTHUR,2002,07,19,12,00,56,-51,35,0
