AL011991	ANA	1991	06	29	12	00	25.9	-78	20	0
AL011991	ANA	1991	06	29	18	00	25.9	-79	20	0
AL011991	ANA	1991	06	30	00	00	25.9	-80	20	0
AL011991	ANA	1991	06	30	06	00	26	-80.9	20	0
AL011991	ANA	1991	06	30	12	00	26.2	-81.8	20	0
AL011991	ANA	1991	06	30	18	00	26.7	-82.4	20	0
AL011991	ANA	1991	07	01	00	00	27.3	-82.7	20	0
AL011991	ANA	1991	07	01	06	00	28	-82.7	20	0
AL011991	ANA	1991	07	01	12	00	28.7	-82.5	20	0
AL011991	ANA	1991	07	01	18	00	29.3	-82.2	20	0
AL011991	ANA	1991	07	02	00	00	29.9	-81.6	20	0
AL011991	ANA	1991	07	02	06	00	30.4	-81	20	0
AL011991	ANA	1991	07	02	12	00	30.9	-80.3	20	0
AL011991	ANA	1991	07	02	18	00	31.3	-79.7	25	0
AL011991	ANA	1991	07	03	00	00	31.5	-79	25	0
AL011991	ANA	1991	07	03	06	00	32.5	-77.4	25	0
AL011991	ANA	1991	07	03	12	00	33.9	-75.4	30	0
AL011991	ANA	1991	07	03	18	00	35.2	-73.4	30	0
AL011991	ANA	1991	07	04	00	00	36.2	-70.7	40	0
AL011991	ANA	1991	07	04	06	00	37.1	-67.8	45	0
AL011991	ANA	1991	07	04	12	00	37.6	-64.7	45	0
AL011991	ANA	1991	07	04	18	00	37.9	-61.1	45	0
AL011991	ANA	1991	07	05	00	00	38	-57.5	45	0
AL011991	ANA	1991	07	05	06	00	37.5	-54.2	40	0
AL011991	ANA	1991	07	05	12	00	37	-50.7	35	0
