AL011952	UNNAMED	1952	02	02	06	00	17.5	-87.2	30	0
AL011952	UNNAMED	1952	02	02	12	00	20.2	-87.4	35	0
AL011952	UNNAMED	1952	02	02	18	00	22	-85.5	35	0
AL011952	UNNAMED	1952	02	03	00	00	24	-82.6	35	0
AL011952	UNNAMED	1952	02	03	06	00	26.2	-80.4	45	0
AL011952	UNNAMED	1952	02	03	12	00	28.5	-78.4	45	0
AL011952	UNNAMED	1952	02	03	18	00	30.7	-77	45	0
AL011952	UNNAMED	1952	02	04	00	00	32.9	-75.6	45	0
AL011952	UNNAMED	1952	02	04	06	00	35.7	-73.7	50	0
AL011952	UNNAMED	1952	02	04	12	00	38.8	-71.8	50	0
AL011952	UNNAMED	1952	02	04	18	00	41.6	-69.9	50	0
AL011952	UNNAMED	1952	02	05	00	00	44.4	-68	45	0
AL011952	UNNAMED	1952	02	05	06	00	47.4	-67.2	40	0
