id,name,year,month,day,hour,minute,lat,lon,max_sustained_wind_kts,sshws
AL011951,ABLE,1951,05,15,06,00,28,-64.6,25,0
AL011951,ABLE,1951,05,15,12,00,30,-66.5,25,0
AL011951,ABLE,1951,05,15,18,00,30.8,-67.1,25,0
AL011951,ABLE,1951,05,16,00,00,31.4,-68.5,25,0
AL011951,ABLE,1951,05,16,06,00,31.9,-70.8,30,0
AL011951,ABLE,1951,05,16,12,00,31.8,-73.2,30,0
AL011951,ABLE,1951,05,16,18,00,31,-75.3,35,0
AL011951,ABLE,1951,05,17,00,00,30.1,-77.1,40,0
AL011951,ABLE,1951,05,17,06,00,29.4,-78.2,55,0
AL011951,ABLE,1951,05,17,12,00,28.7,-78.6,65,1
AL011951,ABLE,1951,05,17,18,00,28,-78.8,65,1
AL011951,ABLE,1951,05,18,00,00,27.3,-78.7,70,1
AL011951,ABLE,1951,05,18,06,00,26.9,-78.2,70,1
AL011951,ABLE,1951,05,18,12,00,27,-77.7,75,1
AL011951,ABLE,1951,05,18,18,00,27.2,-77.3,80,1
AL011951,ABLE,1951,05,19,00,00,27.4,-77,80,1
AL011951,ABLE,1951,05,19,06,00,27.7,-76.7,80,1
AL011951,ABLE,1951,05,19,12,00,28.1,-76.3,80,1
AL011951,ABLE,1951,05,19,18,00,28.8,-76,80,1
AL011951,ABLE,1951,05,20,00,00,29.7,-75.8,80,1
AL011951,ABLE,1951,05,20,06,00,30.6,-75.6,85,2
AL011951,ABLE,1951,05,20,12,00,31.5,-75.4,90,2
AL011951,ABLE,1951,05,20,18,00,32.4,-75.3,90,2
AL011951,ABLE,1951,05,21,00,00,33.2,-75.2,95,2
AL011951,ABLE,1951,05,21,06,00,34.4,-74.7,100,3
AL011951,ABLE,1951,05,21,12,00,35.5,-74.2,100,3
AL011951,ABLE,1951,05,21,18,00,35.9,-73.6,100,3
AL011951,ABLE,1951,05,22,00,00,36.2,-73,95,2
AL011951,ABLE,1951,05,22,06,00,36.5,-72.2,90,2
AL011951,ABLE,1951,05,22,12,00,36.6,-71.2,85,2
AL011951,ABLE,1951,05,22,18,00,36.6,-70.2,80,1
AL011951,ABLE,1951,05,23,00,00,36.5,-69,70,1
AL011951,ABLE,1951,05,23,06,00,36.4,-67,60,0
AL011951,ABLE,1951,05,23,12,00,36.5,-65,50,0
AL011951,ABLE,1951,05,23,18,00,37.1,-63.6,45,0
AL011951,ABLE,1951,05,24,00,00,37.9,-62.3,45,0
AL011951,ABLE,1951,05,24,06,00,38.7,-61.2,45,0
AL011951,ABLE,1951,05,24,12,00,39.5,-60,45,0
AL011951,ABLE,1951,05,24,18,00,40.1,-59.2,45,0
