AL011910	UNNAMED	1910	08	23	06	00	15	-62	35	0
AL011910	UNNAMED	1910	08	23	12	00	15.5	-63.7	35	0
AL011910	UNNAMED	1910	08	23	18	00	15.9	-65.4	35	0
AL011910	UNNAMED	1910	08	24	00	00	16.5	-67.3	35	0
AL011910	UNNAMED	1910	08	24	06	00	17.2	-69.5	35	0
AL011910	UNNAMED	1910	08	24	12	00	18	-71.5	35	0
AL011910	UNNAMED	1910	08	24	18	00	18.7	-72.8	30	0
AL011910	UNNAMED	1910	08	25	00	00	19.4	-74	30	0
AL011910	UNNAMED	1910	08	25	06	00	20.3	-75.4	30	0
AL011910	UNNAMED	1910	08	25	12	00	21.3	-76.7	30	0
AL011910	UNNAMED	1910	08	25	18	00	22.5	-77.5	30	0
AL011910	UNNAMED	1910	08	26	00	00	23.9	-78.1	30	0
AL011910	UNNAMED	1910	08	26	06	00	25.6	-78.7	30	0
AL011910	UNNAMED	1910	08	26	12	00	27.5	-79	30	0
AL011910	UNNAMED	1910	08	26	18	00	28.4	-79	30	0
AL011910	UNNAMED	1910	08	27	00	00	29.6	-79	35	0
AL011910	UNNAMED	1910	08	27	06	00	30.7	-79	35	0
AL011910	UNNAMED	1910	08	27	12	00	31.7	-78.7	35	0
AL011910	UNNAMED	1910	08	27	18	00	32.3	-78.4	35	0
AL011910	UNNAMED	1910	08	28	00	00	32.9	-78	40	0
AL011910	UNNAMED	1910	08	28	06	00	33.5	-77.6	40	0
AL011910	UNNAMED	1910	08	28	12	00	34	-77	40	0
AL011910	UNNAMED	1910	08	28	18	00	34.9	-76.1	40	0
AL011910	UNNAMED	1910	08	29	00	00	35.6	-75.4	35	0
AL011910	UNNAMED	1910	08	29	06	00	36.3	-74.7	35	0
AL011910	UNNAMED	1910	08	29	12	00	37	-74	30	0
AL011910	UNNAMED	1910	08	29	18	00	37.6	-73.4	30	0
