id,name,year,month,day,hour,minute,lat,lon,max_sustained_wind_kts,sshws
AL011892,UNNAMED,1892,06,09,00,00,20.8,-83.1,35,0
AL011892,UNNAMED,1892,06,09,06,00,21.3,-83.4,35,0
AL011892,UNNAMED,1892,06,09,12,00,21.7,-83.7,35,0
AL011892,UNNAMED,1892,06,09,18,00,22.1,-83.8,35,0
AL011892,UNNAMED,1892,06,10,00,00,22.9,-83.9,35,0
AL011892,UNNAMED,1892,06,10,06,00,23.8,-83.8,35,0
AL011892,UNNAMED,1892,06,10,12,00,24.7,-83.3,40,0
AL011892,UNNAMED,1892,06,10,18,00,25.2,-82.2,40,0
AL011892,UNNAMED,1892,06,10,23,00,25.7,-81.3,40,0
AL011892,UNNAMED,1892,06,11,00,00,25.8,-81,35,0
AL011892,UNNAMED,1892,06,11,06,00,26.4,-79.9,35,0
AL011892,UNNAMED,1892,06,11,12,00,27,-78.7,35,0
AL011892,UNNAMED,1892,06,11,18,00,27.6,-77.6,35,0
AL011892,UNNAMED,1892,06,12,00,00,28.2,-76.7,40,0
AL011892,UNNAMED,1892,06,12,06,00,28.9,-75.8,45,0
AL011892,UNNAMED,1892,06,12,12,00,29.3,-75.1,45,0
AL011892,UNNAMED,1892,06,12,18,00,29.6,-74,45,0
AL011892,UNNAMED,1892,06,13,00,00,29.9,-72.8,45,0
AL011892,UNNAMED,1892,06,13,06,00,30.2,-71.9,45,0
AL011892,UNNAMED,1892,06,13,12,00,30.4,-71.6,45,0
AL011892,UNNAMED,1892,06,13,18,00,31,-71.6,45,0
AL011892,UNNAMED,1892,06,14,00,00,31.4,-72,45,0
AL011892,UNNAMED,1892,06,14,06,00,31.3,-72.7,45,0
AL011892,UNNAMED,1892,06,14,12,00,31.2,-73.6,45,0
AL011892,UNNAMED,1892,06,14,18,00,31.2,-74.1,45,0
AL011892,UNNAMED,1892,06,15,00,00,31.3,-74.7,45,0
AL011892,UNNAMED,1892,06,15,06,00,31.5,-75.3,45,0
AL011892,UNNAMED,1892,06,15,12,00,31.8,-75.8,45,0
AL011892,UNNAMED,1892,06,15,18,00,32,-76,45,0
AL011892,UNNAMED,1892,06,16,00,00,32.3,-76,45,0
AL011892,UNNAMED,1892,06,16,06,00,32.6,-76,40,0
AL011892,UNNAMED,1892,06,16,12,00,33,-76,40,0
AL011892,UNNAMED,1892,06,16,18,00,33.5,-76,35,0
