id,name,year,month,day,hour,minute,lat,lon,max_sustained_wind_kts,sshws
AL011874,UNNAMED,1874,07,02,00,00,25.8,-85.1,40,0
AL011874,UNNAMED,1874,07,02,06,00,26.2,-85.9,40,0
AL011874,UNNAMED,1874,07,02,12,00,26.7,-86.6,40,0
AL011874,UNNAMED,1874,07,02,18,00,27.1,-87.4,40,0
AL011874,UNNAMED,1874,07,03,00,00,27.4,-88.3,50,0
AL011874,UNNAMED,1874,07,03,06,00,27.7,-89.1,50,0
AL011874,UNNAMED,1874,07,03,12,00,27.8,-90.1,50,0
AL011874,UNNAMED,1874,07,03,18,00,27.9,-91.3,50,0
AL011874,UNNAMED,1874,07,04,00,00,27.9,-92.5,50,0
AL011874,UNNAMED,1874,07,04,06,00,27.9,-93.8,50,0
AL011874,UNNAMED,1874,07,04,12,00,28,-94.9,50,0
AL011874,UNNAMED,1874,07,04,18,00,28.3,-95.8,50,0
AL011874,UNNAMED,1874,07,04,20,00,28.5,-96.2,50,0
AL011874,UNNAMED,1874,07,05,00,00,28.8,-96.8,40,0
AL011874,UNNAMED,1874,07,05,06,00,29.4,-97.8,30,0
