AL011949	UNNAMED	1949	08	21	00	00	21.2	-61.5	55	0
AL011949	UNNAMED	1949	08	21	06	00	21.9	-63.2	60	0
AL011949	UNNAMED	1949	08	21	12	00	22.6	-64.9	65	1
AL011949	UNNAMED	1949	08	21	18	00	23.3	-66.6	70	1
AL011949	UNNAMED	1949	08	22	00	00	24	-68.3	75	1
AL011949	UNNAMED	1949	08	22	06	00	24.7	-70	75	1
AL011949	UNNAMED	1949	08	22	12	00	25.4	-71.6	80	1
AL011949	UNNAMED	1949	08	22	18	00	26.2	-73.1	85	2
AL011949	UNNAMED	1949	08	23	00	00	27.2	-74.3	85	2
AL011949	UNNAMED	1949	08	23	06	00	28.2	-75.3	85	2
AL011949	UNNAMED	1949	08	23	12	00	29.2	-76.1	90	2
AL011949	UNNAMED	1949	08	23	18	00	30.2	-76.6	90	2
AL011949	UNNAMED	1949	08	24	00	00	31.5	-76.7	95	2
AL011949	UNNAMED	1949	08	24	06	00	32.9	-76.6	95	2
AL011949	UNNAMED	1949	08	24	12	00	34.3	-76.1	90	2
AL011949	UNNAMED	1949	08	24	18	00	35.7	-74.5	90	2
AL011949	UNNAMED	1949	08	25	00	00	36.7	-71.7	85	2
AL011949	UNNAMED	1949	08	25	06	00	37.4	-67.7	85	2
AL011949	UNNAMED	1949	08	25	12	00	38.2	-61.3	80	1
AL011949	UNNAMED	1949	08	25	18	00	39.6	-56.7	75	1
AL011949	UNNAMED	1949	08	26	00	00	41.3	-54	70	1
AL011949	UNNAMED	1949	08	26	06	00	43	-51.9	65	1
AL011949	UNNAMED	1949	08	26	12	00	44.7	-50	65	1
AL011949	UNNAMED	1949	08	26	18	00	46.1	-47.5	60	0
AL011949	UNNAMED	1949	08	27	00	00	47.4	-45	60	0
AL011949	UNNAMED	1949	08	27	06	00	49.2	-42.5	55	0
AL011949	UNNAMED	1949	08	27	12	00	51.2	-40	50	0
AL011949	UNNAMED	1949	08	27	18	00	52.8	-37.8	50	0
AL011949	UNNAMED	1949	08	28	00	00	54.2	-35.7	50	0
AL011949	UNNAMED	1949	08	28	06	00	56	-33	45	0
AL011949	UNNAMED	1949	08	28	12	00	58	-30	40	0
AL011949	UNNAMED	1949	08	28	18	00	60	-27.4	40	0
AL011949	UNNAMED	1949	08	29	00	00	61.5	-24.7	50	0
AL011949	UNNAMED	1949	08	29	06	00	62.9	-21.9	45	0
AL011949	UNNAMED	1949	08	29	12	00	64	-19	40	0
AL011949	UNNAMED	1949	08	29	18	00	65	-16	40	0
AL011949	UNNAMED	1949	08	30	00	00	66	-13	35	0
