AL011936	UNNAMED	1936	06	12	00	00	18.1	-87.3	30	0
AL011936	UNNAMED	1936	06	12	06	00	18.9	-86.6	35	0
AL011936	UNNAMED	1936	06	12	12	00	19.7	-86.4	40	0
AL011936	UNNAMED	1936	06	12	18	00	20.4	-86.5	40	0
AL011936	UNNAMED	1936	06	13	00	00	21.1	-86.6	40	0
AL011936	UNNAMED	1936	06	13	06	00	22.1	-86.7	40	0
AL011936	UNNAMED	1936	06	13	12	00	23.2	-86.7	40	0
AL011936	UNNAMED	1936	06	13	18	00	23.9	-86.5	40	0
AL011936	UNNAMED	1936	06	14	00	00	24.3	-86.4	40	0
AL011936	UNNAMED	1936	06	14	06	00	24.7	-86.2	40	0
AL011936	UNNAMED	1936	06	14	12	00	25	-86	40	0
AL011936	UNNAMED	1936	06	14	18	00	25.4	-85.3	40	0
AL011936	UNNAMED	1936	06	15	00	00	25.8	-84	40	0
AL011936	UNNAMED	1936	06	15	06	00	26	-82.3	40	0
AL011936	UNNAMED	1936	06	15	08	00	25.9	-81.7	40	0
AL011936	UNNAMED	1936	06	15	12	00	25.8	-80.5	40	0
AL011936	UNNAMED	1936	06	15	18	00	26.1	-78.2	40	0
AL011936	UNNAMED	1936	06	16	00	00	27.1	-75.7	40	0
AL011936	UNNAMED	1936	06	16	06	00	28.1	-73	40	0
AL011936	UNNAMED	1936	06	16	12	00	29.5	-70.2	40	0
AL011936	UNNAMED	1936	06	16	18	00	31.1	-67.5	40	0
AL011936	UNNAMED	1936	06	17	00	00	32.9	-65.2	40	0
AL011936	UNNAMED	1936	06	17	06	00	35	-63.2	40	0
