id,name,year,month,day,hour,minute,lat,lon,max_sustained_wind_kts,sshws
AL011896,UNNAMED,1896,07,04,12,00,20.9,-81.1,35,0
AL011896,UNNAMED,1896,07,04,18,00,21.8,-82,40,0
AL011896,UNNAMED,1896,07,05,00,00,22.6,-82.8,45,0
AL011896,UNNAMED,1896,07,05,06,00,23.4,-83.6,45,0
AL011896,UNNAMED,1896,07,05,12,00,24.2,-84.2,55,0
AL011896,UNNAMED,1896,07,05,18,00,24.9,-84.7,65,1
AL011896,UNNAMED,1896,07,06,00,00,25.6,-85.2,75,1
AL011896,UNNAMED,1896,07,06,06,00,26.3,-85.6,85,2
AL011896,UNNAMED,1896,07,06,12,00,27,-86,85,2
AL011896,UNNAMED,1896,07,06,18,00,27.7,-86.2,85,2
AL011896,UNNAMED,1896,07,07,00,00,28.4,-86.5,85,2
AL011896,UNNAMED,1896,07,07,06,00,29,-86.6,85,2
AL011896,UNNAMED,1896,07,07,12,00,29.7,-86.7,85,2
AL011896,UNNAMED,1896,07,07,17,00,30.4,-86.5,85,2
AL011896,UNNAMED,1896,07,07,18,00,30.5,-86.4,85,2
AL011896,UNNAMED,1896,07,08,00,00,31.6,-85.3,60,0
AL011896,UNNAMED,1896,07,08,06,00,32.4,-84.3,45,0
AL011896,UNNAMED,1896,07,08,12,00,33.3,-83.5,35,0
AL011896,UNNAMED,1896,07,08,18,00,34.5,-82.9,30,0
AL011896,UNNAMED,1896,07,09,00,00,36.4,-83.2,30,0
AL011896,UNNAMED,1896,07,09,06,00,38.5,-84,30,0
AL011896,UNNAMED,1896,07,09,12,00,40.6,-84,25,0
AL011896,UNNAMED,1896,07,09,18,00,42.1,-83.8,25,0
AL011896,UNNAMED,1896,07,10,00,00,43.6,-83.5,25,0
AL011896,UNNAMED,1896,07,10,06,00,45.1,-83.3,25,0
AL011896,UNNAMED,1896,07,10,12,00,46.7,-83,25,0
AL011896,UNNAMED,1896,07,10,18,00,48.3,-82.2,25,0
AL011896,UNNAMED,1896,07,11,00,00,50,-80.8,25,0
AL011896,UNNAMED,1896,07,11,06,00,51.7,-78.8,25,0
AL011896,UNNAMED,1896,07,11,12,00,53.5,-76.5,25,0
AL011896,UNNAMED,1896,07,11,18,00,55.3,-74.1,25,0
AL011896,UNNAMED,1896,07,12,00,00,57.1,-71.3,25,0
AL011896,UNNAMED,1896,07,12,06,00,58.9,-68.3,25,0
AL011896,UNNAMED,1896,07,12,12,00,60.8,-64.9,25,0
