AL011964	UNNAMED	1964	06	02	12	00	17.9	-86.1	25	0
AL011964	UNNAMED	1964	06	02	18	00	18.2	-86.1	25	0
AL011964	UNNAMED	1964	06	03	00	00	18.4	-86.1	25	0
AL011964	UNNAMED	1964	06	03	06	00	18.7	-86.1	25	0
AL011964	UNNAMED	1964	06	03	12	00	18.9	-86.1	25	0
AL011964	UNNAMED	1964	06	03	18	00	19.2	-86.1	25	0
AL011964	UNNAMED	1964	06	04	00	00	19.4	-86	25	0
AL011964	UNNAMED	1964	06	04	06	00	19.6	-86	25	0
AL011964	UNNAMED	1964	06	04	12	00	19.8	-86	25	0
AL011964	UNNAMED	1964	06	04	18	00	20.7	-86	25	0
AL011964	UNNAMED	1964	06	05	00	00	21.8	-85.9	25	0
AL011964	UNNAMED	1964	06	05	06	00	22.6	-85.8	25	0
AL011964	UNNAMED	1964	06	05	12	00	23.5	-85.6	25	0
AL011964	UNNAMED	1964	06	05	18	00	24.8	-85.3	25	0
AL011964	UNNAMED	1964	06	06	00	00	26.1	-85	25	0
AL011964	UNNAMED	1964	06	06	06	00	27.4	-84.6	30	0
AL011964	UNNAMED	1964	06	06	12	00	28.7	-83.9	30	0
AL011964	UNNAMED	1964	06	06	18	00	29.8	-82.5	30	0
AL011964	UNNAMED	1964	06	07	00	00	30.7	-81	30	0
AL011964	UNNAMED	1964	06	07	06	00	31.6	-79.8	30	0
AL011964	UNNAMED	1964	06	07	12	00	32.5	-78.6	35	0
AL011964	UNNAMED	1964	06	07	18	00	33.2	-77.3	35	0
AL011964	UNNAMED	1964	06	08	00	00	33.8	-76	35	0
AL011964	UNNAMED	1964	06	08	06	00	34.4	-74.5	40	0
AL011964	UNNAMED	1964	06	08	12	00	34.9	-72.7	45	0
AL011964	UNNAMED	1964	06	08	18	00	35.6	-70.5	45	0
AL011964	UNNAMED	1964	06	09	00	00	36.3	-68.2	45	0
AL011964	UNNAMED	1964	06	09	06	00	36.6	-65.9	50	0
AL011964	UNNAMED	1964	06	09	12	00	36.7	-64	50	0
AL011964	UNNAMED	1964	06	09	18	00	36.6	-62.6	50	0
AL011964	UNNAMED	1964	06	10	00	00	36.5	-61.4	50	0
AL011964	UNNAMED	1964	06	10	06	00	36.4	-60.1	45	0
AL011964	UNNAMED	1964	06	10	12	00	36.5	-58.9	35	0
AL011964	UNNAMED	1964	06	10	18	00	37	-57.7	35	0
AL011964	UNNAMED	1964	06	11	00	00	37.7	-56.5	35	0
AL011964	UNNAMED	1964	06	11	06	00	38.4	-55.9	35	0
AL011964	UNNAMED	1964	06	11	12	00	39	-55.8	35	0
AL011964	UNNAMED	1964	06	11	18	00	39.6	-55.8	35	0
