AL011906	UNNAMED	1906	06	08	12	00	19.4	-83.6	35	0
AL011906	UNNAMED	1906	06	08	18	00	20.4	-83.7	35	0
AL011906	UNNAMED	1906	06	09	00	00	21.4	-83.8	35	0
AL011906	UNNAMED	1906	06	09	06	00	22.2	-83.9	35	0
AL011906	UNNAMED	1906	06	09	12	00	23	-84	40	0
AL011906	UNNAMED	1906	06	09	18	00	23.5	-84.1	45	0
AL011906	UNNAMED	1906	06	10	00	00	23.9	-84.2	45	0
AL011906	UNNAMED	1906	06	10	06	00	24.4	-84.2	45	0
AL011906	UNNAMED	1906	06	10	12	00	25	-84.3	45	0
AL011906	UNNAMED	1906	06	10	18	00	25.4	-84.4	45	0
AL011906	UNNAMED	1906	06	11	00	00	25.8	-84.6	45	0
AL011906	UNNAMED	1906	06	11	06	00	26.1	-84.8	45	0
AL011906	UNNAMED	1906	06	11	12	00	26.5	-85	45	0
AL011906	UNNAMED	1906	06	11	18	00	27	-85.2	45	0
AL011906	UNNAMED	1906	06	12	00	00	27.5	-85.4	45	0
AL011906	UNNAMED	1906	06	12	06	00	28	-85.5	45	0
AL011906	UNNAMED	1906	06	12	12	00	28.7	-85.5	45	0
AL011906	UNNAMED	1906	06	12	18	00	29.6	-85.6	45	0
AL011906	UNNAMED	1906	06	12	20	00	30.1	-85.6	45	0
AL011906	UNNAMED	1906	06	13	00	00	30.7	-85.6	40	0
AL011906	UNNAMED	1906	06	13	06	00	31.8	-85.7	35	0
AL011906	UNNAMED	1906	06	13	12	00	33	-85.7	35	0
AL011906	UNNAMED	1906	06	13	18	00	34.6	-86.5	30	0
AL011906	UNNAMED	1906	06	14	00	00	36.2	-87.7	30	0
AL011906	UNNAMED	1906	06	14	06	00	38	-89.1	30	0
AL011906	UNNAMED	1906	06	14	12	00	40	-89.5	30	0
AL011906	UNNAMED	1906	06	14	18	00	41.8	-89.8	30	0
