id,name,year,month,day,hour,minute,lat,lon,max_sustained_wind_kts,sshws
AL011946,UNNAMED,1946,06,13,12,00,27.5,-86.5,25,0
AL011946,UNNAMED,1946,06,13,18,00,27.8,-86.8,30,0
AL011946,UNNAMED,1946,06,14,00,00,28.1,-87.2,30,0
AL011946,UNNAMED,1946,06,14,06,00,28.4,-87.6,35,0
AL011946,UNNAMED,1946,06,14,12,00,28.6,-88,35,0
AL011946,UNNAMED,1946,06,14,18,00,28.7,-88.7,35,0
AL011946,UNNAMED,1946,06,15,00,00,28.7,-89.5,35,0
AL011946,UNNAMED,1946,06,15,06,00,28.8,-90.3,35,0
AL011946,UNNAMED,1946,06,15,12,00,28.8,-91,35,0
AL011946,UNNAMED,1946,06,15,18,00,28.9,-91.7,35,0
AL011946,UNNAMED,1946,06,16,00,00,29.1,-92.4,30,0
AL011946,UNNAMED,1946,06,16,06,00,29.4,-93.1,30,0
AL011946,UNNAMED,1946,06,16,12,00,29.7,-93.8,25,0
AL011946,UNNAMED,1946,06,16,18,00,30.1,-94.8,20,0
