id,name,year,month,day,hour,minute,lat,lon,max_sustained_wind_kts,sshws
AL011995,ALLISON,1995,06,03,00,00,17.4,-84.3,30,0
AL011995,ALLISON,1995,06,03,06,00,18.3,-84.9,30,0
AL011995,ALLISON,1995,06,03,12,00,19.3,-85.7,35,0
AL011995,ALLISON,1995,06,03,18,00,20.6,-85.8,40,0
AL011995,ALLISON,1995,06,04,00,00,22,-86,50,0
AL011995,ALLISON,1995,06,04,06,00,23.3,-86.3,60,0
AL011995,ALLISON,1995,06,04,12,00,24.7,-86.2,65,1
AL011995,ALLISON,1995,06,04,18,00,26.2,-86.2,65,1
AL011995,ALLISON,1995,06,05,00,00,27.6,-86.1,65,1
AL011995,ALLISON,1995,06,05,06,00,28.5,-85.6,60,0
AL011995,ALLISON,1995,06,05,12,00,29.6,-84.7,60,0
AL011995,ALLISON,1995,06,05,14,00,29.9,-84.4,60,0
AL011995,ALLISON,1995,06,05,15,00,30.1,-84.2,55,0
AL011995,ALLISON,1995,06,05,18,00,30.7,-83.8,45,0
AL011995,ALLISON,1995,06,06,00,00,31.8,-82.8,30,0
AL011995,ALLISON,1995,06,06,06,00,32.7,-81.5,35,0
AL011995,ALLISON,1995,06,06,12,00,33.6,-80,35,0
AL011995,ALLISON,1995,06,06,18,00,34.5,-78.1,40,0
AL011995,ALLISON,1995,06,07,00,00,35.6,-75.9,40,0
AL011995,ALLISON,1995,06,07,06,00,37.1,-73.6,45,0
AL011995,ALLISON,1995,06,07,12,00,38.5,-71,45,0
AL011995,ALLISON,1995,06,07,18,00,39.8,-69.2,45,0
AL011995,ALLISON,1995,06,08,00,00,41,-67.7,50,0
AL011995,ALLISON,1995,06,08,06,00,42.4,-66,50,0
AL011995,ALLISON,1995,06,08,12,00,43.8,-63.7,50,0
AL011995,ALLISON,1995,06,08,18,00,45.2,-61.2,45,0
AL011995,ALLISON,1995,06,09,00,00,46.5,-58.5,40,0
AL011995,ALLISON,1995,06,09,06,00,48.1,-55.9,40,0
AL011995,ALLISON,1995,06,09,12,00,50,-53,40,0
AL011995,ALLISON,1995,06,09,18,00,53,-52,40,0
AL011995,ALLISON,1995,06,10,00,00,57,-52,40,0
AL011995,ALLISON,1995,06,10,06,00,60,-52,40,0
AL011995,ALLISON,1995,06,10,12,00,62,-53,40,0
AL011995,ALLISON,1995,06,10,18,00,64,-55,35,0
AL011995,ALLISON,1995,06,11,00,00,65,-56,35,0
