AL011973	UNNAMED	1973	04	18	12	00	24	-65	20	0
AL011973	UNNAMED	1973	04	18	18	00	24.5	-65	20	0
AL011973	UNNAMED	1973	04	19	00	00	25	-65	20	0
AL011973	UNNAMED	1973	04	19	06	00	25.5	-65	25	0
AL011973	UNNAMED	1973	04	19	12	00	26.5	-65	25	0
AL011973	UNNAMED	1973	04	19	18	00	26.5	-64.2	25	0
AL011973	UNNAMED	1973	04	20	00	00	27	-63.5	25	0
AL011973	UNNAMED	1973	04	20	06	00	27.5	-62.8	25	0
AL011973	UNNAMED	1973	04	20	12	00	28	-62	25	0
AL011973	UNNAMED	1973	04	20	18	00	27.6	-60.7	20	0
AL011973	UNNAMED	1973	04	21	00	00	27.2	-59.3	20	0
AL011973	UNNAMED	1973	04	21	06	00	26.9	-57.9	20	0
AL011973	UNNAMED	1973	04	21	12	00	26.5	-56.5	20	0
