AL011921	UNNAMED	1921	06	16	00	00	16.5	-82.4	30	0
AL011921	UNNAMED	1921	06	16	06	00	16.5	-83.2	30	0
AL011921	UNNAMED	1921	06	16	12	00	16.5	-84	30	0
AL011921	UNNAMED	1921	06	16	18	00	16.5	-84.7	30	0
AL011921	UNNAMED	1921	06	17	00	00	16.5	-85.3	35	0
AL011921	UNNAMED	1921	06	17	06	00	16.7	-86	40	0
AL011921	UNNAMED	1921	06	17	12	00	17.1	-86.7	45	0
AL011921	UNNAMED	1921	06	17	18	00	17.7	-87.7	45	0
AL011921	UNNAMED	1921	06	18	00	00	18.7	-89.1	40	0
AL011921	UNNAMED	1921	06	18	06	00	19.6	-90.6	35	0
AL011921	UNNAMED	1921	06	18	12	00	20.3	-92	45	0
AL011921	UNNAMED	1921	06	18	18	00	20.8	-93	45	0
AL011921	UNNAMED	1921	06	19	00	00	21.2	-93.5	50	0
AL011921	UNNAMED	1921	06	19	06	00	21.6	-93.8	50	0
AL011921	UNNAMED	1921	06	19	12	00	22	-94	50	0
AL011921	UNNAMED	1921	06	19	18	00	22.4	-94.2	55	0
AL011921	UNNAMED	1921	06	20	00	00	22.8	-94.5	60	0
AL011921	UNNAMED	1921	06	20	06	00	23.2	-94.7	60	0
AL011921	UNNAMED	1921	06	20	12	00	23.7	-95	65	1
AL011921	UNNAMED	1921	06	20	18	00	24.2	-95.2	65	1
AL011921	UNNAMED	1921	06	21	00	00	24.7	-95.3	65	1
AL011921	UNNAMED	1921	06	21	06	00	25.1	-95.4	65	1
AL011921	UNNAMED	1921	06	21	12	00	25.5	-95.5	70	1
AL011921	UNNAMED	1921	06	21	18	00	26	-95.6	70	1
AL011921	UNNAMED	1921	06	22	00	00	26.5	-95.6	75	1
AL011921	UNNAMED	1921	06	22	06	00	27	-95.7	80	1
AL011921	UNNAMED	1921	06	22	12	00	27.6	-95.8	80	1
AL011921	UNNAMED	1921	06	22	18	00	28.5	-95.9	80	1
AL011921	UNNAMED	1921	06	23	00	00	29.6	-96	50	0
AL011921	UNNAMED	1921	06	23	06	00	30.9	-96.1	40	0
AL011921	UNNAMED	1921	06	23	12	00	32.1	-96.2	30	0
AL011921	UNNAMED	1921	06	23	18	00	33.2	-96.1	30	0
AL011921	UNNAMED	1921	06	24	00	00	34.3	-95.7	30	0
AL011921	UNNAMED	1921	06	24	06	00	35.3	-95.3	30	0
AL011921	UNNAMED	1921	06	24	12	00	36.3	-95	30	0
AL011921	UNNAMED	1921	06	24	18	00	36.9	-94.9	30	0
AL011921	UNNAMED	1921	06	25	00	00	37.3	-94.8	30	0
AL011921	UNNAMED	1921	06	25	06	00	37.6	-94.8	30	0
AL011921	UNNAMED	1921	06	25	12	00	37.9	-94.8	25	0
AL011921	UNNAMED	1921	06	25	18	00	38.3	-94.8	20	0
AL011921	UNNAMED	1921	06	26	00	00	38.8	-94.9	20	0
AL011921	UNNAMED	1921	06	26	06	00	39.4	-95	15	0
AL011921	UNNAMED	1921	06	26	12	00	40	-95.2	15	0
