AL011914	UNNAMED	1914	09	15	00	00	25.2	-76.4	30	0
AL011914	UNNAMED	1914	09	15	06	00	25.9	-76.7	30	0
AL011914	UNNAMED	1914	09	15	12	00	26.5	-77	35	0
AL011914	UNNAMED	1914	09	15	18	00	27	-77.3	35	0
AL011914	UNNAMED	1914	09	16	00	00	27.5	-77.7	40	0
AL011914	UNNAMED	1914	09	16	06	00	28	-78.1	45	0
AL011914	UNNAMED	1914	09	16	12	00	28.5	-78.5	50	0
AL011914	UNNAMED	1914	09	16	18	00	29.1	-79.2	55	0
AL011914	UNNAMED	1914	09	17	00	00	29.8	-80.1	60	0
AL011914	UNNAMED	1914	09	17	06	00	30.5	-81.2	60	0
AL011914	UNNAMED	1914	09	17	07	00	30.6	-81.4	60	0
AL011914	UNNAMED	1914	09	17	12	00	31	-82.5	40	0
AL011914	UNNAMED	1914	09	17	18	00	31.2	-83.9	35	0
AL011914	UNNAMED	1914	09	18	00	00	31.1	-85.4	35	0
AL011914	UNNAMED	1914	09	18	06	00	30.5	-87	35	0
AL011914	UNNAMED	1914	09	18	12	00	30.2	-88.8	35	0
AL011914	UNNAMED	1914	09	18	18	00	30.1	-90.6	30	0
AL011914	UNNAMED	1914	09	19	00	00	30	-92.2	30	0
AL011914	UNNAMED	1914	09	19	06	00	30	-93.7	25	0
