id,name,year,month,day,hour,minute,lat,lon,max_sustained_wind_kts,sshws
AL011876,UNNAMED,1876,09,09,00,00,39,-60.8,80,1
AL011876,UNNAMED,1876,09,09,06,00,39.5,-60.4,80,1
AL011876,UNNAMED,1876,09,09,12,00,40,-60,80,1
AL011876,UNNAMED,1876,09,09,18,00,40.7,-59.3,80,1
AL011876,UNNAMED,1876,09,10,00,00,41.5,-58.3,80,1
AL011876,UNNAMED,1876,09,10,06,00,42.4,-57.2,80,1
AL011876,UNNAMED,1876,09,10,12,00,43,-56,70,1
AL011876,UNNAMED,1876,09,10,18,00,43.5,-54.6,70,1
AL011876,UNNAMED,1876,09,11,00,00,43.9,-53.2,60,0
AL011876,UNNAMED,1876,09,11,06,00,44.2,-51.9,60,0
AL011876,UNNAMED,1876,09,11,12,00,44.5,-50.5,60,0
AL011876,UNNAMED,1876,09,11,18,00,45,-48.5,60,0
