id,name,year,month,day,hour,minute,lat,lon,max_sustained_wind_kts,sshws
AL011903,UNNAMED,1903,07,21,00,00,20,-67.8,35,0
AL011903,UNNAMED,1903,07,21,06,00,20.7,-68.9,35,0
AL011903,UNNAMED,1903,07,21,12,00,21.5,-70,35,0
AL011903,UNNAMED,1903,07,21,18,00,22.5,-71.2,35,0
AL011903,UNNAMED,1903,07,22,00,00,23.7,-72.6,35,0
AL011903,UNNAMED,1903,07,22,06,00,24.9,-73.8,35,0
AL011903,UNNAMED,1903,07,22,12,00,26.5,-75,40,0
AL011903,UNNAMED,1903,07,22,18,00,27.6,-75.5,40,0
AL011903,UNNAMED,1903,07,23,00,00,28.8,-75.6,45,0
AL011903,UNNAMED,1903,07,23,06,00,29.9,-75.4,50,0
AL011903,UNNAMED,1903,07,23,12,00,31,-75,55,0
AL011903,UNNAMED,1903,07,23,18,00,32.2,-73.6,60,0
AL011903,UNNAMED,1903,07,24,00,00,33.4,-71.6,65,1
AL011903,UNNAMED,1903,07,24,06,00,34.3,-70.1,70,1
AL011903,UNNAMED,1903,07,24,12,00,35.3,-68.5,70,1
AL011903,UNNAMED,1903,07,24,18,00,36.4,-66.9,70,1
AL011903,UNNAMED,1903,07,25,00,00,37.3,-65.2,70,1
AL011903,UNNAMED,1903,07,25,06,00,37.9,-63.6,65,1
AL011903,UNNAMED,1903,07,25,12,00,38.5,-61.5,60,0
AL011903,UNNAMED,1903,07,25,18,00,39.3,-58,55,0
AL011903,UNNAMED,1903,07,26,00,00,39.9,-54.7,50,0
AL011903,UNNAMED,1903,07,26,06,00,40.5,-51.4,50,0
AL011903,UNNAMED,1903,07,26,12,00,41,-48.5,45,0
AL011903,UNNAMED,1903,07,26,18,00,41.4,-45.7,40,0
