id,name,year,month,day,hour,minute,lat,lon,max_sustained_wind_kts,sshws
AL011972,ALPHA,1972,05,23,18,00,31.2,-78.2,25,0
AL011972,ALPHA,1972,05,24,00,00,31.7,-77,30,0
AL011972,ALPHA,1972,05,24,06,00,32.2,-76.6,30,0
AL011972,ALPHA,1972,05,24,12,00,32.9,-76.2,30,0
AL011972,ALPHA,1972,05,24,18,00,33.5,-75.7,30,0
AL011972,ALPHA,1972,05,25,00,00,34,-75.4,30,0
AL011972,ALPHA,1972,05,25,06,00,34.3,-75.1,30,0
AL011972,ALPHA,1972,05,25,12,00,34.4,-74.6,30,0
AL011972,ALPHA,1972,05,25,18,00,34.2,-74.1,30,0
AL011972,ALPHA,1972,05,26,00,00,34,-73.5,45,0
AL011972,ALPHA,1972,05,26,06,00,32.5,-74.6,50,0
AL011972,ALPHA,1972,05,26,12,00,31.6,-75.7,60,0
AL011972,ALPHA,1972,05,26,18,00,31.4,-75.9,55,0
AL011972,ALPHA,1972,05,27,00,00,31.2,-76.2,50,0
AL011972,ALPHA,1972,05,27,06,00,30.8,-77.1,45,0
AL011972,ALPHA,1972,05,27,12,00,30.6,-78.4,55,0
AL011972,ALPHA,1972,05,27,18,00,30.8,-80.1,50,0
AL011972,ALPHA,1972,05,28,00,00,31,-81.7,30,0
AL011972,ALPHA,1972,05,28,06,00,30.5,-83,30,0
AL011972,ALPHA,1972,05,28,12,00,29.8,-84,30,0
AL011972,ALPHA,1972,05,28,18,00,29.2,-84.7,30,0
AL011972,ALPHA,1972,05,29,00,00,28.8,-85,25,0
AL011972,ALPHA,1972,05,29,06,00,28.4,-85.2,25,0
AL011972,ALPHA,1972,05,29,12,00,27.8,-85.5,25,0
