id,name,year,month,day,hour,minute,lat,lon,max_sustained_wind_kts,sshws
AL011957,UNNAMED,1957,06,08,06,00,25.5,-88.5,20,0
AL011957,UNNAMED,1957,06,08,12,00,26.2,-87.8,35,0
AL011957,UNNAMED,1957,06,08,18,00,28.2,-86.2,35,0
AL011957,UNNAMED,1957,06,09,00,00,30,-84.3,35,0
AL011957,UNNAMED,1957,06,09,06,00,31.6,-82.3,35,0
AL011957,UNNAMED,1957,06,09,12,00,32.6,-80.2,35,0
AL011957,UNNAMED,1957,06,09,18,00,33,-78.2,45,0
AL011957,UNNAMED,1957,06,10,00,00,33.1,-76.1,55,0
AL011957,UNNAMED,1957,06,10,06,00,33.2,-74.2,60,0
AL011957,UNNAMED,1957,06,10,12,00,33,-72.6,60,0
AL011957,UNNAMED,1957,06,10,18,00,32.5,-71.4,60,0
AL011957,UNNAMED,1957,06,11,00,00,32,-70.3,55,0
AL011957,UNNAMED,1957,06,11,06,00,31.5,-68.7,55,0
AL011957,UNNAMED,1957,06,11,12,00,31,-67.3,50,0
AL011957,UNNAMED,1957,06,11,18,00,30.9,-66.6,45,0
AL011957,UNNAMED,1957,06,12,00,00,31.1,-66.1,45,0
AL011957,UNNAMED,1957,06,12,06,00,31.7,-65.6,40,0
AL011957,UNNAMED,1957,06,12,12,00,32.2,-65.2,35,0
AL011957,UNNAMED,1957,06,12,18,00,33,-65.8,35,0
AL011957,UNNAMED,1957,06,13,00,00,32.2,-66.1,35,0
AL011957,UNNAMED,1957,06,13,06,00,32.1,-64.9,35,0
AL011957,UNNAMED,1957,06,13,12,00,32.1,-63.6,35,0
AL011957,UNNAMED,1957,06,13,18,00,32.7,-62.4,35,0
AL011957,UNNAMED,1957,06,14,00,00,33.4,-61.3,35,0
AL011957,UNNAMED,1957,06,14,06,00,34,-60.4,35,0
AL011957,UNNAMED,1957,06,14,12,00,34.6,-59.6,35,0
AL011957,UNNAMED,1957,06,14,18,00,35.6,-58.4,35,0
AL011957,UNNAMED,1957,06,15,00,00,37,-57.1,35,0
AL011957,UNNAMED,1957,06,15,06,00,38.7,-56.4,35,0
