AL011937	UNNAMED	1937	07	29	00	00	26.5	-85.7	25	0
AL011937	UNNAMED	1937	07	29	06	00	27	-84.7	30	0
AL011937	UNNAMED	1937	07	29	12	00	27.4	-83.9	40	0
AL011937	UNNAMED	1937	07	29	18	00	27.8	-83.3	55	0
AL011937	UNNAMED	1937	07	29	22	00	28.1	-82.8	55	0
AL011937	UNNAMED	1937	07	30	00	00	28.3	-82.5	45	0
AL011937	UNNAMED	1937	07	30	06	00	29.2	-81.3	40	0
AL011937	UNNAMED	1937	07	30	12	00	30.1	-80.2	35	0
AL011937	UNNAMED	1937	07	30	18	00	31.1	-79.2	35	0
AL011937	UNNAMED	1937	07	31	00	00	32.1	-78.3	40	0
AL011937	UNNAMED	1937	07	31	06	00	33.1	-77.4	50	0
AL011937	UNNAMED	1937	07	31	12	00	34.2	-76.5	55	0
AL011937	UNNAMED	1937	07	31	18	00	36	-74.4	60	0
AL011937	UNNAMED	1937	08	01	00	00	37.9	-71.6	60	0
AL011937	UNNAMED	1937	08	01	06	00	39.6	-69.2	55	0
AL011937	UNNAMED	1937	08	01	12	00	41.1	-66.8	50	0
AL011937	UNNAMED	1937	08	01	18	00	42.5	-64.8	50	0
AL011937	UNNAMED	1937	08	02	00	00	43.8	-64.3	45	0
AL011937	UNNAMED	1937	08	02	06	00	45.2	-64.5	40	0
AL011937	UNNAMED	1937	08	02	12	00	46.5	-65.2	35	0
AL011937	UNNAMED	1937	08	02	18	00	47.6	-65.9	30	0
