AL011958	ALMA	1958	06	14	06	00	21.1	-94.5	30	0
AL011958	ALMA	1958	06	14	12	00	21.7	-95	40	0
AL011958	ALMA	1958	06	14	18	00	22.5	-95.6	45	0
AL011958	ALMA	1958	06	15	00	00	23.5	-96.4	40	0
AL011958	ALMA	1958	06	15	06	00	24.5	-97.3	35	0
AL011958	ALMA	1958	06	15	12	00	25.6	-98.1	35	0
AL011958	ALMA	1958	06	15	18	00	26.7	-99	30	0
AL011958	ALMA	1958	06	16	00	00	27.9	-100.1	25	0
AL011958	ALMA	1958	06	16	06	00	29.1	-101	20	0
AL011958	ALMA	1958	06	16	12	00	30.3	-101.7	15	0
AL011958	ALMA	1958	06	16	18	00	31.4	-102.5	15	0
