AL021868	UNNAMED	1868	10	01	00	00	25.2	-94.6	40	0
AL021868	UNNAMED	1868	10	01	06	00	25.7	-94.4	40	0
AL021868	UNNAMED	1868	10	01	12	00	26.1	-94.1	40	0
AL021868	UNNAMED	1868	10	01	18	00	26.4	-93.8	40	0
AL021868	UNNAMED	1868	10	02	00	00	26.7	-93.5	50	0
AL021868	UNNAMED	1868	10	02	06	00	26.9	-93.3	50	0
AL021868	UNNAMED	1868	10	02	12	00	27.1	-93	60	0
AL021868	UNNAMED	1868	10	02	18	00	27.5	-92.6	60	0
AL021868	UNNAMED	1868	10	03	00	00	27.8	-92.1	60	0
AL021868	UNNAMED	1868	10	03	06	00	28	-91.6	60	0
AL021868	UNNAMED	1868	10	03	12	00	28.2	-91	60	0
AL021868	UNNAMED	1868	10	03	18	00	28.6	-90.4	60	0
AL021868	UNNAMED	1868	10	04	00	00	28.9	-89.4	60	0
AL021868	UNNAMED	1868	10	04	06	00	29.2	-88.3	60	0
AL021868	UNNAMED	1868	10	04	12	00	29.5	-87	60	0
AL021868	UNNAMED	1868	10	04	16	00	29.9	-85.4	60	0
AL021868	UNNAMED	1868	10	04	18	00	30.2	-84.6	50	0
AL021868	UNNAMED	1868	10	05	00	00	31	-82.3	40	0
AL021868	UNNAMED	1868	10	05	06	00	32.2	-79.6	40	0
AL021868	UNNAMED	1868	10	05	12	00	33.3	-77.6	50	0
AL021868	UNNAMED	1868	10	05	18	00	34.9	-74.9	50	0
AL021868	UNNAMED	1868	10	06	00	00	36.5	-72.3	60	0
AL021868	UNNAMED	1868	10	06	06	00	38	-70.1	60	0
AL021868	UNNAMED	1868	10	06	12	00	39.5	-67.8	60	0
AL021868	UNNAMED	1868	10	06	18	00	40.8	-65.3	60	0
AL021868	UNNAMED	1868	10	07	00	00	42.3	-62.4	60	0
AL021868	UNNAMED	1868	10	07	06	00	43.3	-59.8	60	0
AL021868	UNNAMED	1868	10	07	12	00	44	-57.5	70	1
AL021868	UNNAMED	1868	10	07	18	00	44.5	-55.5	70	1
