AL021931	UNNAMED	1931	07	11	06	00	15.7	-82.3	30	0
AL021931	UNNAMED	1931	07	11	12	00	16	-83	30	0
AL021931	UNNAMED	1931	07	11	18	00	16.5	-84	30	0
AL021931	UNNAMED	1931	07	12	00	00	17	-85	30	0
AL021931	UNNAMED	1931	07	12	06	00	17.5	-86	30	0
AL021931	UNNAMED	1931	07	12	12	00	18	-87	30	0
AL021931	UNNAMED	1931	07	12	18	00	18.5	-88	30	0
AL021931	UNNAMED	1931	07	13	00	00	19	-88.8	30	0
AL021931	UNNAMED	1931	07	13	06	00	19.5	-89.5	30	0
AL021931	UNNAMED	1931	07	13	12	00	20	-90	35	0
AL021931	UNNAMED	1931	07	13	18	00	20.8	-90.3	40	0
AL021931	UNNAMED	1931	07	14	00	00	22	-90.4	45	0
AL021931	UNNAMED	1931	07	14	06	00	23.5	-90.5	50	0
AL021931	UNNAMED	1931	07	14	12	00	24.8	-90.6	55	0
AL021931	UNNAMED	1931	07	14	18	00	26	-90.7	60	0
AL021931	UNNAMED	1931	07	15	00	00	27.2	-90.8	60	0
AL021931	UNNAMED	1931	07	15	06	00	28.4	-90.9	55	0
AL021931	UNNAMED	1931	07	15	10	00	29.2	-91	50	0
AL021931	UNNAMED	1931	07	15	12	00	29.6	-91.1	45	0
AL021931	UNNAMED	1931	07	15	18	00	30.4	-91.3	40	0
AL021931	UNNAMED	1931	07	16	00	00	31	-91.7	35	0
AL021931	UNNAMED	1931	07	16	06	00	31.6	-92.3	30	0
AL021931	UNNAMED	1931	07	16	12	00	32.2	-93	25	0
AL021931	UNNAMED	1931	07	16	18	00	33.1	-93.8	25	0
AL021931	UNNAMED	1931	07	17	00	00	34.2	-94.7	25	0
AL021931	UNNAMED	1931	07	17	06	00	35.3	-95.7	20	0
