AL021904	UNNAMED	1904	09	08	00	00	16.2	-54	50	0
AL021904	UNNAMED	1904	09	08	06	00	16.7	-54.8	50	0
AL021904	UNNAMED	1904	09	08	12	00	17.3	-55.7	50	0
AL021904	UNNAMED	1904	09	08	18	00	18.1	-57.1	50	0
AL021904	UNNAMED	1904	09	09	00	00	19	-58.6	50	0
AL021904	UNNAMED	1904	09	09	06	00	19.9	-60.3	50	0
AL021904	UNNAMED	1904	09	09	12	00	21	-62	50	0
AL021904	UNNAMED	1904	09	09	18	00	21.7	-63	50	0
AL021904	UNNAMED	1904	09	10	00	00	22.5	-64.2	50	0
AL021904	UNNAMED	1904	09	10	06	00	23.4	-65.5	50	0
AL021904	UNNAMED	1904	09	10	12	00	24	-66.5	50	0
AL021904	UNNAMED	1904	09	10	18	00	24.7	-67.3	50	0
AL021904	UNNAMED	1904	09	11	00	00	25.1	-68	50	0
AL021904	UNNAMED	1904	09	11	06	00	25.5	-69	50	0
AL021904	UNNAMED	1904	09	11	12	00	25.9	-70	50	0
AL021904	UNNAMED	1904	09	11	18	00	26.2	-70.8	50	0
AL021904	UNNAMED	1904	09	12	00	00	26.6	-71.6	55	0
AL021904	UNNAMED	1904	09	12	06	00	26.8	-72.3	60	0
AL021904	UNNAMED	1904	09	12	12	00	27	-73	65	1
AL021904	UNNAMED	1904	09	12	18	00	27.2	-73.8	70	1
AL021904	UNNAMED	1904	09	13	00	00	27.6	-74.7	70	1
AL021904	UNNAMED	1904	09	13	06	00	28.1	-75.7	70	1
AL021904	UNNAMED	1904	09	13	12	00	29	-76.7	70	1
AL021904	UNNAMED	1904	09	13	18	00	29.7	-77.4	70	1
AL021904	UNNAMED	1904	09	14	00	00	30.4	-78	70	1
AL021904	UNNAMED	1904	09	14	06	00	31.5	-78.5	70	1
AL021904	UNNAMED	1904	09	14	12	00	32.7	-79	70	1
AL021904	UNNAMED	1904	09	14	13	00	33.1	-79.2	70	1
AL021904	UNNAMED	1904	09	14	18	00	34.6	-79.5	60	0
AL021904	UNNAMED	1904	09	15	00	00	36.5	-77.6	55	0
AL021904	UNNAMED	1904	09	15	06	00	39.1	-75	65	1
AL021904	UNNAMED	1904	09	15	12	00	42	-70.3	75	1
AL021904	UNNAMED	1904	09	15	18	00	45.9	-64	55	0
