AL021886	UNNAMED	1886	06	17	00	00	19.1	-84.8	35	0
AL021886	UNNAMED	1886	06	17	06	00	19.6	-85.1	35	0
AL021886	UNNAMED	1886	06	17	12	00	20	-85.3	40	0
AL021886	UNNAMED	1886	06	17	18	00	20.4	-85.4	40	0
AL021886	UNNAMED	1886	06	18	00	00	20.7	-85.6	45	0
AL021886	UNNAMED	1886	06	18	06	00	21.1	-85.6	50	0
AL021886	UNNAMED	1886	06	18	12	00	21.7	-85.7	55	0
AL021886	UNNAMED	1886	06	18	18	00	22.1	-85.7	65	1
AL021886	UNNAMED	1886	06	19	00	00	22.5	-85.7	70	1
AL021886	UNNAMED	1886	06	19	06	00	22.9	-85.6	75	1
AL021886	UNNAMED	1886	06	19	12	00	23.3	-85.3	80	1
AL021886	UNNAMED	1886	06	19	18	00	23.8	-85.1	80	1
AL021886	UNNAMED	1886	06	20	00	00	24.3	-84.9	85	2
AL021886	UNNAMED	1886	06	20	06	00	24.7	-84.7	85	2
AL021886	UNNAMED	1886	06	20	12	00	25.3	-84.5	85	2
AL021886	UNNAMED	1886	06	20	18	00	26.3	-84.4	85	2
AL021886	UNNAMED	1886	06	21	00	00	27.7	-84.2	85	2
AL021886	UNNAMED	1886	06	21	06	00	28.9	-84.1	85	2
AL021886	UNNAMED	1886	06	21	11	00	30.1	-84	85	2
AL021886	UNNAMED	1886	06	21	12	00	30.3	-84	80	1
AL021886	UNNAMED	1886	06	21	18	00	31.3	-83.8	65	1
AL021886	UNNAMED	1886	06	22	00	00	32.3	-83.2	45	0
AL021886	UNNAMED	1886	06	22	06	00	33.8	-82.2	40	0
AL021886	UNNAMED	1886	06	22	12	00	35.2	-81	35	0
AL021886	UNNAMED	1886	06	22	18	00	36.3	-79.3	35	0
AL021886	UNNAMED	1886	06	23	00	00	37.3	-78	30	0
AL021886	UNNAMED	1886	06	23	06	00	38.4	-76.9	30	0
AL021886	UNNAMED	1886	06	23	12	00	39.3	-75.3	30	0
AL021886	UNNAMED	1886	06	23	18	00	39.9	-73.2	30	0
AL021886	UNNAMED	1886	06	24	00	00	40.2	-70	30	0
AL021886	UNNAMED	1886	06	24	06	00	40.1	-66	30	0
AL021886	UNNAMED	1886	06	24	12	00	40	-61.5	30	0
AL021886	UNNAMED	1886	06	24	18	00	39.9	-57	30	0
