AL022008	BERTHA	2008	07	03	06	00	12.7	-22.9	30	0
AL022008	BERTHA	2008	07	03	12	00	13.1	-24	35	0
AL022008	BERTHA	2008	07	03	18	00	13.2	-25.2	35	0
AL022008	BERTHA	2008	07	04	00	00	13.4	-26.5	40	0
AL022008	BERTHA	2008	07	04	06	00	14	-27.8	40	0
AL022008	BERTHA	2008	07	04	12	00	14.8	-29.2	45	0
AL022008	BERTHA	2008	07	04	18	00	15.4	-30.8	45	0
AL022008	BERTHA	2008	07	05	00	00	15.8	-32.6	45	0
AL022008	BERTHA	2008	07	05	06	00	16.3	-34.4	45	0
AL022008	BERTHA	2008	07	05	12	00	16.4	-36.4	45	0
AL022008	BERTHA	2008	07	05	18	00	16.6	-38.4	45	0
AL022008	BERTHA	2008	07	06	00	00	16.8	-40.3	45	0
AL022008	BERTHA	2008	07	06	06	00	17	-42.3	45	0
AL022008	BERTHA	2008	07	06	12	00	17.6	-44.3	45	0
AL022008	BERTHA	2008	07	06	18	00	18.4	-46.2	45	0
AL022008	BERTHA	2008	07	07	00	00	18.8	-47.9	55	0
AL022008	BERTHA	2008	07	07	06	00	19.1	-49.4	65	1
AL022008	BERTHA	2008	07	07	12	00	19.4	-50.7	80	1
AL022008	BERTHA	2008	07	07	18	00	19.9	-51.6	100	3
AL022008	BERTHA	2008	07	07	21	00	20.3	-51.9	110	3
AL022008	BERTHA	2008	07	08	00	00	20.6	-52.2	105	3
AL022008	BERTHA	2008	07	08	06	00	21.1	-52.9	105	3
AL022008	BERTHA	2008	07	08	12	00	21.8	-53.5	90	2
AL022008	BERTHA	2008	07	08	18	00	22.4	-54.4	75	1
AL022008	BERTHA	2008	07	09	00	00	22.7	-55.2	70	1
AL022008	BERTHA	2008	07	09	06	00	23.2	-56.1	65	1
AL022008	BERTHA	2008	07	09	12	00	23.8	-57	65	1
AL022008	BERTHA	2008	07	09	18	00	24.5	-57.8	85	2
AL022008	BERTHA	2008	07	10	00	00	25.2	-58.6	90	2
AL022008	BERTHA	2008	07	10	06	00	25.7	-59.1	90	2
AL022008	BERTHA	2008	07	10	12	00	26.3	-59.8	80	1
AL022008	BERTHA	2008	07	10	18	00	26.9	-60.5	75	1
AL022008	BERTHA	2008	07	11	00	00	27.4	-61	75	1
AL022008	BERTHA	2008	07	11	06	00	27.8	-61.5	75	1
AL022008	BERTHA	2008	07	11	12	00	28.3	-61.8	75	1
AL022008	BERTHA	2008	07	11	18	00	28.8	-62.1	80	1
AL022008	BERTHA	2008	07	12	00	00	29.3	-62.3	80	1
AL022008	BERTHA	2008	07	12	06	00	29.5	-62.5	80	1
AL022008	BERTHA	2008	07	12	12	00	29.7	-62.5	75	1
AL022008	BERTHA	2008	07	12	18	00	29.9	-62.5	65	1
AL022008	BERTHA	2008	07	13	00	00	29.9	-62.4	65	1
AL022008	BERTHA	2008	07	13	06	00	29.8	-62.5	65	1
AL022008	BERTHA	2008	07	13	12	00	29.9	-62.7	60	0
AL022008	BERTHA	2008	07	13	18	00	30.1	-62.9	55	0
AL022008	BERTHA	2008	07	14	00	00	30.5	-63.1	55	0
AL022008	BERTHA	2008	07	14	06	00	31	-63.5	55	0
AL022008	BERTHA	2008	07	14	12	00	31.6	-63.8	55	0
AL022008	BERTHA	2008	07	14	18	00	32.5	-64.1	60	0
AL022008	BERTHA	2008	07	15	00	00	33.5	-63.8	60	0
AL022008	BERTHA	2008	07	15	06	00	34.3	-63.5	60	0
AL022008	BERTHA	2008	07	15	12	00	35.3	-63	60	0
AL022008	BERTHA	2008	07	15	18	00	36.2	-62.5	60	0
AL022008	BERTHA	2008	07	16	00	00	36.7	-61.8	60	0
AL022008	BERTHA	2008	07	16	06	00	36.8	-61.3	60	0
AL022008	BERTHA	2008	07	16	12	00	36.8	-60.9	60	0
AL022008	BERTHA	2008	07	16	18	00	36.3	-60.7	60	0
AL022008	BERTHA	2008	07	17	00	00	35.7	-60.3	55	0
AL022008	BERTHA	2008	07	17	06	00	34.9	-59.7	50	0
AL022008	BERTHA	2008	07	17	12	00	34.3	-58.9	50	0
AL022008	BERTHA	2008	07	17	18	00	33.9	-57.8	50	0
AL022008	BERTHA	2008	07	18	00	00	33.7	-56	50	0
AL022008	BERTHA	2008	07	18	06	00	34.4	-54.4	55	0
AL022008	BERTHA	2008	07	18	12	00	35.5	-53	55	0
AL022008	BERTHA	2008	07	18	18	00	36.9	-51.5	65	1
AL022008	BERTHA	2008	07	19	00	00	38.6	-49.7	65	1
AL022008	BERTHA	2008	07	19	06	00	40.4	-48	65	1
AL022008	BERTHA	2008	07	19	12	00	42.1	-46.3	65	1
AL022008	BERTHA	2008	07	19	18	00	43.7	-44.3	65	1
AL022008	BERTHA	2008	07	20	00	00	45.3	-42.4	60	0
AL022008	BERTHA	2008	07	20	06	00	47.6	-40	60	0
AL022008	BERTHA	2008	07	20	12	00	50	-37	60	0
AL022008	BERTHA	2008	07	20	18	00	53	-34	55	0
AL022008	BERTHA	2008	07	21	00	00	55.1	-31	50	0
AL022008	BERTHA	2008	07	21	06	00	58.5	-27	45	0
