id,name,year,month,day,hour,minute,lat,lon,max_sustained_wind_kts,sshws
AL021979,ANA,1979,06,19,12,00,10,-45,25,0
AL021979,ANA,1979,06,19,18,00,10.2,-46,25,0
AL021979,ANA,1979,06,20,00,00,10.5,-47,25,0
AL021979,ANA,1979,06,20,06,00,10.9,-48.1,25,0
AL021979,ANA,1979,06,20,12,00,11.3,-49.2,25,0
AL021979,ANA,1979,06,20,18,00,11.8,-50.2,25,0
AL021979,ANA,1979,06,21,00,00,12.3,-51.1,30,0
AL021979,ANA,1979,06,21,06,00,12.9,-51.9,30,0
AL021979,ANA,1979,06,21,12,00,13.5,-52.7,30,0
AL021979,ANA,1979,06,21,18,00,13.9,-53.5,30,0
AL021979,ANA,1979,06,22,00,00,14.2,-54.7,35,0
AL021979,ANA,1979,06,22,06,00,14.2,-55.8,40,0
AL021979,ANA,1979,06,22,12,00,14.2,-56.9,50,0
AL021979,ANA,1979,06,22,18,00,14.1,-58.3,40,0
AL021979,ANA,1979,06,23,00,00,14.1,-59.8,35,0
AL021979,ANA,1979,06,23,06,00,14,-61.3,30,0
AL021979,ANA,1979,06,23,12,00,14,-62.8,25,0
AL021979,ANA,1979,06,23,18,00,14,-64.5,25,0
AL021979,ANA,1979,06,24,00,00,14,-66.2,25,0
