id,name,year,month,day,hour,minute,lat,lon,max_sustained_wind_kts,sshws
AL021934,UNNAMED,1934,07,12,00,00,30.7,-79.4,25,0
AL021934,UNNAMED,1934,07,12,06,00,30.8,-79.1,25,0
AL021934,UNNAMED,1934,07,12,12,00,31,-78.8,25,0
AL021934,UNNAMED,1934,07,12,18,00,31.3,-78.1,30,0
AL021934,UNNAMED,1934,07,13,00,00,31.6,-77.1,30,0
AL021934,UNNAMED,1934,07,13,06,00,31.9,-75.7,35,0
AL021934,UNNAMED,1934,07,13,12,00,32.2,-74.3,40,0
AL021934,UNNAMED,1934,07,13,18,00,32.4,-72.9,45,0
AL021934,UNNAMED,1934,07,14,00,00,32.6,-71.4,50,0
AL021934,UNNAMED,1934,07,14,06,00,32.9,-69.9,60,0
AL021934,UNNAMED,1934,07,14,12,00,33.5,-68.3,65,1
AL021934,UNNAMED,1934,07,14,18,00,34.5,-66.7,70,1
AL021934,UNNAMED,1934,07,15,00,00,35.9,-65,75,1
AL021934,UNNAMED,1934,07,15,06,00,37.4,-63.3,80,1
AL021934,UNNAMED,1934,07,15,12,00,39,-61.5,80,1
AL021934,UNNAMED,1934,07,15,18,00,40.8,-59.5,80,1
AL021934,UNNAMED,1934,07,16,00,00,42.8,-57.2,75,1
AL021934,UNNAMED,1934,07,16,06,00,44.9,-54.6,65,1
AL021934,UNNAMED,1934,07,16,12,00,47,-52,55,0
AL021934,UNNAMED,1934,07,16,18,00,48.7,-49.7,50,0
AL021934,UNNAMED,1934,07,17,00,00,50,-47.5,45,0
