id,name,year,month,day,hour,minute,lat,lon,max_sustained_wind_kts,sshws
AL022007,BARRY,2007,05,31,00,00,18.1,-87,25,0
AL022007,BARRY,2007,05,31,06,00,18.7,-86.9,25,0
AL022007,BARRY,2007,05,31,12,00,19.1,-86.8,25,0
AL022007,BARRY,2007,05,31,18,00,19.6,-86.6,25,0
AL022007,BARRY,2007,06,01,00,00,20.1,-86,25,0
AL022007,BARRY,2007,06,01,06,00,21.2,-85.8,25,0
AL022007,BARRY,2007,06,01,12,00,22.3,-85.8,30,0
AL022007,BARRY,2007,06,01,18,00,23.6,-85.7,40,0
AL022007,BARRY,2007,06,02,00,00,24.3,-85.2,50,0
AL022007,BARRY,2007,06,02,06,00,25.1,-84.6,45,0
AL022007,BARRY,2007,06,02,12,00,27,-83.2,40,0
AL022007,BARRY,2007,06,02,14,00,27.5,-82.7,30,0
AL022007,BARRY,2007,06,02,18,00,29.7,-82.1,30,0
AL022007,BARRY,2007,06,03,00,00,31.4,-81.4,35,0
AL022007,BARRY,2007,06,03,06,00,32.1,-81,40,0
AL022007,BARRY,2007,06,03,12,00,32.8,-80,40,0
AL022007,BARRY,2007,06,03,18,00,33.7,-78.4,40,0
AL022007,BARRY,2007,06,04,00,00,35.3,-76,40,0
AL022007,BARRY,2007,06,04,06,00,37.2,-74.6,40,0
AL022007,BARRY,2007,06,04,12,00,39,-73.2,40,0
AL022007,BARRY,2007,06,04,18,00,40.7,-72.1,35,0
AL022007,BARRY,2007,06,05,00,00,42.4,-70.8,35,0
AL022007,BARRY,2007,06,05,06,00,44.6,-69.5,30,0
AL022007,BARRY,2007,06,05,12,00,47.5,-68.5,30,0
