AL021859	UNNAMED	1859	08	17	00	00	38.5	-67	90	2
AL021859	UNNAMED	1859	08	17	06	00	39.5	-66	90	2
AL021859	UNNAMED	1859	08	17	12	00	40.2	-65	90	2
AL021859	UNNAMED	1859	08	17	18	00	40.7	-64	90	2
AL021859	UNNAMED	1859	08	18	00	00	41	-62.9	90	2
AL021859	UNNAMED	1859	08	18	06	00	41.4	-61.6	90	2
AL021859	UNNAMED	1859	08	18	12	00	41.7	-60.2	90	2
AL021859	UNNAMED	1859	08	18	18	00	41.8	-59	90	2
AL021859	UNNAMED	1859	08	19	00	00	41.9	-58	90	2
AL021859	UNNAMED	1859	08	19	06	00	42	-57.3	90	2
AL021859	UNNAMED	1859	08	19	12	00	42	-56.8	90	2
AL021859	UNNAMED	1859	08	19	18	00	42	-56.5	90	2
