AL021906	UNNAMED	1906	06	14	06	00	22.9	-76.4	35	0
AL021906	UNNAMED	1906	06	14	12	00	23	-77.5	35	0
AL021906	UNNAMED	1906	06	14	18	00	23.1	-78.2	35	0
AL021906	UNNAMED	1906	06	15	00	00	23.1	-79	35	0
AL021906	UNNAMED	1906	06	15	06	00	23.2	-79.8	40	0
AL021906	UNNAMED	1906	06	15	12	00	23.3	-80.5	40	0
AL021906	UNNAMED	1906	06	15	18	00	23.3	-80.8	45	0
AL021906	UNNAMED	1906	06	16	00	00	23.3	-81.1	50	0
AL021906	UNNAMED	1906	06	16	06	00	23.3	-81.3	55	0
AL021906	UNNAMED	1906	06	16	12	00	23.5	-81.5	60	0
AL021906	UNNAMED	1906	06	16	18	00	24	-81.5	65	1
AL021906	UNNAMED	1906	06	17	00	00	24.5	-81.3	70	1
AL021906	UNNAMED	1906	06	17	03	00	24.7	-81.1	70	1
AL021906	UNNAMED	1906	06	17	06	00	25	-80.9	75	1
AL021906	UNNAMED	1906	06	17	08	00	25.2	-80.7	75	1
AL021906	UNNAMED	1906	06	17	12	00	25.7	-80.3	75	1
AL021906	UNNAMED	1906	06	17	18	00	26.7	-79	75	1
AL021906	UNNAMED	1906	06	18	00	00	28.1	-77.5	80	1
AL021906	UNNAMED	1906	06	18	06	00	29.5	-76.1	80	1
AL021906	UNNAMED	1906	06	18	12	00	31	-74.7	85	2
AL021906	UNNAMED	1906	06	18	18	00	32.4	-73.4	85	2
AL021906	UNNAMED	1906	06	19	00	00	33.8	-72.3	90	2
AL021906	UNNAMED	1906	06	19	06	00	35.1	-71.2	90	2
AL021906	UNNAMED	1906	06	19	12	00	36.3	-69.5	90	2
AL021906	UNNAMED	1906	06	19	18	00	36.7	-68.2	85	2
AL021906	UNNAMED	1906	06	20	00	00	36.6	-67.2	80	1
AL021906	UNNAMED	1906	06	20	06	00	36.3	-66	75	1
AL021906	UNNAMED	1906	06	20	12	00	36	-65	65	1
AL021906	UNNAMED	1906	06	20	18	00	35.7	-64.6	65	1
AL021906	UNNAMED	1906	06	21	00	00	35.4	-64.1	55	0
AL021906	UNNAMED	1906	06	21	06	00	35.1	-63.6	50	0
AL021906	UNNAMED	1906	06	21	12	00	35	-63	45	0
AL021906	UNNAMED	1906	06	21	18	00	35.2	-62.3	45	0
AL021906	UNNAMED	1906	06	22	00	00	35.6	-61.6	45	0
AL021906	UNNAMED	1906	06	22	06	00	35.8	-60.8	40	0
AL021906	UNNAMED	1906	06	22	12	00	36	-60	40	0
AL021906	UNNAMED	1906	06	22	18	00	36.3	-59	40	0
AL021906	UNNAMED	1906	06	23	00	00	36.5	-57.8	35	0
AL021906	UNNAMED	1906	06	23	06	00	36.8	-56.5	35	0
AL021906	UNNAMED	1906	06	23	12	00	37	-55.1	35	0
AL021906	UNNAMED	1906	06	23	18	00	37.3	-53	30	0
