AL021905	UNNAMED	1905	09	11	12	00	19.5	-51	35	0
AL021905	UNNAMED	1905	09	11	18	00	19.7	-52.1	35	0
AL021905	UNNAMED	1905	09	12	00	00	20	-53.3	35	0
AL021905	UNNAMED	1905	09	12	06	00	20.2	-54.1	35	0
AL021905	UNNAMED	1905	09	12	12	00	20.5	-55	40	0
AL021905	UNNAMED	1905	09	12	18	00	21	-56	40	0
AL021905	UNNAMED	1905	09	13	00	00	21.4	-56.8	40	0
AL021905	UNNAMED	1905	09	13	06	00	21.8	-57.4	45	0
AL021905	UNNAMED	1905	09	13	12	00	22.1	-57.9	50	0
AL021905	UNNAMED	1905	09	13	18	00	22.3	-58.3	50	0
AL021905	UNNAMED	1905	09	14	00	00	22.6	-58.6	50	0
AL021905	UNNAMED	1905	09	14	06	00	22.9	-58.8	50	0
AL021905	UNNAMED	1905	09	14	12	00	23.2	-59.1	45	0
AL021905	UNNAMED	1905	09	14	18	00	23.8	-59.4	40	0
AL021905	UNNAMED	1905	09	15	00	00	24.4	-59.7	35	0
AL021905	UNNAMED	1905	09	15	06	00	25	-60	35	0
AL021905	UNNAMED	1905	09	15	12	00	25.5	-60.3	35	0
AL021905	UNNAMED	1905	09	15	18	00	25.9	-60.6	35	0
AL021905	UNNAMED	1905	09	16	00	00	26.3	-61.1	35	0
AL021905	UNNAMED	1905	09	16	06	00	26.7	-61.5	35	0
AL021905	UNNAMED	1905	09	16	12	00	27	-62	30	0
AL021905	UNNAMED	1905	09	16	18	00	27.2	-62.5	30	0
