id,name,year,month,day,hour,minute,lat,lon,max_sustained_wind_kts,sshws
AL021919,UNNAMED,1919,09,02,12,00,16,-61,25,0
AL021919,UNNAMED,1919,09,02,18,00,16.3,-62.3,30,0
AL021919,UNNAMED,1919,09,03,00,00,16.7,-63.6,30,0
AL021919,UNNAMED,1919,09,03,06,00,17.1,-64.8,35,0
AL021919,UNNAMED,1919,09,03,12,00,17.5,-66,40,0
AL021919,UNNAMED,1919,09,03,18,00,18,-67,45,0
AL021919,UNNAMED,1919,09,04,00,00,18.6,-68,45,0
AL021919,UNNAMED,1919,09,04,06,00,19.1,-69,40,0
AL021919,UNNAMED,1919,09,04,12,00,19.5,-70,35,0
AL021919,UNNAMED,1919,09,04,18,00,19.8,-70.8,35,0
AL021919,UNNAMED,1919,09,05,00,00,20,-71.6,35,0
AL021919,UNNAMED,1919,09,05,06,00,20.2,-72.2,35,0
AL021919,UNNAMED,1919,09,05,12,00,20.5,-72.5,35,0
AL021919,UNNAMED,1919,09,05,18,00,20.9,-72.6,35,0
AL021919,UNNAMED,1919,09,06,00,00,21.4,-72.6,40,0
AL021919,UNNAMED,1919,09,06,06,00,21.8,-72.7,45,0
AL021919,UNNAMED,1919,09,06,12,00,22.2,-72.8,50,0
AL021919,UNNAMED,1919,09,06,18,00,22.5,-73.1,55,0
AL021919,UNNAMED,1919,09,07,00,00,22.8,-73.5,60,0
AL021919,UNNAMED,1919,09,07,06,00,23,-74,65,1
AL021919,UNNAMED,1919,09,07,12,00,23.2,-74.5,75,1
AL021919,UNNAMED,1919,09,07,18,00,23.4,-75.1,85,2
AL021919,UNNAMED,1919,09,08,00,00,23.5,-75.8,95,2
AL021919,UNNAMED,1919,09,08,06,00,23.6,-76.5,95,2
AL021919,UNNAMED,1919,09,08,12,00,23.7,-77.3,100,3
AL021919,UNNAMED,1919,09,08,18,00,23.8,-78.1,105,3
AL021919,UNNAMED,1919,09,09,00,00,23.9,-78.9,110,3
AL021919,UNNAMED,1919,09,09,06,00,24,-79.7,115,4
AL021919,UNNAMED,1919,09,09,12,00,24,-80.5,120,4
AL021919,UNNAMED,1919,09,09,18,00,24.1,-81.3,125,4
AL021919,UNNAMED,1919,09,10,00,00,24.3,-82.1,130,4
AL021919,UNNAMED,1919,09,10,06,00,24.6,-82.8,130,4
AL021919,UNNAMED,1919,09,10,07,00,24.6,-82.9,130,4
AL021919,UNNAMED,1919,09,10,12,00,24.8,-83.4,130,4
AL021919,UNNAMED,1919,09,10,18,00,24.9,-84,130,4
AL021919,UNNAMED,1919,09,11,00,00,25,-84.5,130,4
AL021919,UNNAMED,1919,09,11,06,00,25,-85,130,4
AL021919,UNNAMED,1919,09,11,12,00,25.1,-85.5,130,4
AL021919,UNNAMED,1919,09,11,18,00,25.3,-86.1,125,4
AL021919,UNNAMED,1919,09,12,00,00,25.6,-86.7,120,4
AL021919,UNNAMED,1919,09,12,06,00,25.9,-87.3,115,4
AL021919,UNNAMED,1919,09,12,12,00,26.2,-88,110,3
AL021919,UNNAMED,1919,09,12,18,00,26.4,-89,110,3
AL021919,UNNAMED,1919,09,13,00,00,26.5,-90,115,4
AL021919,UNNAMED,1919,09,13,06,00,26.5,-91,125,4
AL021919,UNNAMED,1919,09,13,12,00,26.5,-92,125,4
AL021919,UNNAMED,1919,09,13,18,00,26.6,-92.9,120,4
AL021919,UNNAMED,1919,09,14,00,00,26.7,-93.8,115,4
AL021919,UNNAMED,1919,09,14,06,00,26.8,-94.6,110,3
AL021919,UNNAMED,1919,09,14,12,00,27,-95.5,105,3
AL021919,UNNAMED,1919,09,14,18,00,27.2,-96.6,100,3
AL021919,UNNAMED,1919,09,14,21,00,27.2,-97.3,100,3
AL021919,UNNAMED,1919,09,15,00,00,27.4,-98,75,1
AL021919,UNNAMED,1919,09,15,06,00,27.8,-99.5,55,0
AL021919,UNNAMED,1919,09,15,12,00,28.2,-101,40,0
AL021919,UNNAMED,1919,09,15,18,00,28.9,-102.4,35,0
AL021919,UNNAMED,1919,09,16,00,00,29.7,-103.8,30,0
AL021919,UNNAMED,1919,09,16,06,00,30.6,-105,25,0
AL021919,UNNAMED,1919,09,16,12,00,31.5,-106,20,0
