id,name,year,month,day,hour,minute,lat,lon,max_sustained_wind_kts,sshws
AL021917,UNNAMED,1917,08,06,00,00,32,-67.5,35,0
AL021917,UNNAMED,1917,08,06,06,00,32,-68,35,0
AL021917,UNNAMED,1917,08,06,12,00,32,-68.5,35,0
AL021917,UNNAMED,1917,08,06,18,00,32,-69,35,0
AL021917,UNNAMED,1917,08,07,00,00,32,-69.4,35,0
AL021917,UNNAMED,1917,08,07,06,00,32,-69.9,35,0
AL021917,UNNAMED,1917,08,07,12,00,32,-70.3,35,0
AL021917,UNNAMED,1917,08,07,18,00,32,-70.7,35,0
AL021917,UNNAMED,1917,08,08,00,00,32,-71.2,40,0
AL021917,UNNAMED,1917,08,08,06,00,32.1,-71.6,40,0
AL021917,UNNAMED,1917,08,08,12,00,32.1,-72,40,0
AL021917,UNNAMED,1917,08,08,18,00,32.3,-72.4,40,0
AL021917,UNNAMED,1917,08,09,00,00,32.5,-72.8,45,0
AL021917,UNNAMED,1917,08,09,06,00,32.8,-73.2,45,0
AL021917,UNNAMED,1917,08,09,12,00,33.2,-73.5,45,0
AL021917,UNNAMED,1917,08,09,18,00,34.1,-73.6,50,0
AL021917,UNNAMED,1917,08,10,00,00,35.8,-73.3,55,0
AL021917,UNNAMED,1917,08,10,06,00,38,-71.8,60,0
AL021917,UNNAMED,1917,08,10,12,00,40.5,-70.2,60,0
AL021917,UNNAMED,1917,08,10,18,00,43,-68,50,0
AL021917,UNNAMED,1917,08,11,00,00,45.7,-65,50,0
AL021917,UNNAMED,1917,08,11,06,00,48.7,-61,45,0
AL021917,UNNAMED,1917,08,11,12,00,52,-57,35,0
AL021917,UNNAMED,1917,08,11,18,00,56,-53,30,0
