id,name,year,month,day,hour,minute,lat,lon,max_sustained_wind_kts,sshws
AL021998,BONNIE,1998,08,19,12,00,14.7,-48.1,25,0
AL021998,BONNIE,1998,08,19,18,00,15.4,-50.1,30,0
AL021998,BONNIE,1998,08,20,00,00,16.2,-52.2,30,0
AL021998,BONNIE,1998,08,20,06,00,16.9,-54.7,30,0
AL021998,BONNIE,1998,08,20,12,00,17.3,-57.3,35,0
AL021998,BONNIE,1998,08,20,18,00,18.2,-59.6,35,0
AL021998,BONNIE,1998,08,21,00,00,18.7,-61.3,40,0
AL021998,BONNIE,1998,08,21,06,00,19.1,-62.9,45,0
AL021998,BONNIE,1998,08,21,12,00,19.5,-64.5,50,0
AL021998,BONNIE,1998,08,21,18,00,20.3,-65.9,55,0
AL021998,BONNIE,1998,08,22,00,00,21.1,-67.3,65,1
AL021998,BONNIE,1998,08,22,06,00,21.8,-68.7,70,1
AL021998,BONNIE,1998,08,22,12,00,22.3,-69.8,75,1
AL021998,BONNIE,1998,08,22,18,00,23,-70.5,85,2
AL021998,BONNIE,1998,08,23,00,00,23.4,-71,90,2
AL021998,BONNIE,1998,08,23,06,00,23.8,-71.3,95,2
AL021998,BONNIE,1998,08,23,12,00,24.1,-71.5,100,3
AL021998,BONNIE,1998,08,23,18,00,24.4,-71.7,100,3
AL021998,BONNIE,1998,08,24,00,00,24.8,-71.8,100,3
AL021998,BONNIE,1998,08,24,06,00,25.2,-72.1,100,3
AL021998,BONNIE,1998,08,24,12,00,25.6,-72.4,100,3
AL021998,BONNIE,1998,08,24,18,00,26.1,-72.8,100,3
AL021998,BONNIE,1998,08,25,00,00,26.9,-73.2,100,3
AL021998,BONNIE,1998,08,25,06,00,27.8,-73.8,100,3
AL021998,BONNIE,1998,08,25,12,00,28.8,-74.7,100,3
AL021998,BONNIE,1998,08,25,18,00,29.8,-75.6,100,3
AL021998,BONNIE,1998,08,26,00,00,30.8,-76.4,100,3
AL021998,BONNIE,1998,08,26,06,00,31.7,-77.3,100,3
AL021998,BONNIE,1998,08,26,12,00,32.7,-77.8,100,3
AL021998,BONNIE,1998,08,26,18,00,33.4,-77.8,100,3
AL021998,BONNIE,1998,08,27,00,00,34,-77.7,95,2
AL021998,BONNIE,1998,08,27,04,00,34.4,-77.7,95,2
AL021998,BONNIE,1998,08,27,06,00,34.5,-77.5,85,2
AL021998,BONNIE,1998,08,27,12,00,34.9,-77.1,75,1
AL021998,BONNIE,1998,08,27,18,00,35.4,-76.6,60,0
AL021998,BONNIE,1998,08,28,00,00,35.8,-75.9,65,1
AL021998,BONNIE,1998,08,28,06,00,36.2,-75.1,75,1
AL021998,BONNIE,1998,08,28,12,00,36.7,-74.3,65,1
AL021998,BONNIE,1998,08,28,18,00,37.3,-73.2,60,0
AL021998,BONNIE,1998,08,29,00,00,38.3,-71.4,45,0
AL021998,BONNIE,1998,08,29,06,00,39.2,-69.6,45,0
AL021998,BONNIE,1998,08,29,12,00,40.2,-67.8,45,0
AL021998,BONNIE,1998,08,29,18,00,41.6,-64.8,45,0
AL021998,BONNIE,1998,08,30,00,00,42.9,-61.5,45,0
AL021998,BONNIE,1998,08,30,06,00,44.3,-57,45,0
AL021998,BONNIE,1998,08,30,12,00,44.5,-53.5,45,0
AL021998,BONNIE,1998,08,30,18,00,44,-50,45,0
AL021998,BONNIE,1998,08,31,00,00,44,-45,45,0
AL021998,BONNIE,1998,08,31,06,00,43,-41,40,0
