id,name,year,month,day,hour,minute,lat,lon,max_sustained_wind_kts,sshws
AL021908,UNNAMED,1908,05,24,12,00,21,-71.7,30,0
AL021908,UNNAMED,1908,05,24,18,00,21.7,-72,30,0
AL021908,UNNAMED,1908,05,25,00,00,22.4,-72.3,30,0
AL021908,UNNAMED,1908,05,25,06,00,23.3,-72.8,30,0
AL021908,UNNAMED,1908,05,25,12,00,24,-73.5,30,0
AL021908,UNNAMED,1908,05,25,18,00,24.7,-74.3,30,0
AL021908,UNNAMED,1908,05,26,00,00,25.4,-75,35,0
AL021908,UNNAMED,1908,05,26,06,00,26,-75.6,35,0
AL021908,UNNAMED,1908,05,26,12,00,26.7,-76.3,35,0
AL021908,UNNAMED,1908,05,26,18,00,27.2,-77.3,35,0
AL021908,UNNAMED,1908,05,27,00,00,27.7,-78.1,40,0
AL021908,UNNAMED,1908,05,27,06,00,28.5,-79.1,45,0
AL021908,UNNAMED,1908,05,27,12,00,29.5,-79.5,50,0
AL021908,UNNAMED,1908,05,27,18,00,30.1,-79.5,55,0
AL021908,UNNAMED,1908,05,28,00,00,30.6,-79.2,60,0
AL021908,UNNAMED,1908,05,28,06,00,31.2,-78.8,65,1
AL021908,UNNAMED,1908,05,28,12,00,31.7,-78.3,65,1
AL021908,UNNAMED,1908,05,28,18,00,32.3,-77.9,65,1
AL021908,UNNAMED,1908,05,29,00,00,32.8,-77.4,65,1
AL021908,UNNAMED,1908,05,29,06,00,33.4,-77,65,1
AL021908,UNNAMED,1908,05,29,12,00,34,-76.5,65,1
AL021908,UNNAMED,1908,05,29,18,00,34.8,-75.8,65,1
AL021908,UNNAMED,1908,05,29,21,00,35.2,-75.6,65,1
AL021908,UNNAMED,1908,05,30,00,00,35.6,-75.1,65,1
AL021908,UNNAMED,1908,05,30,06,00,36.3,-74.6,60,0
AL021908,UNNAMED,1908,05,30,12,00,37.3,-74,50,0
AL021908,UNNAMED,1908,05,30,18,00,39.4,-73,40,0
AL021908,UNNAMED,1908,05,30,23,00,41.3,-72,35,0
AL021908,UNNAMED,1908,05,31,00,00,41.8,-71.7,35,0
AL021908,UNNAMED,1908,05,31,06,00,43.8,-70.3,35,0
AL021908,UNNAMED,1908,05,31,12,00,45.5,-69,35,0
AL021908,UNNAMED,1908,05,31,18,00,46.4,-68.3,35,0
