id,name,year,month,day,hour,minute,lat,lon,max_sustained_wind_kts,sshws
AL021907,UNNAMED,1907,09,18,12,00,25,-79,30,0
AL021907,UNNAMED,1907,09,18,18,00,25.5,-80.3,30,0
AL021907,UNNAMED,1907,09,19,00,00,25.9,-81.6,30,0
AL021907,UNNAMED,1907,09,19,06,00,26.3,-82.8,35,0
AL021907,UNNAMED,1907,09,19,12,00,26.7,-84,35,0
AL021907,UNNAMED,1907,09,19,18,00,27.1,-85,35,0
AL021907,UNNAMED,1907,09,20,00,00,27.5,-85.8,40,0
AL021907,UNNAMED,1907,09,20,06,00,27.9,-86.4,40,0
AL021907,UNNAMED,1907,09,20,12,00,28.3,-87,40,0
AL021907,UNNAMED,1907,09,20,18,00,28.7,-87.6,40,0
AL021907,UNNAMED,1907,09,21,00,00,29.1,-88.2,40,0
AL021907,UNNAMED,1907,09,21,06,00,29.5,-88.7,40,0
AL021907,UNNAMED,1907,09,21,12,00,30,-89,40,0
AL021907,UNNAMED,1907,09,21,17,00,30.4,-88.9,40,0
AL021907,UNNAMED,1907,09,21,18,00,30.5,-88.9,35,0
AL021907,UNNAMED,1907,09,22,00,00,31,-88.8,35,0
AL021907,UNNAMED,1907,09,22,06,00,31.5,-88.4,35,0
AL021907,UNNAMED,1907,09,22,12,00,32.1,-87.6,35,0
AL021907,UNNAMED,1907,09,22,18,00,32.9,-86.3,35,0
AL021907,UNNAMED,1907,09,23,00,00,33.8,-84.7,35,0
AL021907,UNNAMED,1907,09,23,06,00,34.7,-83,35,0
AL021907,UNNAMED,1907,09,23,12,00,35.7,-81.3,35,0
AL021907,UNNAMED,1907,09,23,18,00,36.8,-79.6,30,0
