id,name,year,month,day,hour,minute,lat,lon,max_sustained_wind_kts,sshws
AL021982,UNNAMED,1982,06,18,00,00,25.8,-86.4,25,0
AL021982,UNNAMED,1982,06,18,06,00,27.1,-84.6,30,0
AL021982,UNNAMED,1982,06,18,12,00,28.7,-82.8,40,0
AL021982,UNNAMED,1982,06,18,18,00,31.4,-80.3,60,0
AL021982,UNNAMED,1982,06,19,00,00,32.5,-79.2,60,0
AL021982,UNNAMED,1982,06,19,06,00,33.9,-77.8,60,0
AL021982,UNNAMED,1982,06,19,12,00,35.3,-76,60,0
AL021982,UNNAMED,1982,06,19,18,00,37.1,-73,60,0
AL021982,UNNAMED,1982,06,20,00,00,39.5,-70,60,0
AL021982,UNNAMED,1982,06,20,06,00,42.5,-65.5,60,0
AL021982,UNNAMED,1982,06,20,12,00,44.5,-60,60,0
AL021982,UNNAMED,1982,06,20,18,00,45.4,-56,60,0
