id,name,year,month,day,hour,minute,lat,lon,max_sustained_wind_kts,sshws
AL022006,UNNAMED,2006,07,16,12,00,37.2,-68.7,30,0
AL022006,UNNAMED,2006,07,16,18,00,37.7,-68.2,30,0
AL022006,UNNAMED,2006,07,17,00,00,38.3,-67.6,30,0
AL022006,UNNAMED,2006,07,17,06,00,39.1,-66.4,30,0
AL022006,UNNAMED,2006,07,17,12,00,40,-65.1,40,0
AL022006,UNNAMED,2006,07,17,18,00,41.1,-63.7,45,0
AL022006,UNNAMED,2006,07,18,00,00,42.4,-62.1,40,0
AL022006,UNNAMED,2006,07,18,06,00,43.7,-60.1,35,0
AL022006,UNNAMED,2006,07,18,12,00,45.5,-58,30,0
AL022006,UNNAMED,2006,07,18,18,00,47.1,-55.8,25,0
AL022006,UNNAMED,2006,07,19,00,00,48.6,-52.9,25,0
AL022006,UNNAMED,2006,07,19,06,00,49.2,-49.4,25,0
AL022006,UNNAMED,2006,07,19,12,00,49.8,-46.1,25,0
