id,name,year,month,day,hour,minute,lat,lon,max_sustained_wind_kts,sshws
AL021962,BECKY,1962,08,27,06,00,16,-18.8,15,0
AL021962,BECKY,1962,08,27,12,00,16,-19.8,15,0
AL021962,BECKY,1962,08,27,18,00,16.1,-20.7,15,0
AL021962,BECKY,1962,08,28,00,00,16.4,-21.7,15,0
AL021962,BECKY,1962,08,28,06,00,17.1,-22.3,25,0
AL021962,BECKY,1962,08,28,12,00,18.2,-23.3,30,0
AL021962,BECKY,1962,08,28,18,00,19.5,-23.3,35,0
AL021962,BECKY,1962,08,29,00,00,21.1,-23.5,35,0
AL021962,BECKY,1962,08,29,06,00,22.9,-23.9,35,0
AL021962,BECKY,1962,08,29,12,00,24.6,-24.8,35,0
AL021962,BECKY,1962,08,29,18,00,26,-26,35,0
AL021962,BECKY,1962,08,30,00,00,27.4,-27.1,35,0
AL021962,BECKY,1962,08,30,06,00,29,-28.2,35,0
AL021962,BECKY,1962,08,30,12,00,30.7,-28.8,35,0
AL021962,BECKY,1962,08,30,18,00,32.6,-27.9,35,0
AL021962,BECKY,1962,08,31,00,00,34.3,-26.8,35,0
AL021962,BECKY,1962,08,31,06,00,36,-25.2,30,0
AL021962,BECKY,1962,08,31,12,00,37.4,-23.6,25,0
AL021962,BECKY,1962,08,31,18,00,39,-21.9,25,0
AL021962,BECKY,1962,09,01,00,00,40.7,-19.5,25,0
AL021962,BECKY,1962,09,01,06,00,42.1,-17,20,0
AL021962,BECKY,1962,09,01,12,00,43.3,-15.4,15,0
AL021962,BECKY,1962,09,01,18,00,44.9,-14,15,0
