AL022013	BARRY	2013	06	16	00	00	12.4	-81.5	20	0
AL022013	BARRY	2013	06	16	06	00	13.4	-82	20	0
AL022013	BARRY	2013	06	16	12	00	14.2	-82.8	25	0
AL022013	BARRY	2013	06	16	18	00	14.8	-83.8	25	0
AL022013	BARRY	2013	06	17	00	00	15.3	-84.8	25	0
AL022013	BARRY	2013	06	17	06	00	15.6	-85.9	25	0
AL022013	BARRY	2013	06	17	12	00	16	-87	30	0
AL022013	BARRY	2013	06	17	18	00	16.3	-87.9	30	0
AL022013	BARRY	2013	06	17	22	00	16.5	-88.4	30	0
AL022013	BARRY	2013	06	18	00	00	16.6	-88.6	30	0
AL022013	BARRY	2013	06	18	06	00	17	-89.3	25	0
AL022013	BARRY	2013	06	18	12	00	17.6	-90.3	30	0
AL022013	BARRY	2013	06	18	18	00	18.2	-91.3	30	0
AL022013	BARRY	2013	06	19	00	00	18.8	-92.2	30	0
AL022013	BARRY	2013	06	19	06	00	19.2	-93.1	30	0
AL022013	BARRY	2013	06	19	12	00	19.5	-94	35	0
AL022013	BARRY	2013	06	19	18	00	19.6	-94.8	40	0
AL022013	BARRY	2013	06	20	00	00	19.6	-95.4	40	0
AL022013	BARRY	2013	06	20	06	00	19.6	-95.9	40	0
AL022013	BARRY	2013	06	20	11	15	19.6	-96.4	40	0
AL022013	BARRY	2013	06	20	12	00	19.6	-96.5	40	0
AL022013	BARRY	2013	06	20	18	00	19.6	-97	30	0
AL022013	BARRY	2013	06	21	00	00	19.6	-97.5	25	0
