id,name,year,month,day,hour,minute,lat,lon,max_sustained_wind_kts,sshws
AL021882,UNNAMED,1882,09,02,00,00,19.5,-67.5,50,0
AL021882,UNNAMED,1882,09,02,06,00,19.7,-68.5,50,0
AL021882,UNNAMED,1882,09,02,12,00,20.2,-69.3,50,0
AL021882,UNNAMED,1882,09,02,18,00,20.7,-70.1,50,0
AL021882,UNNAMED,1882,09,03,00,00,21.2,-70.9,60,0
AL021882,UNNAMED,1882,09,03,06,00,21.7,-71.8,60,0
AL021882,UNNAMED,1882,09,03,12,00,22,-72.5,70,1
AL021882,UNNAMED,1882,09,03,18,00,22.2,-73.4,70,1
AL021882,UNNAMED,1882,09,04,00,00,22.5,-74.3,80,1
AL021882,UNNAMED,1882,09,04,06,00,22.5,-75.1,80,1
AL021882,UNNAMED,1882,09,04,12,00,22.5,-76.1,90,2
AL021882,UNNAMED,1882,09,04,18,00,22.4,-77,90,2
AL021882,UNNAMED,1882,09,05,00,00,22.4,-77.8,90,2
AL021882,UNNAMED,1882,09,05,06,00,22.4,-78.6,80,1
AL021882,UNNAMED,1882,09,05,12,00,22.4,-79.5,80,1
AL021882,UNNAMED,1882,09,05,18,00,22.4,-80.9,70,1
AL021882,UNNAMED,1882,09,06,00,00,22.4,-82,70,1
AL021882,UNNAMED,1882,09,06,06,00,22.4,-82.9,70,1
AL021882,UNNAMED,1882,09,06,12,00,22.4,-83.8,70,1
AL021882,UNNAMED,1882,09,06,18,00,22.4,-84.6,70,1
AL021882,UNNAMED,1882,09,07,00,00,22.6,-85.8,80,1
AL021882,UNNAMED,1882,09,07,06,00,23.1,-86.6,80,1
AL021882,UNNAMED,1882,09,07,12,00,23.7,-87.3,80,1
AL021882,UNNAMED,1882,09,07,18,00,24.2,-87.6,80,1
AL021882,UNNAMED,1882,09,08,00,00,24.7,-88,90,2
AL021882,UNNAMED,1882,09,08,06,00,25.4,-88.3,90,2
AL021882,UNNAMED,1882,09,08,12,00,26,-88.6,90,2
AL021882,UNNAMED,1882,09,08,18,00,26.4,-88.7,90,2
AL021882,UNNAMED,1882,09,09,00,00,26.8,-88.8,90,2
AL021882,UNNAMED,1882,09,09,06,00,27.2,-88.7,90,2
AL021882,UNNAMED,1882,09,09,12,00,27.7,-88.4,90,2
AL021882,UNNAMED,1882,09,09,18,00,28.8,-88,100,3
AL021882,UNNAMED,1882,09,10,00,00,30,-87.1,110,3
AL021882,UNNAMED,1882,09,10,02,00,30.4,-86.8,110,3
AL021882,UNNAMED,1882,09,10,06,00,31.1,-86.1,80,1
AL021882,UNNAMED,1882,09,10,12,00,31.9,-85.1,60,0
AL021882,UNNAMED,1882,09,10,18,00,33,-84.1,40,0
AL021882,UNNAMED,1882,09,11,00,00,33.7,-83.3,40,0
AL021882,UNNAMED,1882,09,11,06,00,34.5,-82.1,40,0
AL021882,UNNAMED,1882,09,11,12,00,35.3,-80.8,40,0
AL021882,UNNAMED,1882,09,11,18,00,36.7,-78.3,40,0
AL021882,UNNAMED,1882,09,12,00,00,38.4,-74.9,50,0
AL021882,UNNAMED,1882,09,12,06,00,40,-71.5,60,0
AL021882,UNNAMED,1882,09,12,12,00,41.7,-68.1,50,0
AL021882,UNNAMED,1882,09,12,18,00,43.7,-64.5,50,0
AL021882,UNNAMED,1882,09,13,00,00,45.2,-61,40,0
AL021882,UNNAMED,1882,09,13,06,00,46.5,-57.5,40,0
