id,name,year,month,day,hour,minute,lat,lon,max_sustained_wind_kts,sshws
AL021946,UNNAMED,1946,07,05,06,00,31.4,-79.3,30,0
AL021946,UNNAMED,1946,07,05,12,00,32,-79.2,30,0
AL021946,UNNAMED,1946,07,05,18,00,32.6,-78.9,35,0
AL021946,UNNAMED,1946,07,06,00,00,33.2,-78.6,40,0
AL021946,UNNAMED,1946,07,06,06,00,33.7,-78.3,45,0
AL021946,UNNAMED,1946,07,06,08,00,33.9,-78.2,45,0
AL021946,UNNAMED,1946,07,06,12,00,34.4,-78,45,0
AL021946,UNNAMED,1946,07,06,18,00,35.1,-77,45,0
AL021946,UNNAMED,1946,07,07,00,00,35.8,-75.6,45,0
AL021946,UNNAMED,1946,07,07,06,00,36.8,-73.6,55,0
AL021946,UNNAMED,1946,07,07,12,00,37.8,-72.1,65,1
AL021946,UNNAMED,1946,07,07,18,00,38.2,-70.6,70,1
AL021946,UNNAMED,1946,07,08,00,00,38.2,-69.1,70,1
AL021946,UNNAMED,1946,07,08,06,00,38.1,-67.6,70,1
AL021946,UNNAMED,1946,07,08,12,00,38,-66,70,1
AL021946,UNNAMED,1946,07,08,18,00,38,-64.2,70,1
AL021946,UNNAMED,1946,07,09,00,00,38.4,-62.2,65,1
AL021946,UNNAMED,1946,07,09,06,00,39.1,-60.2,60,0
AL021946,UNNAMED,1946,07,09,12,00,40,-58.5,55,0
AL021946,UNNAMED,1946,07,09,18,00,41,-57.2,50,0
AL021946,UNNAMED,1946,07,10,00,00,42.1,-56,45,0
AL021946,UNNAMED,1946,07,10,06,00,43.3,-55,40,0
AL021946,UNNAMED,1946,07,10,12,00,44.8,-54,40,0
AL021946,UNNAMED,1946,07,10,18,00,46.5,-53,35,0
