AL021952	ABLE	1952	08	18	06	00	14.6	-19	25	0
AL021952	ABLE	1952	08	18	12	00	14.4	-19.6	25	0
AL021952	ABLE	1952	08	18	18	00	14.3	-19.8	25	0
AL021952	ABLE	1952	08	19	00	00	14.1	-20.9	25	0
AL021952	ABLE	1952	08	19	06	00	13.9	-21.5	25	0
AL021952	ABLE	1952	08	19	12	00	13.7	-22.6	25	0
AL021952	ABLE	1952	08	19	18	00	13.4	-23.6	25	0
AL021952	ABLE	1952	08	20	00	00	13.2	-24.7	25	0
AL021952	ABLE	1952	08	20	06	00	13	-25.9	25	0
AL021952	ABLE	1952	08	20	12	00	12.8	-27.2	25	0
AL021952	ABLE	1952	08	20	18	00	12.6	-28.3	25	0
AL021952	ABLE	1952	08	21	00	00	12.4	-29.4	25	0
AL021952	ABLE	1952	08	21	06	00	12.3	-30.7	25	0
AL021952	ABLE	1952	08	21	12	00	12.3	-32.1	25	0
AL021952	ABLE	1952	08	21	18	00	12.3	-33.4	25	0
AL021952	ABLE	1952	08	22	00	00	12.3	-34.6	25	0
AL021952	ABLE	1952	08	22	06	00	12.3	-35.4	25	0
AL021952	ABLE	1952	08	22	12	00	12.3	-36.5	25	0
AL021952	ABLE	1952	08	22	18	00	12.5	-38.1	25	0
AL021952	ABLE	1952	08	23	00	00	12.9	-39.8	25	0
AL021952	ABLE	1952	08	23	06	00	13.3	-41.5	25	0
AL021952	ABLE	1952	08	23	12	00	13.7	-43.1	25	0
AL021952	ABLE	1952	08	23	18	00	14.3	-44.7	25	0
AL021952	ABLE	1952	08	24	00	00	14.9	-46.3	25	0
AL021952	ABLE	1952	08	24	06	00	15.3	-47.7	25	0
AL021952	ABLE	1952	08	24	12	00	15.8	-49.1	30	0
AL021952	ABLE	1952	08	24	18	00	16.4	-51.2	35	0
AL021952	ABLE	1952	08	25	00	00	17	-53.5	40	0
AL021952	ABLE	1952	08	25	06	00	17.7	-55.5	40	0
AL021952	ABLE	1952	08	25	12	00	18.4	-57.1	45	0
AL021952	ABLE	1952	08	25	18	00	19	-58.1	45	0
AL021952	ABLE	1952	08	26	00	00	19.6	-59.1	50	0
AL021952	ABLE	1952	08	26	06	00	20.1	-60.3	50	0
AL021952	ABLE	1952	08	26	12	00	20.6	-61.4	50	0
AL021952	ABLE	1952	08	26	18	00	20.9	-62.2	55	0
AL021952	ABLE	1952	08	27	00	00	21.2	-62.9	60	0
AL021952	ABLE	1952	08	27	06	00	21.5	-63.7	60	0
AL021952	ABLE	1952	08	27	12	00	21.9	-64.7	70	1
AL021952	ABLE	1952	08	27	18	00	22.3	-65.8	70	1
AL021952	ABLE	1952	08	28	00	00	23	-67.1	75	1
AL021952	ABLE	1952	08	28	06	00	23.8	-68.5	75	1
AL021952	ABLE	1952	08	28	12	00	24.7	-69.8	75	1
AL021952	ABLE	1952	08	28	18	00	25.5	-71	75	1
AL021952	ABLE	1952	08	29	00	00	26.3	-72.2	75	1
AL021952	ABLE	1952	08	29	06	00	27.1	-73.4	75	1
AL021952	ABLE	1952	08	29	12	00	27.8	-74.7	80	1
AL021952	ABLE	1952	08	29	18	00	28.5	-76.2	80	1
AL021952	ABLE	1952	08	30	00	00	29.2	-77.8	80	1
AL021952	ABLE	1952	08	30	06	00	29.5	-79	85	2
AL021952	ABLE	1952	08	30	12	00	29.8	-79.7	85	2
AL021952	ABLE	1952	08	30	18	00	30.7	-80.1	85	2
AL021952	ABLE	1952	08	31	00	00	31.8	-80.5	90	2
AL021952	ABLE	1952	08	31	06	00	33.1	-80.8	70	1
AL021952	ABLE	1952	08	31	12	00	34.4	-81	45	0
AL021952	ABLE	1952	08	31	18	00	35.8	-80.6	40	0
AL021952	ABLE	1952	09	01	00	00	37.2	-79.7	40	0
AL021952	ABLE	1952	09	01	06	00	38.3	-78.6	35	0
AL021952	ABLE	1952	09	01	12	00	39.3	-77.1	35	0
AL021952	ABLE	1952	09	01	18	00	40.9	-74.8	30	0
AL021952	ABLE	1952	09	02	00	00	42.3	-72.7	30	0
AL021952	ABLE	1952	09	02	06	00	43	-71.5	25	0
AL021952	ABLE	1952	09	02	12	00	43.7	-70.4	25	0
AL021952	ABLE	1952	09	02	18	00	44.4	-69.4	25	0
