id,name,year,month,day,hour,minute,lat,lon,max_sustained_wind_kts,sshws
AL021961,BETSY,1961,09,02,06,00,13.3,-41.7,40,0
AL021961,BETSY,1961,09,02,12,00,13.8,-42.8,40,0
AL021961,BETSY,1961,09,02,18,00,14.3,-43.6,40,0
AL021961,BETSY,1961,09,03,00,00,14.8,-44.5,45,0
AL021961,BETSY,1961,09,03,06,00,15.2,-45.6,50,0
AL021961,BETSY,1961,09,03,12,00,15.9,-46.7,65,1
AL021961,BETSY,1961,09,03,18,00,17,-48.1,80,1
AL021961,BETSY,1961,09,04,00,00,18.2,-49.1,85,2
AL021961,BETSY,1961,09,04,06,00,19.5,-49.8,90,2
AL021961,BETSY,1961,09,04,12,00,20.5,-50.2,95,2
AL021961,BETSY,1961,09,04,18,00,22,-50.2,100,3
AL021961,BETSY,1961,09,05,00,00,23.2,-50.6,105,3
AL021961,BETSY,1961,09,05,06,00,24.5,-51.4,110,3
AL021961,BETSY,1961,09,05,12,00,25.6,-52.3,115,4
AL021961,BETSY,1961,09,05,18,00,26.9,-52.9,120,4
AL021961,BETSY,1961,09,06,00,00,28.5,-54.1,120,4
AL021961,BETSY,1961,09,06,06,00,29.9,-55.1,120,4
AL021961,BETSY,1961,09,06,12,00,30.9,-56.1,120,4
AL021961,BETSY,1961,09,06,18,00,32.4,-56.8,115,4
AL021961,BETSY,1961,09,07,00,00,33.1,-57.2,105,3
AL021961,BETSY,1961,09,07,06,00,33.7,-57.8,100,3
AL021961,BETSY,1961,09,07,12,00,34.2,-58.3,95,2
AL021961,BETSY,1961,09,07,18,00,34.6,-58.7,90,2
AL021961,BETSY,1961,09,08,00,00,35,-59,90,2
AL021961,BETSY,1961,09,08,06,00,35.3,-59.7,90,2
AL021961,BETSY,1961,09,08,12,00,35.6,-60,90,2
AL021961,BETSY,1961,09,08,18,00,35.9,-59.9,90,2
AL021961,BETSY,1961,09,09,00,00,36.1,-59.6,90,2
AL021961,BETSY,1961,09,09,06,00,36.2,-59.3,90,2
AL021961,BETSY,1961,09,09,12,00,36.6,-58.6,90,2
AL021961,BETSY,1961,09,09,18,00,37.6,-57.9,90,2
AL021961,BETSY,1961,09,10,00,00,38.8,-56.1,90,2
AL021961,BETSY,1961,09,10,06,00,38.8,-54.4,90,2
AL021961,BETSY,1961,09,10,12,00,39.2,-52.3,90,2
AL021961,BETSY,1961,09,10,18,00,39.8,-49.7,85,2
AL021961,BETSY,1961,09,11,00,00,40.9,-45.8,85,2
AL021961,BETSY,1961,09,11,06,00,42.8,-41.2,80,1
AL021961,BETSY,1961,09,11,12,00,44.7,-38.5,80,1
AL021961,BETSY,1961,09,11,18,00,47.7,-33,75,1
AL021961,BETSY,1961,09,12,00,00,50.8,-26.5,70,1
AL021961,BETSY,1961,09,12,06,00,54.8,-20.5,60,0
