id,name,year,month,day,hour,minute,lat,lon,max_sustained_wind_kts,sshws
AL021879,UNNAMED,1879,08,13,00,00,19,-58,40,0
AL021879,UNNAMED,1879,08,13,06,00,19,-59,40,0
AL021879,UNNAMED,1879,08,13,12,00,19,-60,40,0
AL021879,UNNAMED,1879,08,13,18,00,19,-61.3,40,0
AL021879,UNNAMED,1879,08,14,00,00,19.1,-62.9,40,0
AL021879,UNNAMED,1879,08,14,06,00,19.2,-64.5,40,0
AL021879,UNNAMED,1879,08,14,12,00,19.2,-65.6,40,0
AL021879,UNNAMED,1879,08,14,18,00,19.5,-66.8,40,0
AL021879,UNNAMED,1879,08,15,00,00,19.7,-68,40,0
AL021879,UNNAMED,1879,08,15,06,00,20.1,-69,40,0
AL021879,UNNAMED,1879,08,15,12,00,20.5,-70,50,0
AL021879,UNNAMED,1879,08,15,18,00,21.2,-71.1,50,0
AL021879,UNNAMED,1879,08,16,00,00,21.7,-72.1,60,0
AL021879,UNNAMED,1879,08,16,06,00,22.5,-72.9,60,0
AL021879,UNNAMED,1879,08,16,12,00,23.2,-73.6,70,1
AL021879,UNNAMED,1879,08,16,18,00,24.2,-74.6,70,1
AL021879,UNNAMED,1879,08,17,00,00,25.2,-75.6,80,1
AL021879,UNNAMED,1879,08,17,06,00,26.5,-76.9,80,1
AL021879,UNNAMED,1879,08,17,12,00,27.7,-77.6,90,2
AL021879,UNNAMED,1879,08,17,18,00,29.3,-78.4,90,2
AL021879,UNNAMED,1879,08,18,00,00,31.2,-78.4,100,3
AL021879,UNNAMED,1879,08,18,06,00,32.8,-77.9,100,3
AL021879,UNNAMED,1879,08,18,12,00,34.5,-76.8,100,3
AL021879,UNNAMED,1879,08,18,18,00,37.3,-75.4,90,2
AL021879,UNNAMED,1879,08,19,00,00,39.5,-73.4,80,1
AL021879,UNNAMED,1879,08,19,06,00,41.4,-70.8,70,1
AL021879,UNNAMED,1879,08,19,12,00,43.3,-68,60,0
AL021879,UNNAMED,1879,08,19,18,00,44.8,-65.4,60,0
AL021879,UNNAMED,1879,08,20,00,00,46.5,-61.7,60,0
AL021879,UNNAMED,1879,08,20,06,00,48.2,-58.3,60,0
AL021879,UNNAMED,1879,08,20,12,00,49.3,-55,50,0
AL021879,UNNAMED,1879,08,20,18,00,50.2,-51.5,50,0
