id,name,year,month,day,hour,minute,lat,lon,max_sustained_wind_kts,sshws
AL021880,UNNAMED,1880,08,04,00,00,16,-59.8,40,0
AL021880,UNNAMED,1880,08,04,06,00,15.9,-61.8,40,0
AL021880,UNNAMED,1880,08,04,12,00,16,-64,40,0
AL021880,UNNAMED,1880,08,04,18,00,16.1,-65.5,40,0
AL021880,UNNAMED,1880,08,05,00,00,16.2,-67,50,0
AL021880,UNNAMED,1880,08,05,06,00,16.2,-68.4,50,0
AL021880,UNNAMED,1880,08,05,12,00,16.5,-69.8,50,0
AL021880,UNNAMED,1880,08,05,18,00,16.6,-71.1,50,0
AL021880,UNNAMED,1880,08,06,00,00,16.7,-72.5,60,0
AL021880,UNNAMED,1880,08,06,06,00,16.7,-73.8,60,0
AL021880,UNNAMED,1880,08,06,12,00,17,-75.1,70,1
AL021880,UNNAMED,1880,08,06,18,00,17.1,-76.3,70,1
AL021880,UNNAMED,1880,08,07,00,00,17.2,-77.5,80,1
AL021880,UNNAMED,1880,08,07,06,00,17.5,-78.6,80,1
AL021880,UNNAMED,1880,08,07,12,00,17.7,-80,90,2
AL021880,UNNAMED,1880,08,07,18,00,18.1,-81.1,90,2
AL021880,UNNAMED,1880,08,08,00,00,18.5,-82.1,90,2
AL021880,UNNAMED,1880,08,08,06,00,18.9,-83.1,90,2
AL021880,UNNAMED,1880,08,08,12,00,19.2,-84,90,2
AL021880,UNNAMED,1880,08,08,18,00,19.6,-84.6,90,2
AL021880,UNNAMED,1880,08,09,00,00,20,-85.3,90,2
AL021880,UNNAMED,1880,08,09,06,00,20.4,-86,90,2
AL021880,UNNAMED,1880,08,09,12,00,20.7,-86.7,90,2
AL021880,UNNAMED,1880,08,09,18,00,21,-87.4,70,1
AL021880,UNNAMED,1880,08,10,00,00,21.3,-88.1,60,0
AL021880,UNNAMED,1880,08,10,06,00,21.6,-88.9,50,0
AL021880,UNNAMED,1880,08,10,12,00,22,-89.6,60,0
AL021880,UNNAMED,1880,08,10,18,00,22.3,-90.4,60,0
AL021880,UNNAMED,1880,08,11,00,00,22.6,-91.1,70,1
AL021880,UNNAMED,1880,08,11,06,00,23,-91.9,70,1
AL021880,UNNAMED,1880,08,11,12,00,23.4,-92.6,80,1
AL021880,UNNAMED,1880,08,11,18,00,23.7,-93.3,80,1
AL021880,UNNAMED,1880,08,12,00,00,24,-93.8,90,2
AL021880,UNNAMED,1880,08,12,06,00,24.3,-94.4,100,3
AL021880,UNNAMED,1880,08,12,12,00,24.7,-95,110,3
AL021880,UNNAMED,1880,08,12,18,00,25.2,-96,120,4
AL021880,UNNAMED,1880,08,13,00,00,25.7,-96.9,130,4
AL021880,UNNAMED,1880,08,13,01,00,25.8,-97,130,4
AL021880,UNNAMED,1880,08,13,06,00,26.1,-97.6,110,3
AL021880,UNNAMED,1880,08,13,12,00,26.5,-98.5,70,1
AL021880,UNNAMED,1880,08,13,18,00,27.1,-99.5,60,0
AL021880,UNNAMED,1880,08,14,00,00,27.8,-100.2,50,0
AL021880,UNNAMED,1880,08,14,06,00,28.6,-101,40,0
AL021880,UNNAMED,1880,08,14,12,00,29.7,-101.5,30,0
AL021880,UNNAMED,1880,08,14,18,00,31,-101,30,0
