id,name,year,month,day,hour,minute,lat,lon,max_sustained_wind_kts,sshws
AL021875,UNNAMED,1875,09,01,00,00,10.5,-36,40,0
AL021875,UNNAMED,1875,09,01,06,00,10.5,-37.5,40,0
AL021875,UNNAMED,1875,09,01,12,00,10.6,-39,40,0
AL021875,UNNAMED,1875,09,01,18,00,10.8,-40.5,40,0
AL021875,UNNAMED,1875,09,02,00,00,11.1,-42,50,0
AL021875,UNNAMED,1875,09,02,06,00,11.5,-43.5,50,0
AL021875,UNNAMED,1875,09,02,12,00,12,-45,60,0
AL021875,UNNAMED,1875,09,02,18,00,12.6,-46.3,60,0
AL021875,UNNAMED,1875,09,03,00,00,13.4,-47.5,70,1
AL021875,UNNAMED,1875,09,03,06,00,14.2,-48.5,70,1
AL021875,UNNAMED,1875,09,03,12,00,15,-49.5,70,1
AL021875,UNNAMED,1875,09,03,18,00,15.9,-50.5,70,1
AL021875,UNNAMED,1875,09,04,00,00,16.9,-51.5,70,1
AL021875,UNNAMED,1875,09,04,06,00,17.7,-52.4,70,1
AL021875,UNNAMED,1875,09,04,12,00,18.7,-53.3,70,1
AL021875,UNNAMED,1875,09,04,18,00,19.4,-54.1,70,1
AL021875,UNNAMED,1875,09,05,00,00,20.2,-54.9,70,1
AL021875,UNNAMED,1875,09,05,06,00,21,-55.8,70,1
AL021875,UNNAMED,1875,09,05,12,00,21.7,-56.5,70,1
AL021875,UNNAMED,1875,09,05,18,00,22.4,-57.2,70,1
AL021875,UNNAMED,1875,09,06,00,00,23.1,-58,70,1
AL021875,UNNAMED,1875,09,06,06,00,23.6,-58.5,70,1
AL021875,UNNAMED,1875,09,06,12,00,24.2,-59,70,1
AL021875,UNNAMED,1875,09,06,18,00,25.2,-59.7,70,1
AL021875,UNNAMED,1875,09,07,00,00,26.2,-60.2,70,1
AL021875,UNNAMED,1875,09,07,06,00,27,-60.5,70,1
AL021875,UNNAMED,1875,09,07,12,00,28.2,-60.6,70,1
AL021875,UNNAMED,1875,09,07,18,00,29.8,-60.1,70,1
AL021875,UNNAMED,1875,09,08,00,00,31.7,-59.2,70,1
AL021875,UNNAMED,1875,09,08,06,00,33.5,-57.9,70,1
AL021875,UNNAMED,1875,09,08,12,00,35,-56.7,70,1
AL021875,UNNAMED,1875,09,08,18,00,36.5,-55,70,1
AL021875,UNNAMED,1875,09,09,00,00,38,-53.1,70,1
AL021875,UNNAMED,1875,09,09,06,00,39.5,-51,70,1
AL021875,UNNAMED,1875,09,09,12,00,41,-49,70,1
AL021875,UNNAMED,1875,09,09,18,00,42,-47.7,70,1
AL021875,UNNAMED,1875,09,10,00,00,43.4,-46.4,70,1
AL021875,UNNAMED,1875,09,10,06,00,44.5,-45.2,70,1
AL021875,UNNAMED,1875,09,10,12,00,46,-44,70,1
AL021875,UNNAMED,1875,09,10,18,00,47.5,-43,70,1
