AL021990	ARTHUR	1990	07	22	06	00	8.8	-41.9	25	0
AL021990	ARTHUR	1990	07	22	12	00	8.9	-43.2	25	0
AL021990	ARTHUR	1990	07	22	18	00	9.3	-44.6	25	0
AL021990	ARTHUR	1990	07	23	00	00	9.3	-46.4	25	0
AL021990	ARTHUR	1990	07	23	06	00	9.2	-48.4	25	0
AL021990	ARTHUR	1990	07	23	12	00	9.2	-50.3	25	0
AL021990	ARTHUR	1990	07	23	18	00	9.4	-52.1	25	0
AL021990	ARTHUR	1990	07	24	00	00	9.7	-53.7	30	0
AL021990	ARTHUR	1990	07	24	06	00	10.1	-55.3	30	0
AL021990	ARTHUR	1990	07	24	12	00	10.5	-56.8	35	0
AL021990	ARTHUR	1990	07	24	18	00	10.8	-58.5	35	0
AL021990	ARTHUR	1990	07	25	00	00	11.1	-60	40	0
AL021990	ARTHUR	1990	07	25	06	00	11.7	-61.3	45	0
AL021990	ARTHUR	1990	07	25	12	00	12.4	-62.5	50	0
AL021990	ARTHUR	1990	07	25	18	00	13.1	-63.7	60	0
AL021990	ARTHUR	1990	07	26	00	00	13.7	-65	60	0
AL021990	ARTHUR	1990	07	26	06	00	14.2	-66.4	50	0
AL021990	ARTHUR	1990	07	26	12	00	14.8	-67.9	45	0
AL021990	ARTHUR	1990	07	26	18	00	15.6	-69.8	40	0
AL021990	ARTHUR	1990	07	27	00	00	16.2	-71.8	35	0
AL021990	ARTHUR	1990	07	27	06	00	16.6	-73.8	30	0
AL021990	ARTHUR	1990	07	27	12	00	16.5	-75.6	30	0
