AL021925	UNNAMED	1925	08	25	12	00	30	-78	25	0
AL021925	UNNAMED	1925	08	25	18	00	30.6	-77.7	30	0
AL021925	UNNAMED	1925	08	26	00	00	31.2	-77.4	30	0
AL021925	UNNAMED	1925	08	26	06	00	31.8	-77	35	0
AL021925	UNNAMED	1925	08	26	12	00	32.5	-76.5	35	0
AL021925	UNNAMED	1925	08	26	18	00	33.2	-75.6	35	0
AL021925	UNNAMED	1925	08	27	00	00	33.8	-74.2	35	0
AL021925	UNNAMED	1925	08	27	06	00	34.4	-72.3	35	0
AL021925	UNNAMED	1925	08	27	12	00	35	-70	35	0
AL021925	UNNAMED	1925	08	27	18	00	35.5	-67.5	35	0
AL021925	UNNAMED	1925	08	28	00	00	36	-64.5	30	0
