id,name,year,month,day,hour,minute,lat,lon,max_sustained_wind_kts,sshws
AL021973,UNNAMED,1973,05,02,12,00,25,-62.5,20,0
AL021973,UNNAMED,1973,05,02,18,00,25.6,-61.6,20,0
AL021973,UNNAMED,1973,05,03,00,00,26.2,-60.8,25,0
AL021973,UNNAMED,1973,05,03,06,00,26.8,-59.9,25,0
AL021973,UNNAMED,1973,05,03,12,00,27.5,-59,25,0
AL021973,UNNAMED,1973,05,03,18,00,27.8,-57.7,25,0
AL021973,UNNAMED,1973,05,04,00,00,28.2,-56.5,25,0
AL021973,UNNAMED,1973,05,04,06,00,28.6,-55.3,25,0
AL021973,UNNAMED,1973,05,04,12,00,29,-54,25,0
AL021973,UNNAMED,1973,05,04,18,00,29.2,-52.2,25,0
AL021973,UNNAMED,1973,05,05,00,00,29.5,-50.5,20,0
AL021973,UNNAMED,1973,05,05,06,00,29.7,-48.8,20,0
AL021973,UNNAMED,1973,05,05,12,00,30,-47,20,0
