AL021898	UNNAMED	1898	08	30	06	00	29.3	-79.1	35	0
AL021898	UNNAMED	1898	08	30	12	00	30.1	-79.4	65	1
AL021898	UNNAMED	1898	08	30	18	00	30.9	-79.8	75	1
AL021898	UNNAMED	1898	08	31	00	00	31.5	-80.2	75	1
AL021898	UNNAMED	1898	08	31	06	00	32	-80.7	75	1
AL021898	UNNAMED	1898	08	31	07	00	32.1	-80.8	75	1
AL021898	UNNAMED	1898	08	31	12	00	32.4	-81.4	60	0
AL021898	UNNAMED	1898	08	31	18	00	32.6	-82.2	50	0
AL021898	UNNAMED	1898	09	01	00	00	32.6	-83.1	45	0
AL021898	UNNAMED	1898	09	01	06	00	32.7	-84.1	40	0
AL021898	UNNAMED	1898	09	01	12	00	32.8	-85.3	35	0
AL021898	UNNAMED	1898	09	01	18	00	33.1	-86.6	30	0
