AL021896	UNNAMED	1896	08	30	06	00	14	-59.6	35	0
AL021896	UNNAMED	1896	08	30	12	00	14.5	-60.5	50	0
AL021896	UNNAMED	1896	08	30	18	00	14.9	-61.4	65	1
AL021896	UNNAMED	1896	08	31	00	00	15.3	-62.4	80	1
AL021896	UNNAMED	1896	08	31	06	00	15.8	-63.3	85	2
AL021896	UNNAMED	1896	08	31	12	00	16.3	-64.2	85	2
AL021896	UNNAMED	1896	08	31	18	00	16.9	-65.1	85	2
AL021896	UNNAMED	1896	09	01	00	00	17.5	-66	85	2
AL021896	UNNAMED	1896	09	01	06	00	18.1	-66.9	85	2
AL021896	UNNAMED	1896	09	01	12	00	18.6	-67.8	75	1
AL021896	UNNAMED	1896	09	01	18	00	19	-68.6	80	1
AL021896	UNNAMED	1896	09	02	00	00	19.3	-69.2	85	2
AL021896	UNNAMED	1896	09	02	06	00	19.7	-69.9	85	2
AL021896	UNNAMED	1896	09	02	12	00	20	-70.6	85	2
AL021896	UNNAMED	1896	09	02	18	00	20.3	-71.4	85	2
AL021896	UNNAMED	1896	09	03	00	00	20.6	-72.2	85	2
AL021896	UNNAMED	1896	09	03	06	00	20.9	-73.1	85	2
AL021896	UNNAMED	1896	09	03	12	00	21.2	-73.9	85	2
AL021896	UNNAMED	1896	09	03	18	00	21.5	-74.7	85	2
AL021896	UNNAMED	1896	09	04	00	00	21.8	-75.4	85	2
AL021896	UNNAMED	1896	09	04	06	00	22.2	-76.2	85	2
AL021896	UNNAMED	1896	09	04	12	00	22.7	-76.8	85	2
AL021896	UNNAMED	1896	09	04	18	00	23.3	-77.2	90	2
AL021896	UNNAMED	1896	09	05	00	00	23.9	-77.3	95	2
AL021896	UNNAMED	1896	09	05	06	00	24.5	-77.3	100	3
AL021896	UNNAMED	1896	09	05	12	00	25.2	-77.2	100	3
AL021896	UNNAMED	1896	09	05	18	00	25.9	-77	100	3
AL021896	UNNAMED	1896	09	06	00	00	26.5	-76.8	100	3
AL021896	UNNAMED	1896	09	06	06	00	27.2	-76.4	100	3
AL021896	UNNAMED	1896	09	06	12	00	27.8	-75.8	100	3
AL021896	UNNAMED	1896	09	06	18	00	28.5	-75	100	3
AL021896	UNNAMED	1896	09	07	00	00	29.1	-74.1	100	3
AL021896	UNNAMED	1896	09	07	06	00	29.8	-73.2	100	3
AL021896	UNNAMED	1896	09	07	12	00	30.4	-72.3	100	3
AL021896	UNNAMED	1896	09	07	18	00	31.3	-71.5	100	3
AL021896	UNNAMED	1896	09	08	00	00	32.4	-70.7	100	3
AL021896	UNNAMED	1896	09	08	06	00	33.6	-70	100	3
AL021896	UNNAMED	1896	09	08	12	00	34.6	-69.5	100	3
AL021896	UNNAMED	1896	09	08	18	00	35.4	-69.2	100	3
AL021896	UNNAMED	1896	09	09	00	00	36.2	-69.1	100	3
AL021896	UNNAMED	1896	09	09	06	00	37	-69.1	95	2
AL021896	UNNAMED	1896	09	09	12	00	37.8	-69.1	90	2
AL021896	UNNAMED	1896	09	09	18	00	38.6	-69.3	85	2
AL021896	UNNAMED	1896	09	10	00	00	39.3	-69.7	80	1
AL021896	UNNAMED	1896	09	10	06	00	40	-70.2	75	1
AL021896	UNNAMED	1896	09	10	12	00	41	-70.6	70	1
AL021896	UNNAMED	1896	09	10	13	00	41.2	-70.6	70	1
AL021896	UNNAMED	1896	09	10	18	00	42	-70.7	55	0
AL021896	UNNAMED	1896	09	11	00	00	43	-70.5	50	0
AL021896	UNNAMED	1896	09	11	06	00	43.9	-70.1	45	0
AL021896	UNNAMED	1896	09	11	12	00	44.8	-69.6	40	0
AL021896	UNNAMED	1896	09	11	18	00	45.7	-69	40	0
