AL021902	UNNAMED	1902	06	21	00	00	17.2	-92.1	25	0
AL021902	UNNAMED	1902	06	21	06	00	17.6	-92.4	25	0
AL021902	UNNAMED	1902	06	21	12	00	18	-92.7	25	0
AL021902	UNNAMED	1902	06	21	18	00	18.2	-92.9	25	0
AL021902	UNNAMED	1902	06	22	00	00	18.4	-93	30	0
AL021902	UNNAMED	1902	06	22	06	00	18.7	-93.2	30	0
AL021902	UNNAMED	1902	06	22	12	00	19	-93.5	30	0
AL021902	UNNAMED	1902	06	22	18	00	19.2	-93.7	30	0
AL021902	UNNAMED	1902	06	23	00	00	19.5	-93.9	30	0
AL021902	UNNAMED	1902	06	23	06	00	19.7	-94.1	30	0
AL021902	UNNAMED	1902	06	23	12	00	20	-94.3	30	0
AL021902	UNNAMED	1902	06	23	18	00	20.3	-94.5	30	0
AL021902	UNNAMED	1902	06	24	00	00	20.5	-94.6	30	0
AL021902	UNNAMED	1902	06	24	06	00	20.7	-94.8	30	0
AL021902	UNNAMED	1902	06	24	12	00	21	-95	35	0
AL021902	UNNAMED	1902	06	24	18	00	21.5	-95.3	40	0
AL021902	UNNAMED	1902	06	25	00	00	22.1	-95.6	45	0
AL021902	UNNAMED	1902	06	25	06	00	22.7	-96	50	0
AL021902	UNNAMED	1902	06	25	12	00	23.3	-96.3	55	0
AL021902	UNNAMED	1902	06	25	18	00	23.9	-96.6	60	0
AL021902	UNNAMED	1902	06	26	00	00	24.7	-96.8	65	1
AL021902	UNNAMED	1902	06	26	06	00	25.5	-96.9	70	1
AL021902	UNNAMED	1902	06	26	12	00	26.4	-97	65	1
AL021902	UNNAMED	1902	06	26	18	00	27.2	-97.1	60	0
AL021902	UNNAMED	1902	06	26	21	00	27.7	-97.2	60	0
AL021902	UNNAMED	1902	06	27	00	00	28.1	-97.2	50	0
AL021902	UNNAMED	1902	06	27	06	00	29	-97.3	45	0
AL021902	UNNAMED	1902	06	27	12	00	30	-97.4	40	0
AL021902	UNNAMED	1902	06	27	18	00	31.5	-97.2	35	0
AL021902	UNNAMED	1902	06	28	00	00	32.8	-96.6	35	0
AL021902	UNNAMED	1902	06	28	06	00	34.2	-95.9	35	0
AL021902	UNNAMED	1902	06	28	12	00	35.8	-94.5	35	0
AL021902	UNNAMED	1902	06	28	18	00	37.6	-92.3	35	0
AL021902	UNNAMED	1902	06	29	00	00	39.5	-88.6	35	0
AL021902	UNNAMED	1902	06	29	06	00	40.6	-85.4	35	0
AL021902	UNNAMED	1902	06	29	12	00	41.5	-82	35	0
AL021902	UNNAMED	1902	06	29	18	00	41.8	-78.6	35	0
