id,name,year,month,day,hour,minute,lat,lon,max_sustained_wind_kts,sshws
AL021945,UNNAMED,1945,07,19,06,00,25.7,-90,30,0
AL021945,UNNAMED,1945,07,19,12,00,26,-90.8,30,0
AL021945,UNNAMED,1945,07,19,18,00,26.3,-91.5,30,0
AL021945,UNNAMED,1945,07,20,00,00,26.6,-92.2,35,0
AL021945,UNNAMED,1945,07,20,06,00,26.8,-92.8,35,0
AL021945,UNNAMED,1945,07,20,12,00,27,-93.4,35,0
AL021945,UNNAMED,1945,07,20,18,00,27.3,-93.9,35,0
AL021945,UNNAMED,1945,07,21,00,00,27.6,-94.4,35,0
AL021945,UNNAMED,1945,07,21,06,00,27.8,-94.9,35,0
AL021945,UNNAMED,1945,07,21,12,00,27.8,-95.4,35,0
AL021945,UNNAMED,1945,07,21,18,00,27.6,-95.8,35,0
AL021945,UNNAMED,1945,07,22,00,00,27.2,-96.2,30,0
AL021945,UNNAMED,1945,07,22,06,00,26.9,-96.9,25,0
