AL021910	UNNAMED	1910	08	26	12	00	26.7	-91.7	30	0
AL021910	UNNAMED	1910	08	26	18	00	26.7	-92	30	0
AL021910	UNNAMED	1910	08	27	00	00	26.7	-92.3	30	0
AL021910	UNNAMED	1910	08	27	06	00	26.7	-92.7	30	0
AL021910	UNNAMED	1910	08	27	12	00	26.7	-93	30	0
AL021910	UNNAMED	1910	08	27	18	00	26.7	-93.4	30	0
AL021910	UNNAMED	1910	08	28	00	00	26.6	-93.8	30	0
AL021910	UNNAMED	1910	08	28	06	00	26.6	-94.2	30	0
AL021910	UNNAMED	1910	08	28	12	00	26.5	-94.5	30	0
AL021910	UNNAMED	1910	08	28	18	00	26.5	-94.8	30	0
AL021910	UNNAMED	1910	08	29	00	00	26.4	-95	30	0
AL021910	UNNAMED	1910	08	29	06	00	26.4	-95.2	30	0
AL021910	UNNAMED	1910	08	29	12	00	26.3	-95.5	30	0
AL021910	UNNAMED	1910	08	29	18	00	26.2	-95.8	30	0
AL021910	UNNAMED	1910	08	30	00	00	26.2	-96	35	0
AL021910	UNNAMED	1910	08	30	06	00	26.1	-96.2	35	0
AL021910	UNNAMED	1910	08	30	12	00	26	-96.5	40	0
AL021910	UNNAMED	1910	08	30	18	00	25.9	-96.9	40	0
AL021910	UNNAMED	1910	08	31	00	00	25.7	-97.2	40	0
AL021910	UNNAMED	1910	08	31	06	00	25.5	-97.6	35	0
AL021910	UNNAMED	1910	08	31	12	00	25.3	-98	30	0
AL021910	UNNAMED	1910	08	31	18	00	25.1	-98.5	25	0
