id,name,year,month,day,hour,minute,lat,lon,max_sustained_wind_kts,sshws
AL021903,UNNAMED,1903,08,06,06,00,11.8,-42.3,50,0
AL021903,UNNAMED,1903,08,06,12,00,12,-43.5,50,0
AL021903,UNNAMED,1903,08,06,18,00,12.3,-44.7,50,0
AL021903,UNNAMED,1903,08,07,00,00,12.6,-46,55,0
AL021903,UNNAMED,1903,08,07,06,00,13.1,-47.5,65,1
AL021903,UNNAMED,1903,08,07,12,00,13.5,-49,70,1
AL021903,UNNAMED,1903,08,07,18,00,13.7,-50.9,70,1
AL021903,UNNAMED,1903,08,08,00,00,13.8,-52.6,70,1
AL021903,UNNAMED,1903,08,08,06,00,13.8,-54.1,70,1
AL021903,UNNAMED,1903,08,08,12,00,14,-56,70,1
AL021903,UNNAMED,1903,08,08,18,00,14.3,-57.8,75,1
AL021903,UNNAMED,1903,08,09,00,00,14.4,-59.8,80,1
AL021903,UNNAMED,1903,08,09,06,00,14.5,-61.4,90,2
AL021903,UNNAMED,1903,08,09,12,00,14.7,-63,100,3
AL021903,UNNAMED,1903,08,09,18,00,14.9,-64.7,105,3
AL021903,UNNAMED,1903,08,10,00,00,15.2,-66.4,105,3
AL021903,UNNAMED,1903,08,10,06,00,15.6,-68.2,105,3
AL021903,UNNAMED,1903,08,10,12,00,16,-70,105,3
AL021903,UNNAMED,1903,08,10,18,00,16.6,-72,105,3
AL021903,UNNAMED,1903,08,11,00,00,17.2,-73.8,105,3
AL021903,UNNAMED,1903,08,11,06,00,17.7,-75.6,105,3
AL021903,UNNAMED,1903,08,11,12,00,18.3,-77.3,105,3
AL021903,UNNAMED,1903,08,11,18,00,18.6,-78.7,105,3
AL021903,UNNAMED,1903,08,12,00,00,19,-80,105,3
AL021903,UNNAMED,1903,08,12,06,00,19.4,-81.1,105,3
AL021903,UNNAMED,1903,08,12,12,00,19.7,-82.5,105,3
AL021903,UNNAMED,1903,08,12,18,00,20.1,-84,105,3
AL021903,UNNAMED,1903,08,13,00,00,20.4,-85.6,105,3
AL021903,UNNAMED,1903,08,13,06,00,20.8,-87.3,85,2
AL021903,UNNAMED,1903,08,13,12,00,21,-88.4,70,1
AL021903,UNNAMED,1903,08,13,18,00,21.2,-89.4,65,1
AL021903,UNNAMED,1903,08,14,00,00,21.4,-90.4,70,1
AL021903,UNNAMED,1903,08,14,06,00,21.7,-91.4,70,1
AL021903,UNNAMED,1903,08,14,12,00,22,-92.5,70,1
AL021903,UNNAMED,1903,08,14,18,00,22.1,-93.4,70,1
AL021903,UNNAMED,1903,08,15,00,00,22.3,-94.3,70,1
AL021903,UNNAMED,1903,08,15,06,00,22.6,-95.1,70,1
AL021903,UNNAMED,1903,08,15,12,00,23,-96,70,1
AL021903,UNNAMED,1903,08,15,18,00,23.1,-96.8,70,1
AL021903,UNNAMED,1903,08,16,00,00,23,-97.6,70,1
AL021903,UNNAMED,1903,08,16,06,00,22.8,-98.3,50,0
AL021903,UNNAMED,1903,08,16,12,00,22.5,-99,40,0
AL021903,UNNAMED,1903,08,16,18,00,22,-99.6,35,0
