id,name,year,month,day,hour,minute,lat,lon,max_sustained_wind_kts,sshws
AL021912,UNNAMED,1912,07,12,12,00,25,-74,35,0
AL021912,UNNAMED,1912,07,12,18,00,25.8,-74.5,35,0
AL021912,UNNAMED,1912,07,13,00,00,26.6,-75,35,0
AL021912,UNNAMED,1912,07,13,06,00,27.3,-75.5,35,0
AL021912,UNNAMED,1912,07,13,12,00,28,-76,35,0
AL021912,UNNAMED,1912,07,13,18,00,28.5,-76.4,35,0
AL021912,UNNAMED,1912,07,14,00,00,28.9,-76.7,35,0
AL021912,UNNAMED,1912,07,14,06,00,29.3,-77.1,35,0
AL021912,UNNAMED,1912,07,14,12,00,29.7,-77.5,35,0
AL021912,UNNAMED,1912,07,14,18,00,30,-78.1,40,0
AL021912,UNNAMED,1912,07,15,00,00,30.4,-78.8,40,0
AL021912,UNNAMED,1912,07,15,06,00,30.9,-79.7,40,0
AL021912,UNNAMED,1912,07,15,12,00,31.3,-80.7,45,0
AL021912,UNNAMED,1912,07,15,15,00,31.3,-81.3,45,0
AL021912,UNNAMED,1912,07,15,18,00,31.3,-81.9,40,0
AL021912,UNNAMED,1912,07,16,00,00,31.3,-83.1,40,0
AL021912,UNNAMED,1912,07,16,06,00,31.3,-84.3,35,0
AL021912,UNNAMED,1912,07,16,12,00,31.3,-85.5,30,0
AL021912,UNNAMED,1912,07,16,18,00,31.4,-86.5,25,0
AL021912,UNNAMED,1912,07,17,00,00,31.5,-87.5,25,0
AL021912,UNNAMED,1912,07,17,06,00,31.6,-88.4,20,0
AL021912,UNNAMED,1912,07,17,12,00,31.7,-89.3,20,0
