id,name,year,month,day,hour,minute,lat,lon,max_sustained_wind_kts,sshws
AL021871,UNNAMED,1871,06,08,00,00,23.4,-90.4,40,0
AL021871,UNNAMED,1871,06,08,06,00,24.2,-91.1,40,0
AL021871,UNNAMED,1871,06,08,12,00,25,-91.8,40,0
AL021871,UNNAMED,1871,06,08,18,00,25.9,-92.6,40,0
AL021871,UNNAMED,1871,06,09,00,00,26.7,-93.3,50,0
AL021871,UNNAMED,1871,06,09,06,00,27.4,-94,50,0
AL021871,UNNAMED,1871,06,09,12,00,28.3,-94.6,50,0
AL021871,UNNAMED,1871,06,09,17,00,29.2,-95,50,0
AL021871,UNNAMED,1871,06,09,18,00,29.3,-95,50,0
AL021871,UNNAMED,1871,06,10,00,00,30.3,-95.1,40,0
AL021871,UNNAMED,1871,06,10,06,00,31.3,-95.1,40,0
AL021871,UNNAMED,1871,06,10,12,00,32.4,-95,30,0
AL021871,UNNAMED,1871,06,10,18,00,33.5,-95,30,0
