id,name,year,month,day,hour,minute,lat,lon,max_sustained_wind_kts,sshws
AL021959,BEULAH,1959,06,15,18,00,21.1,-94.7,25,0
AL021959,BEULAH,1959,06,16,00,00,21.7,-95.2,25,0
AL021959,BEULAH,1959,06,16,06,00,22,-95.6,45,0
AL021959,BEULAH,1959,06,16,12,00,22.3,-96,50,0
AL021959,BEULAH,1959,06,16,18,00,22.6,-96.2,50,0
AL021959,BEULAH,1959,06,17,00,00,22.8,-96.3,55,0
AL021959,BEULAH,1959,06,17,06,00,23,-96.5,55,0
AL021959,BEULAH,1959,06,17,12,00,23.1,-96.7,55,0
AL021959,BEULAH,1959,06,17,18,00,23.2,-97.1,60,0
AL021959,BEULAH,1959,06,18,00,00,23,-97.3,55,0
AL021959,BEULAH,1959,06,18,06,00,22.4,-97.3,45,0
AL021959,BEULAH,1959,06,18,12,00,21.8,-97.2,35,0
AL021959,BEULAH,1959,06,18,18,00,21.2,-97.2,30,0
