AL021895	UNNAMED	1895	08	22	00	00	13.4	-58.3	35	0
AL021895	UNNAMED	1895	08	22	06	00	13.7	-59.6	40	0
AL021895	UNNAMED	1895	08	22	12	00	14	-60.7	45	0
AL021895	UNNAMED	1895	08	22	18	00	14.3	-61.9	50	0
AL021895	UNNAMED	1895	08	23	00	00	14.5	-63.1	55	0
AL021895	UNNAMED	1895	08	23	06	00	14.8	-64.4	55	0
AL021895	UNNAMED	1895	08	23	12	00	15	-65.8	60	0
AL021895	UNNAMED	1895	08	23	18	00	15.3	-67.2	65	1
AL021895	UNNAMED	1895	08	24	00	00	15.5	-68.7	70	1
AL021895	UNNAMED	1895	08	24	06	00	15.8	-70.2	75	1
AL021895	UNNAMED	1895	08	24	12	00	16	-71.7	75	1
AL021895	UNNAMED	1895	08	24	18	00	16.4	-73.3	80	1
AL021895	UNNAMED	1895	08	25	00	00	16.9	-75.1	80	1
AL021895	UNNAMED	1895	08	25	06	00	17.4	-77	80	1
AL021895	UNNAMED	1895	08	25	12	00	18	-79	85	2
AL021895	UNNAMED	1895	08	25	18	00	18.4	-80.2	85	2
AL021895	UNNAMED	1895	08	26	00	00	18.8	-81.3	85	2
AL021895	UNNAMED	1895	08	26	06	00	19.4	-82.9	85	2
AL021895	UNNAMED	1895	08	26	12	00	20.2	-84.5	85	2
AL021895	UNNAMED	1895	08	26	18	00	20.9	-85.8	85	2
AL021895	UNNAMED	1895	08	27	00	00	21.5	-87	85	2
AL021895	UNNAMED	1895	08	27	06	00	22.1	-88	85	2
AL021895	UNNAMED	1895	08	27	12	00	22.6	-89	85	2
AL021895	UNNAMED	1895	08	27	18	00	23	-89.9	85	2
AL021895	UNNAMED	1895	08	28	00	00	23.3	-90.5	85	2
AL021895	UNNAMED	1895	08	28	06	00	23.6	-91.4	85	2
AL021895	UNNAMED	1895	08	28	12	00	24	-92.3	85	2
AL021895	UNNAMED	1895	08	28	18	00	24.3	-93.1	90	2
AL021895	UNNAMED	1895	08	29	00	00	24.5	-93.9	95	2
AL021895	UNNAMED	1895	08	29	06	00	24.6	-94.7	95	2
AL021895	UNNAMED	1895	08	29	12	00	24.7	-95.5	95	2
AL021895	UNNAMED	1895	08	29	18	00	24.8	-96.3	95	2
AL021895	UNNAMED	1895	08	30	00	00	24.9	-97.1	95	2
AL021895	UNNAMED	1895	08	30	06	00	25	-97.9	65	1
AL021895	UNNAMED	1895	08	30	12	00	25.1	-98.7	40	0
AL021895	UNNAMED	1895	08	30	18	00	25.2	-99.5	30	0
