id,name,year,month,day,hour,minute,lat,lon,max_sustained_wind_kts,sshws
AL021900,UNNAMED,1900,09,07,00,00,14.5,-28,35,0
AL021900,UNNAMED,1900,09,07,06,00,14.7,-29.5,40,0
AL021900,UNNAMED,1900,09,07,12,00,15,-31,45,0
AL021900,UNNAMED,1900,09,07,18,00,15.2,-32.3,50,0
AL021900,UNNAMED,1900,09,08,00,00,15.3,-33.6,55,0
AL021900,UNNAMED,1900,09,08,06,00,15.4,-34.8,60,0
AL021900,UNNAMED,1900,09,08,12,00,15.5,-36,60,0
AL021900,UNNAMED,1900,09,08,18,00,15.7,-37.3,60,0
AL021900,UNNAMED,1900,09,09,00,00,15.8,-38.6,60,0
AL021900,UNNAMED,1900,09,09,06,00,15.9,-39.8,60,0
AL021900,UNNAMED,1900,09,09,12,00,16,-41,60,0
AL021900,UNNAMED,1900,09,09,18,00,16.2,-42.3,60,0
AL021900,UNNAMED,1900,09,10,00,00,16.3,-43.6,60,0
AL021900,UNNAMED,1900,09,10,06,00,16.4,-44.8,60,0
AL021900,UNNAMED,1900,09,10,12,00,16.5,-46,60,0
AL021900,UNNAMED,1900,09,10,18,00,16.7,-47.2,60,0
AL021900,UNNAMED,1900,09,11,00,00,16.8,-48.3,60,0
AL021900,UNNAMED,1900,09,11,06,00,16.9,-49.4,60,0
AL021900,UNNAMED,1900,09,11,12,00,17,-50.5,60,0
AL021900,UNNAMED,1900,09,11,18,00,17.2,-51.7,60,0
AL021900,UNNAMED,1900,09,12,00,00,17.3,-52.8,60,0
AL021900,UNNAMED,1900,09,12,06,00,17.4,-53.9,60,0
AL021900,UNNAMED,1900,09,12,12,00,17.5,-55,60,0
AL021900,UNNAMED,1900,09,12,18,00,17.7,-56.1,60,0
AL021900,UNNAMED,1900,09,13,00,00,18,-57.2,60,0
AL021900,UNNAMED,1900,09,13,06,00,18.5,-58.3,60,0
AL021900,UNNAMED,1900,09,13,12,00,19,-59.3,65,1
AL021900,UNNAMED,1900,09,13,18,00,19.5,-60,70,1
AL021900,UNNAMED,1900,09,14,00,00,20,-60.6,75,1
AL021900,UNNAMED,1900,09,14,06,00,20.5,-61.3,80,1
AL021900,UNNAMED,1900,09,14,12,00,21,-62,80,1
AL021900,UNNAMED,1900,09,14,18,00,21.4,-62.5,85,2
AL021900,UNNAMED,1900,09,15,00,00,21.8,-63.1,85,2
AL021900,UNNAMED,1900,09,15,06,00,22.2,-63.5,85,2
AL021900,UNNAMED,1900,09,15,12,00,22.7,-64,85,2
AL021900,UNNAMED,1900,09,15,18,00,23.4,-64.7,85,2
AL021900,UNNAMED,1900,09,16,00,00,23.8,-65,90,2
AL021900,UNNAMED,1900,09,16,06,00,24.3,-65.3,95,2
AL021900,UNNAMED,1900,09,16,12,00,25,-65.5,100,3
AL021900,UNNAMED,1900,09,16,18,00,26,-65.7,105,3
AL021900,UNNAMED,1900,09,17,00,00,27.1,-65.6,105,3
AL021900,UNNAMED,1900,09,17,06,00,28.2,-65.4,105,3
AL021900,UNNAMED,1900,09,17,12,00,29.3,-65,100,3
AL021900,UNNAMED,1900,09,17,18,00,31.1,-64.1,95,2
AL021900,UNNAMED,1900,09,18,00,00,33.2,-62.6,85,2
AL021900,UNNAMED,1900,09,18,06,00,35.1,-60.4,75,1
AL021900,UNNAMED,1900,09,18,12,00,36.5,-58,65,1
AL021900,UNNAMED,1900,09,18,18,00,38,-56,50,0
AL021900,UNNAMED,1900,09,19,00,00,39.7,-53.3,35,0
AL021900,UNNAMED,1900,09,19,06,00,41.5,-49.8,30,0
