id,name,year,month,day,hour,minute,lat,lon,max_sustained_wind_kts,sshws
AL021954,BARBARA,1954,07,27,06,00,27.8,-89.9,25,0
AL021954,BARBARA,1954,07,27,12,00,27.8,-90.1,25,0
AL021954,BARBARA,1954,07,27,18,00,27.9,-90.3,30,0
AL021954,BARBARA,1954,07,28,00,00,28,-90.5,35,0
AL021954,BARBARA,1954,07,28,06,00,28,-90.7,35,0
AL021954,BARBARA,1954,07,28,12,00,28.1,-91,35,0
AL021954,BARBARA,1954,07,28,18,00,28.3,-91.4,40,0
AL021954,BARBARA,1954,07,29,00,00,28.8,-91.8,40,0
AL021954,BARBARA,1954,07,29,06,00,29.4,-92.3,35,0
AL021954,BARBARA,1954,07,29,12,00,30,-92.8,30,0
AL021954,BARBARA,1954,07,29,18,00,30.2,-93.5,25,0
AL021954,BARBARA,1954,07,30,00,00,30.5,-94.4,25,0
AL021954,BARBARA,1954,07,30,06,00,31,-95.6,25,0
AL021954,BARBARA,1954,07,30,12,00,31.5,-96.7,25,0
AL021954,BARBARA,1954,07,30,18,00,32.2,-97.9,20,0
