id,name,year,month,day,hour,minute,lat,lon,max_sustained_wind_kts,sshws
AL021986,BONNIE,1986,06,23,18,00,25.6,-87.2,25,0
AL021986,BONNIE,1986,06,24,00,00,25.7,-87.8,25,0
AL021986,BONNIE,1986,06,24,06,00,26,-88.4,25,0
AL021986,BONNIE,1986,06,24,12,00,26.4,-88.9,30,0
AL021986,BONNIE,1986,06,24,18,00,26.6,-89.5,40,0
AL021986,BONNIE,1986,06,25,00,00,26.7,-90.3,45,0
AL021986,BONNIE,1986,06,25,06,00,26.8,-91,50,0
AL021986,BONNIE,1986,06,25,12,00,27.2,-91.7,55,0
AL021986,BONNIE,1986,06,25,18,00,27.7,-92.2,65,1
AL021986,BONNIE,1986,06,26,00,00,28.2,-92.9,70,1
AL021986,BONNIE,1986,06,26,06,00,29,-93.7,75,1
AL021986,BONNIE,1986,06,26,10,00,29.6,-94.2,75,1
AL021986,BONNIE,1986,06,26,12,00,29.9,-94.3,65,1
AL021986,BONNIE,1986,06,26,18,00,30.9,-94.7,35,0
AL021986,BONNIE,1986,06,27,00,00,31.8,-94.7,30,0
AL021986,BONNIE,1986,06,27,06,00,32.8,-94.7,25,0
AL021986,BONNIE,1986,06,27,12,00,33.9,-94.3,20,0
AL021986,BONNIE,1986,06,27,18,00,34.8,-93.5,20,0
AL021986,BONNIE,1986,06,28,00,00,35.6,-92.5,15,0
AL021986,BONNIE,1986,06,28,06,00,36.5,-91.3,10,0
AL021986,BONNIE,1986,06,28,12,00,37.2,-90,10,0
