id,name,year,month,day,hour,minute,lat,lon,max_sustained_wind_kts,sshws
AL021987,ARLENE,1987,08,08,00,00,34.3,-77.5,10,0
AL021987,ARLENE,1987,08,08,06,00,33.8,-76.7,10,0
AL021987,ARLENE,1987,08,08,12,00,33,-76,10,0
AL021987,ARLENE,1987,08,08,18,00,32,-75.6,10,0
AL021987,ARLENE,1987,08,09,00,00,31,-75.2,10,0
AL021987,ARLENE,1987,08,09,06,00,30,-75,10,0
AL021987,ARLENE,1987,08,09,12,00,29,-75.1,15,0
AL021987,ARLENE,1987,08,09,18,00,28.1,-75.4,15,0
AL021987,ARLENE,1987,08,10,00,00,27.2,-75.8,15,0
AL021987,ARLENE,1987,08,10,06,00,26.3,-76.3,20,0
AL021987,ARLENE,1987,08,10,12,00,25.5,-76.9,20,0
AL021987,ARLENE,1987,08,10,18,00,25,-78,25,0
AL021987,ARLENE,1987,08,11,00,00,26.2,-78.2,25,0
AL021987,ARLENE,1987,08,11,06,00,27.2,-77.2,25,0
AL021987,ARLENE,1987,08,11,12,00,28.3,-75.7,25,0
AL021987,ARLENE,1987,08,11,18,00,29.4,-74.4,35,0
AL021987,ARLENE,1987,08,12,00,00,30.7,-73.2,40,0
AL021987,ARLENE,1987,08,12,06,00,31.4,-72.3,40,0
AL021987,ARLENE,1987,08,12,12,00,32,-71,45,0
AL021987,ARLENE,1987,08,12,18,00,32.4,-69.7,45,0
AL021987,ARLENE,1987,08,13,00,00,32.6,-68.3,55,0
AL021987,ARLENE,1987,08,13,06,00,32.9,-67,55,0
AL021987,ARLENE,1987,08,13,12,00,33,-65.5,55,0
AL021987,ARLENE,1987,08,13,18,00,33,-64.5,55,0
AL021987,ARLENE,1987,08,14,00,00,33,-63.6,50,0
AL021987,ARLENE,1987,08,14,06,00,32.9,-62.8,45,0
AL021987,ARLENE,1987,08,14,12,00,32.8,-62.3,50,0
AL021987,ARLENE,1987,08,14,18,00,32.6,-61.8,55,0
AL021987,ARLENE,1987,08,15,00,00,32.4,-61.3,55,0
AL021987,ARLENE,1987,08,15,06,00,32.2,-60.8,55,0
AL021987,ARLENE,1987,08,15,12,00,31.7,-60.3,50,0
AL021987,ARLENE,1987,08,15,18,00,31.3,-60,45,0
AL021987,ARLENE,1987,08,16,00,00,30.9,-59.6,45,0
AL021987,ARLENE,1987,08,16,06,00,30.5,-59.3,45,0
AL021987,ARLENE,1987,08,16,12,00,30.2,-59,45,0
AL021987,ARLENE,1987,08,16,18,00,29.9,-58.7,45,0
AL021987,ARLENE,1987,08,17,00,00,29.8,-58.2,45,0
AL021987,ARLENE,1987,08,17,06,00,29.8,-57.8,45,0
AL021987,ARLENE,1987,08,17,12,00,29.9,-57.3,40,0
AL021987,ARLENE,1987,08,17,18,00,30.2,-56.8,40,0
AL021987,ARLENE,1987,08,18,00,00,30.9,-56.2,35,0
AL021987,ARLENE,1987,08,18,06,00,31.5,-55.7,35,0
AL021987,ARLENE,1987,08,18,12,00,32.4,-54.7,35,0
AL021987,ARLENE,1987,08,18,18,00,33.3,-53.5,35,0
AL021987,ARLENE,1987,08,19,00,00,34,-52.2,35,0
AL021987,ARLENE,1987,08,19,06,00,34.8,-50.8,35,0
AL021987,ARLENE,1987,08,19,12,00,35.4,-49.5,35,0
AL021987,ARLENE,1987,08,19,18,00,35.5,-47.5,35,0
AL021987,ARLENE,1987,08,20,00,00,35,-46,35,0
AL021987,ARLENE,1987,08,20,06,00,34.5,-44.5,40,0
AL021987,ARLENE,1987,08,20,12,00,34,-43.5,40,0
AL021987,ARLENE,1987,08,20,18,00,33.8,-43,50,0
AL021987,ARLENE,1987,08,21,00,00,33.7,-42.7,55,0
AL021987,ARLENE,1987,08,21,06,00,33.6,-42.3,55,0
AL021987,ARLENE,1987,08,21,12,00,33.5,-42,55,0
AL021987,ARLENE,1987,08,21,18,00,34.5,-42.5,60,0
AL021987,ARLENE,1987,08,22,00,00,35.5,-43,60,0
AL021987,ARLENE,1987,08,22,06,00,36.5,-43,65,1
AL021987,ARLENE,1987,08,22,12,00,38,-43,65,1
AL021987,ARLENE,1987,08,22,18,00,39.5,-42.5,65,1
AL021987,ARLENE,1987,08,23,00,00,41.5,-41,65,1
AL021987,ARLENE,1987,08,23,06,00,44,-39,65,1
AL021987,ARLENE,1987,08,23,12,00,46.5,-36.5,65,1
AL021987,ARLENE,1987,08,23,18,00,48.5,-33,65,1
AL021987,ARLENE,1987,08,24,00,00,50,-30,60,0
AL021987,ARLENE,1987,08,24,06,00,50.5,-27,60,0
AL021987,ARLENE,1987,08,24,12,00,50.5,-23.5,60,0
AL021987,ARLENE,1987,08,24,18,00,50,-20,55,0
AL021987,ARLENE,1987,08,25,00,00,48,-18,50,0
AL021987,ARLENE,1987,08,25,06,00,46,-17,45,0
AL021987,ARLENE,1987,08,25,12,00,44,-16.5,35,0
AL021987,ARLENE,1987,08,25,18,00,43,-15,25,0
AL021987,ARLENE,1987,08,26,00,00,41.5,-14.5,20,0
AL021987,ARLENE,1987,08,26,06,00,39.5,-14,15,0
AL021987,ARLENE,1987,08,26,12,00,37.5,-11.5,10,0
AL021987,ARLENE,1987,08,26,18,00,39,-8,10,0
AL021987,ARLENE,1987,08,27,00,00,39,-6,15,0
AL021987,ARLENE,1987,08,27,06,00,39,-5,15,0
AL021987,ARLENE,1987,08,27,12,00,39,-4.5,15,0
AL021987,ARLENE,1987,08,27,18,00,39,-4,10,0
AL021987,ARLENE,1987,08,28,00,00,39,-4,10,0
