id,name,year,month,day,hour,minute,lat,lon,max_sustained_wind_kts,sshws
AL021963,BEULAH,1963,08,20,12,00,13.7,-49.5,30,0
AL021963,BEULAH,1963,08,20,18,00,14.3,-50.9,30,0
AL021963,BEULAH,1963,08,21,00,00,15,-51.7,30,0
AL021963,BEULAH,1963,08,21,06,00,15.5,-52.8,35,0
AL021963,BEULAH,1963,08,21,12,00,16,-53.5,35,0
AL021963,BEULAH,1963,08,21,18,00,16.5,-54.6,45,0
AL021963,BEULAH,1963,08,22,00,00,16.8,-55.4,45,0
AL021963,BEULAH,1963,08,22,06,00,17.3,-56,55,0
AL021963,BEULAH,1963,08,22,12,00,17.9,-56.9,70,1
AL021963,BEULAH,1963,08,22,18,00,18.7,-57.8,75,1
AL021963,BEULAH,1963,08,23,00,00,19.6,-58.3,80,1
AL021963,BEULAH,1963,08,23,06,00,20.5,-58.8,85,2
AL021963,BEULAH,1963,08,23,12,00,21.3,-59.1,85,2
AL021963,BEULAH,1963,08,23,18,00,22.1,-59.2,90,2
AL021963,BEULAH,1963,08,24,00,00,22.6,-59.4,95,2
AL021963,BEULAH,1963,08,24,06,00,23.1,-59.6,105,3
AL021963,BEULAH,1963,08,24,12,00,23.7,-59.7,105,3
AL021963,BEULAH,1963,08,24,18,00,24.1,-59.8,100,3
AL021963,BEULAH,1963,08,25,00,00,24.8,-60,85,2
AL021963,BEULAH,1963,08,25,06,00,25.6,-60.2,80,1
AL021963,BEULAH,1963,08,25,12,00,26.6,-60.3,75,1
AL021963,BEULAH,1963,08,25,18,00,27.8,-60.4,80,1
AL021963,BEULAH,1963,08,26,00,00,29,-60.2,80,1
AL021963,BEULAH,1963,08,26,06,00,30.4,-59.2,85,2
AL021963,BEULAH,1963,08,26,12,00,31.6,-58.3,85,2
AL021963,BEULAH,1963,08,26,18,00,32.9,-57,85,2
AL021963,BEULAH,1963,08,27,00,00,34.5,-55.3,80,1
AL021963,BEULAH,1963,08,27,06,00,36.3,-53.6,75,1
AL021963,BEULAH,1963,08,27,12,00,38.4,-52.3,70,1
AL021963,BEULAH,1963,08,27,18,00,41.6,-51,70,1
AL021963,BEULAH,1963,08,28,00,00,45.8,-48.3,70,1
AL021963,BEULAH,1963,08,28,06,00,49.4,-44.9,65,1
AL021963,BEULAH,1963,08,28,12,00,51.6,-41,60,0
AL021963,BEULAH,1963,08,28,18,00,54.2,-35.5,60,0
