AL021857	UNNAMED	1857	09	06	18	00	26.5	-73	40	0
AL021857	UNNAMED	1857	09	07	00	00	26.7	-72.8	40	0
AL021857	UNNAMED	1857	09	07	06	00	26.9	-72.6	40	0
AL021857	UNNAMED	1857	09	07	12	00	27.2	-72.4	50	0
AL021857	UNNAMED	1857	09	07	18	00	27.5	-72.3	50	0
AL021857	UNNAMED	1857	09	08	00	00	27.7	-72.5	50	0
AL021857	UNNAMED	1857	09	08	06	00	27.9	-72.7	50	0
AL021857	UNNAMED	1857	09	08	12	00	28.1	-72.9	60	0
AL021857	UNNAMED	1857	09	08	18	00	28.3	-73	60	0
AL021857	UNNAMED	1857	09	09	00	00	28.7	-73.6	60	0
AL021857	UNNAMED	1857	09	09	06	00	29.1	-74.2	70	1
AL021857	UNNAMED	1857	09	09	12	00	29.5	-74.7	70	1
AL021857	UNNAMED	1857	09	09	18	00	29.9	-75.3	70	1
AL021857	UNNAMED	1857	09	10	00	00	30.2	-75.8	70	1
AL021857	UNNAMED	1857	09	10	06	00	30.5	-76.2	70	1
AL021857	UNNAMED	1857	09	10	12	00	30.7	-76.7	80	1
AL021857	UNNAMED	1857	09	10	18	00	31	-77.1	80	1
AL021857	UNNAMED	1857	09	11	00	00	31.2	-77.4	90	2
AL021857	UNNAMED	1857	09	11	06	00	31.5	-77.7	90	2
AL021857	UNNAMED	1857	09	11	12	00	31.7	-78	90	2
AL021857	UNNAMED	1857	09	11	18	00	32.1	-78.2	90	2
AL021857	UNNAMED	1857	09	12	00	00	32.3	-78.2	90	2
AL021857	UNNAMED	1857	09	12	06	00	32.5	-78.3	90	2
AL021857	UNNAMED	1857	09	12	12	00	32.8	-78.3	90	2
AL021857	UNNAMED	1857	09	12	18	00	33.3	-78.3	90	2
AL021857	UNNAMED	1857	09	13	00	00	33.9	-78	90	2
AL021857	UNNAMED	1857	09	13	06	00	34.5	-77.5	80	1
AL021857	UNNAMED	1857	09	13	12	00	34.9	-77.1	70	1
AL021857	UNNAMED	1857	09	13	18	00	35.5	-76.5	60	0
AL021857	UNNAMED	1857	09	14	00	00	36	-76.2	50	0
AL021857	UNNAMED	1857	09	14	06	00	36.3	-75.8	50	0
AL021857	UNNAMED	1857	09	14	12	00	36.5	-74.9	50	0
AL021857	UNNAMED	1857	09	14	18	00	36.8	-73.5	60	0
AL021857	UNNAMED	1857	09	15	00	00	37.6	-71.8	60	0
AL021857	UNNAMED	1857	09	15	06	00	38.5	-69.8	70	1
AL021857	UNNAMED	1857	09	15	12	00	39.4	-67.6	80	1
AL021857	UNNAMED	1857	09	15	18	00	40.3	-65.2	80	1
AL021857	UNNAMED	1857	09	16	00	00	41.2	-61.7	80	1
AL021857	UNNAMED	1857	09	16	06	00	42.1	-58.9	80	1
AL021857	UNNAMED	1857	09	16	12	00	43	-56	80	1
AL021857	UNNAMED	1857	09	16	18	00	44	-53	80	1
AL021857	UNNAMED	1857	09	17	00	00	45	-50	80	1
AL021857	UNNAMED	1857	09	17	06	00	46	-46	70	1
AL021857	UNNAMED	1857	09	17	12	00	47	-42	60	0
AL021857	UNNAMED	1857	09	17	18	00	48	-38	50	0
AL021857	UNNAMED	1857	09	18	00	00	49	-34	40	0
AL021857	UNNAMED	1857	09	18	06	00	50	-30	40	0
