id,name,year,month,day,hour,minute,lat,lon,max_sustained_wind_kts,sshws
AL021921,UNNAMED,1921,09,04,12,00,21,-95,30,0
AL021921,UNNAMED,1921,09,04,18,00,21.1,-95.2,30,0
AL021921,UNNAMED,1921,09,05,00,00,21.3,-95.3,30,0
AL021921,UNNAMED,1921,09,05,06,00,21.4,-95.4,30,0
AL021921,UNNAMED,1921,09,05,12,00,21.5,-95.5,30,0
AL021921,UNNAMED,1921,09,05,18,00,21.7,-95.7,30,0
AL021921,UNNAMED,1921,09,06,00,00,21.8,-95.9,35,0
AL021921,UNNAMED,1921,09,06,06,00,21.9,-96.1,40,0
AL021921,UNNAMED,1921,09,06,12,00,22,-96.5,50,0
AL021921,UNNAMED,1921,09,06,18,00,22.2,-97,60,0
AL021921,UNNAMED,1921,09,07,00,00,22.4,-97.6,70,1
AL021921,UNNAMED,1921,09,07,06,00,22.6,-98.1,55,0
AL021921,UNNAMED,1921,09,07,12,00,22.8,-98.6,45,0
AL021921,UNNAMED,1921,09,07,18,00,23.2,-98.9,40,0
AL021921,UNNAMED,1921,09,08,00,00,23.8,-98.8,35,0
AL021921,UNNAMED,1921,09,08,06,00,24.8,-98.7,30,0
