id,name,year,month,day,hour,minute,lat,lon,max_sustained_wind_kts,sshws
AL021883,UNNAMED,1883,08,24,00,00,22.7,-58.5,70,1
AL021883,UNNAMED,1883,08,24,06,00,23,-59.8,70,1
AL021883,UNNAMED,1883,08,24,12,00,23.5,-60.9,70,1
AL021883,UNNAMED,1883,08,24,18,00,24,-62,70,1
AL021883,UNNAMED,1883,08,25,00,00,24.4,-62.9,70,1
AL021883,UNNAMED,1883,08,25,06,00,24.7,-63.7,70,1
AL021883,UNNAMED,1883,08,25,12,00,25.2,-64.4,70,1
AL021883,UNNAMED,1883,08,25,18,00,25.7,-65.1,70,1
AL021883,UNNAMED,1883,08,26,00,00,26.3,-65.9,80,1
AL021883,UNNAMED,1883,08,26,06,00,26.7,-66.4,80,1
AL021883,UNNAMED,1883,08,26,12,00,27.2,-66.8,80,1
AL021883,UNNAMED,1883,08,26,18,00,27.7,-67.1,80,1
AL021883,UNNAMED,1883,08,27,00,00,28.3,-67.5,90,2
AL021883,UNNAMED,1883,08,27,06,00,28.9,-67.8,90,2
AL021883,UNNAMED,1883,08,27,12,00,29.4,-68,90,2
AL021883,UNNAMED,1883,08,27,18,00,30.3,-68.3,90,2
AL021883,UNNAMED,1883,08,28,00,00,31.1,-68.5,100,3
AL021883,UNNAMED,1883,08,28,06,00,31.9,-68.6,100,3
AL021883,UNNAMED,1883,08,28,12,00,33,-68.6,110,3
AL021883,UNNAMED,1883,08,28,18,00,34,-68.8,110,3
AL021883,UNNAMED,1883,08,29,00,00,35.7,-68.5,110,3
AL021883,UNNAMED,1883,08,29,06,00,37.4,-67.5,100,3
AL021883,UNNAMED,1883,08,29,12,00,38.8,-66.3,90,2
AL021883,UNNAMED,1883,08,29,18,00,40.5,-64,90,2
AL021883,UNNAMED,1883,08,30,00,00,42,-61.5,80,1
AL021883,UNNAMED,1883,08,30,06,00,43.5,-58.9,80,1
AL021883,UNNAMED,1883,08,30,12,00,45,-56.2,70,1
AL021883,UNNAMED,1883,08,30,18,00,46.5,-51.2,70,1
AL021883,UNNAMED,1883,08,31,00,00,48.2,-46.4,70,1
AL021883,UNNAMED,1883,08,31,06,00,49.9,-40.7,70,1
AL021883,UNNAMED,1883,08,31,12,00,51,-35,70,1
AL021883,UNNAMED,1883,08,31,18,00,51.4,-30.9,70,1
AL021883,UNNAMED,1883,09,01,00,00,51.8,-26.2,70,1
AL021883,UNNAMED,1883,09,01,06,00,51.9,-21.2,70,1
AL021883,UNNAMED,1883,09,01,12,00,52,-17.2,80,1
AL021883,UNNAMED,1883,09,01,18,00,52,-13.9,80,1
AL021883,UNNAMED,1883,09,02,00,00,52,-10.7,80,1
AL021883,UNNAMED,1883,09,02,06,00,52,-7.2,80,1
AL021883,UNNAMED,1883,09,02,12,00,52,-3.5,80,1
AL021883,UNNAMED,1883,09,02,18,00,51.9,-0.2,80,1
