id,name,year,month,day,hour,minute,lat,lon,max_sustained_wind_kts,sshws
AL021862,UNNAMED,1862,08,18,00,00,28.8,-71.5,90,2
AL021862,UNNAMED,1862,08,18,06,00,30.1,-71.5,90,2
AL021862,UNNAMED,1862,08,18,12,00,31.4,-71.4,90,2
AL021862,UNNAMED,1862,08,18,18,00,32.7,-71.3,90,2
AL021862,UNNAMED,1862,08,19,00,00,34,-70.6,90,2
AL021862,UNNAMED,1862,08,19,06,00,34.9,-70,90,2
AL021862,UNNAMED,1862,08,19,12,00,35.8,-68.8,90,2
AL021862,UNNAMED,1862,08,19,18,00,37,-67.1,90,2
AL021862,UNNAMED,1862,08,20,00,00,38.5,-64.6,90,2
AL021862,UNNAMED,1862,08,20,06,00,39.7,-62.5,90,2
AL021862,UNNAMED,1862,08,20,12,00,41,-60,80,1
AL021862,UNNAMED,1862,08,20,18,00,42.5,-57,80,1
AL021862,UNNAMED,1862,08,21,00,00,44.5,-53,80,1
