AL021970	BECKY	1970	07	19	00	00	18.5	-83.5	25	0
AL021970	BECKY	1970	07	19	06	00	18.8	-84.5	25	0
AL021970	BECKY	1970	07	19	12	00	19.4	-85.2	30	0
AL021970	BECKY	1970	07	19	18	00	20.3	-85.6	30	0
AL021970	BECKY	1970	07	20	00	00	21.3	-85.9	30	0
AL021970	BECKY	1970	07	20	06	00	22.3	-86.2	30	0
AL021970	BECKY	1970	07	20	12	00	23.3	-86.4	40	0
AL021970	BECKY	1970	07	20	18	00	24.1	-86.6	45	0
AL021970	BECKY	1970	07	21	00	00	25	-86.6	50	0
AL021970	BECKY	1970	07	21	06	00	25.8	-86.7	55	0
AL021970	BECKY	1970	07	21	12	00	26.6	-86.6	55	0
AL021970	BECKY	1970	07	21	18	00	27.5	-86.3	55	0
AL021970	BECKY	1970	07	22	00	00	28.3	-86	45	0
AL021970	BECKY	1970	07	22	06	00	29.2	-85.5	40	0
AL021970	BECKY	1970	07	22	12	00	29.9	-85.1	30	0
AL021970	BECKY	1970	07	22	18	00	31.7	-84.7	25	0
AL021970	BECKY	1970	07	23	00	00	33.4	-85.2	25	0
AL021970	BECKY	1970	07	23	06	00	35.3	-86	25	0
AL021970	BECKY	1970	07	23	12	00	37.2	-86.9	20	0
