id,name,year,month,day,hour,minute,lat,lon,max_sustained_wind_kts,sshws
AL021861,UNNAMED,1861,08,13,12,00,20.5,-70,40,0
AL021861,UNNAMED,1861,08,13,18,00,21,-71.5,40,0
AL021861,UNNAMED,1861,08,14,00,00,21.5,-73,50,0
AL021861,UNNAMED,1861,08,14,06,00,22,-74.5,60,0
AL021861,UNNAMED,1861,08,14,12,00,22.5,-76,70,1
AL021861,UNNAMED,1861,08,14,18,00,22.9,-77.4,70,1
AL021861,UNNAMED,1861,08,15,00,00,23.2,-78.7,80,1
AL021861,UNNAMED,1861,08,15,06,00,23.5,-79.9,80,1
AL021861,UNNAMED,1861,08,15,12,00,23.7,-80.8,80,1
AL021861,UNNAMED,1861,08,15,18,00,23.9,-81.5,80,1
AL021861,UNNAMED,1861,08,16,00,00,24.2,-82,80,1
AL021861,UNNAMED,1861,08,16,06,00,24.6,-82.5,80,1
AL021861,UNNAMED,1861,08,16,12,00,25,-83,70,1
AL021861,UNNAMED,1861,08,16,18,00,25.4,-83.5,70,1
AL021861,UNNAMED,1861,08,17,00,00,25.8,-84,60,0
AL021861,UNNAMED,1861,08,17,06,00,26.2,-84.5,60,0
AL021861,UNNAMED,1861,08,17,12,00,26.6,-85,50,0
AL021861,UNNAMED,1861,08,17,18,00,27,-85.6,50,0
