id,name,year,month,day,hour,minute,lat,lon,max_sustained_wind_kts,sshws
AL021870,UNNAMED,1870,08,30,00,00,21.7,-59.5,50,0
AL021870,UNNAMED,1870,08,30,06,00,22.4,-60.3,50,0
AL021870,UNNAMED,1870,08,30,12,00,23,-61,50,0
AL021870,UNNAMED,1870,08,30,18,00,23.7,-61.8,50,0
AL021870,UNNAMED,1870,08,31,00,00,24.4,-62.6,60,0
AL021870,UNNAMED,1870,08,31,06,00,25.2,-63.3,60,0
AL021870,UNNAMED,1870,08,31,12,00,25.9,-64.1,70,1
AL021870,UNNAMED,1870,08,31,18,00,26.8,-65.1,70,1
AL021870,UNNAMED,1870,09,01,00,00,27.7,-66.1,80,1
AL021870,UNNAMED,1870,09,01,06,00,28.6,-67.1,80,1
AL021870,UNNAMED,1870,09,01,12,00,29.3,-68,80,1
AL021870,UNNAMED,1870,09,01,18,00,30.1,-68.6,80,1
AL021870,UNNAMED,1870,09,02,00,00,31.1,-69.5,90,2
AL021870,UNNAMED,1870,09,02,06,00,32,-70.1,90,2
AL021870,UNNAMED,1870,09,02,12,00,33,-71,90,2
AL021870,UNNAMED,1870,09,02,18,00,34,-71.5,90,2
AL021870,UNNAMED,1870,09,03,00,00,35.4,-71.6,90,2
AL021870,UNNAMED,1870,09,03,06,00,37,-71.3,90,2
AL021870,UNNAMED,1870,09,03,12,00,38.7,-70.8,80,1
AL021870,UNNAMED,1870,09,03,18,00,40.5,-68.8,80,1
AL021870,UNNAMED,1870,09,04,00,00,42.5,-66.3,80,1
AL021870,UNNAMED,1870,09,04,06,00,44,-63.3,80,1
AL021870,UNNAMED,1870,09,04,12,00,45.4,-59.6,70,1
AL021870,UNNAMED,1870,09,04,18,00,46.3,-55.5,70,1
