id,name,year,month,day,hour,minute,lat,lon,max_sustained_wind_kts,sshws
AL021901,UNNAMED,1901,07,01,12,00,9,-54,35,0
AL021901,UNNAMED,1901,07,01,18,00,9.5,-55,35,0
AL021901,UNNAMED,1901,07,02,00,00,10.2,-56.2,35,0
AL021901,UNNAMED,1901,07,02,06,00,10.8,-57.4,35,0
AL021901,UNNAMED,1901,07,02,12,00,11.5,-58.7,35,0
AL021901,UNNAMED,1901,07,02,18,00,12.3,-60.1,35,0
AL021901,UNNAMED,1901,07,03,00,00,13.2,-61.9,35,0
AL021901,UNNAMED,1901,07,03,06,00,14.2,-63.6,40,0
AL021901,UNNAMED,1901,07,03,12,00,15.3,-65.7,40,0
AL021901,UNNAMED,1901,07,03,18,00,15.9,-67.4,40,0
AL021901,UNNAMED,1901,07,04,00,00,16.3,-69.2,45,0
AL021901,UNNAMED,1901,07,04,06,00,16.6,-70.8,50,0
AL021901,UNNAMED,1901,07,04,12,00,17,-72.5,55,0
AL021901,UNNAMED,1901,07,04,18,00,17.4,-73.6,55,0
AL021901,UNNAMED,1901,07,05,00,00,17.8,-74.6,60,0
AL021901,UNNAMED,1901,07,05,06,00,18.3,-75.5,60,0
AL021901,UNNAMED,1901,07,05,12,00,18.7,-76.5,60,0
AL021901,UNNAMED,1901,07,05,18,00,18.9,-77.4,60,0
AL021901,UNNAMED,1901,07,06,00,00,19.2,-78.3,60,0
AL021901,UNNAMED,1901,07,06,06,00,19.4,-79.3,60,0
AL021901,UNNAMED,1901,07,06,12,00,19.7,-80.3,60,0
AL021901,UNNAMED,1901,07,06,18,00,20.1,-81,60,0
AL021901,UNNAMED,1901,07,07,00,00,20.6,-81.9,60,0
AL021901,UNNAMED,1901,07,07,06,00,21,-82.6,60,0
AL021901,UNNAMED,1901,07,07,12,00,21.5,-83.5,60,0
AL021901,UNNAMED,1901,07,07,18,00,21.9,-84.3,60,0
AL021901,UNNAMED,1901,07,08,00,00,22.2,-85,60,0
AL021901,UNNAMED,1901,07,08,06,00,22.6,-85.9,60,0
AL021901,UNNAMED,1901,07,08,12,00,23,-87,60,0
AL021901,UNNAMED,1901,07,08,18,00,23.5,-87.9,60,0
AL021901,UNNAMED,1901,07,09,00,00,24.1,-88.7,60,0
AL021901,UNNAMED,1901,07,09,06,00,24.8,-89.6,60,0
AL021901,UNNAMED,1901,07,09,12,00,25.3,-90.5,60,0
AL021901,UNNAMED,1901,07,09,18,00,26,-91.9,60,0
AL021901,UNNAMED,1901,07,10,00,00,26.9,-93.5,55,0
AL021901,UNNAMED,1901,07,10,06,00,27.9,-95,50,0
AL021901,UNNAMED,1901,07,10,10,00,28.6,-96,45,0
AL021901,UNNAMED,1901,07,10,12,00,28.9,-96.5,35,0
AL021901,UNNAMED,1901,07,10,18,00,30,-97.8,30,0
