id,name,year,month,day,hour,minute,lat,lon,max_sustained_wind_kts,sshws
AL021995,BARRY,1995,07,05,06,00,32,-72,20,0
AL021995,BARRY,1995,07,05,12,00,32,-72,20,0
AL021995,BARRY,1995,07,05,18,00,31.9,-72,20,0
AL021995,BARRY,1995,07,06,00,00,31.8,-72,25,0
AL021995,BARRY,1995,07,06,06,00,31.7,-71.9,25,0
AL021995,BARRY,1995,07,06,12,00,31.5,-71.7,30,0
AL021995,BARRY,1995,07,06,18,00,31.3,-71.6,30,0
AL021995,BARRY,1995,07,07,00,00,31.3,-71.3,30,0
AL021995,BARRY,1995,07,07,06,00,31.6,-71,35,0
AL021995,BARRY,1995,07,07,12,00,32.2,-70.6,40,0
AL021995,BARRY,1995,07,07,18,00,33.2,-70.2,60,0
AL021995,BARRY,1995,07,07,21,00,33.6,-69.9,60,0
AL021995,BARRY,1995,07,08,00,00,34,-69.6,60,0
AL021995,BARRY,1995,07,08,06,00,34.9,-68.9,55,0
AL021995,BARRY,1995,07,08,12,00,35.9,-68.2,50,0
AL021995,BARRY,1995,07,08,18,00,37.2,-67.2,50,0
AL021995,BARRY,1995,07,09,00,00,38.7,-66,50,0
AL021995,BARRY,1995,07,09,06,00,40.5,-64.6,50,0
AL021995,BARRY,1995,07,09,12,00,42.3,-63.1,50,0
AL021995,BARRY,1995,07,09,18,00,44.3,-61.7,50,0
AL021995,BARRY,1995,07,09,21,30,45.3,-61,50,0
AL021995,BARRY,1995,07,09,22,00,45.6,-60.8,45,0
AL021995,BARRY,1995,07,10,00,00,46.4,-60.5,45,0
AL021995,BARRY,1995,07,10,06,00,48.5,-59.2,40,0
