id,name,year,month,day,hour,minute,lat,lon,max_sustained_wind_kts,sshws
AL021894,UNNAMED,1894,08,05,06,00,26.4,-89.3,35,0
AL021894,UNNAMED,1894,08,05,12,00,27,-89,40,0
AL021894,UNNAMED,1894,08,05,18,00,27.5,-88.6,40,0
AL021894,UNNAMED,1894,08,06,00,00,27.9,-88.2,45,0
AL021894,UNNAMED,1894,08,06,06,00,28.3,-87.9,50,0
AL021894,UNNAMED,1894,08,06,12,00,28.7,-87.6,50,0
AL021894,UNNAMED,1894,08,06,18,00,29,-87.5,50,0
AL021894,UNNAMED,1894,08,07,00,00,29.4,-87.4,50,0
AL021894,UNNAMED,1894,08,07,06,00,29.7,-87.4,50,0
AL021894,UNNAMED,1894,08,07,12,00,30,-87.5,50,0
AL021894,UNNAMED,1894,08,07,18,00,30.3,-87.6,50,0
AL021894,UNNAMED,1894,08,08,00,00,30.6,-87.7,45,0
AL021894,UNNAMED,1894,08,08,06,00,30.9,-88.2,40,0
AL021894,UNNAMED,1894,08,08,12,00,31,-88.7,35,0
AL021894,UNNAMED,1894,08,08,18,00,31.1,-89.1,30,0
AL021894,UNNAMED,1894,08,09,00,00,31.2,-89.5,30,0
AL021894,UNNAMED,1894,08,09,06,00,31.3,-89.9,25,0
AL021894,UNNAMED,1894,08,09,12,00,31.5,-90.5,25,0
AL021894,UNNAMED,1894,08,09,18,00,31.7,-91.5,25,0
