id,name,year,month,day,hour,minute,lat,lon,max_sustained_wind_kts,sshws
AL021877,UNNAMED,1877,09,14,00,00,21.5,-92,40,0
AL021877,UNNAMED,1877,09,14,06,00,21.9,-92.4,40,0
AL021877,UNNAMED,1877,09,14,12,00,22.2,-93,40,0
AL021877,UNNAMED,1877,09,14,18,00,22.9,-93.6,40,0
AL021877,UNNAMED,1877,09,15,00,00,23.5,-94.1,50,0
AL021877,UNNAMED,1877,09,15,06,00,24.1,-94.6,50,0
AL021877,UNNAMED,1877,09,15,12,00,24.7,-95,50,0
AL021877,UNNAMED,1877,09,15,18,00,25.2,-95.1,50,0
AL021877,UNNAMED,1877,09,16,00,00,25.9,-95.3,60,0
AL021877,UNNAMED,1877,09,16,06,00,26.4,-95.3,60,0
AL021877,UNNAMED,1877,09,16,12,00,27,-95.3,60,0
AL021877,UNNAMED,1877,09,16,18,00,27.4,-95.1,60,0
AL021877,UNNAMED,1877,09,17,00,00,27.8,-95.1,70,1
AL021877,UNNAMED,1877,09,17,06,00,28.2,-94.8,70,1
AL021877,UNNAMED,1877,09,17,12,00,28.5,-94.5,70,1
AL021877,UNNAMED,1877,09,17,18,00,28.7,-93.8,70,1
AL021877,UNNAMED,1877,09,18,00,00,28.8,-93.3,70,1
AL021877,UNNAMED,1877,09,18,06,00,28.9,-92.5,70,1
AL021877,UNNAMED,1877,09,18,12,00,29,-91.6,70,1
AL021877,UNNAMED,1877,09,18,16,00,29.2,-91,70,1
AL021877,UNNAMED,1877,09,18,18,00,29.3,-90.6,70,1
AL021877,UNNAMED,1877,09,19,00,00,29.5,-89.8,70,1
AL021877,UNNAMED,1877,09,19,06,00,29.7,-89,70,1
AL021877,UNNAMED,1877,09,19,12,00,30,-88,70,1
AL021877,UNNAMED,1877,09,19,18,00,30.3,-86.9,70,1
AL021877,UNNAMED,1877,09,19,20,00,30.4,-86.6,70,1
AL021877,UNNAMED,1877,09,20,00,00,30.6,-85.9,60,0
AL021877,UNNAMED,1877,09,20,06,00,30.8,-84.6,50,0
AL021877,UNNAMED,1877,09,20,12,00,31,-83.6,40,0
AL021877,UNNAMED,1877,09,20,18,00,31.1,-82.4,40,0
AL021877,UNNAMED,1877,09,21,00,00,31.2,-81.1,40,0
AL021877,UNNAMED,1877,09,21,06,00,31.3,-80,40,0
AL021877,UNNAMED,1877,09,21,12,00,31.3,-78.6,40,0
AL021877,UNNAMED,1877,09,21,18,00,31.5,-76.8,40,0
