AL021968	BRENDA	1968	06	17	12	00	24	-80.5	25	0
AL021968	BRENDA	1968	06	17	18	00	24.5	-80.8	25	0
AL021968	BRENDA	1968	06	18	00	00	25	-81	25	0
AL021968	BRENDA	1968	06	18	06	00	25.5	-81.1	25	0
AL021968	BRENDA	1968	06	18	12	00	26	-81.2	25	0
AL021968	BRENDA	1968	06	18	18	00	26.5	-81.3	25	0
AL021968	BRENDA	1968	06	19	00	00	27	-81.3	25	0
AL021968	BRENDA	1968	06	19	06	00	27.5	-81.3	25	0
AL021968	BRENDA	1968	06	19	12	00	28	-81.2	25	0
AL021968	BRENDA	1968	06	19	18	00	28.7	-81.1	25	0
AL021968	BRENDA	1968	06	20	00	00	29.5	-81.1	25	0
AL021968	BRENDA	1968	06	20	06	00	30.1	-80.6	25	0
AL021968	BRENDA	1968	06	20	12	00	30.6	-79.6	25	0
AL021968	BRENDA	1968	06	20	18	00	30.9	-78.5	25	0
AL021968	BRENDA	1968	06	21	00	00	31	-77.4	30	0
AL021968	BRENDA	1968	06	21	06	00	30.9	-76.3	45	0
AL021968	BRENDA	1968	06	21	12	00	30.9	-75.2	50	0
AL021968	BRENDA	1968	06	21	18	00	30.8	-74.2	55	0
AL021968	BRENDA	1968	06	22	00	00	30.8	-73.4	55	0
AL021968	BRENDA	1968	06	22	06	00	31.1	-72.9	60	0
AL021968	BRENDA	1968	06	22	12	00	31.5	-72.5	60	0
AL021968	BRENDA	1968	06	22	18	00	32.1	-71.8	60	0
AL021968	BRENDA	1968	06	23	00	00	32.7	-71.2	60	0
AL021968	BRENDA	1968	06	23	06	00	33.7	-70.1	60	0
AL021968	BRENDA	1968	06	23	12	00	34.7	-68.4	65	1
AL021968	BRENDA	1968	06	23	18	00	35.1	-66.6	65	1
AL021968	BRENDA	1968	06	24	00	00	35.5	-64.3	65	1
AL021968	BRENDA	1968	06	24	06	00	35.5	-61.8	65	1
AL021968	BRENDA	1968	06	24	12	00	35.6	-59.3	65	1
AL021968	BRENDA	1968	06	24	18	00	35.7	-56.6	65	1
AL021968	BRENDA	1968	06	25	00	00	35.8	-54	60	0
AL021968	BRENDA	1968	06	25	06	00	36.2	-51.5	60	0
AL021968	BRENDA	1968	06	25	12	00	36.8	-49	60	0
AL021968	BRENDA	1968	06	25	18	00	37.3	-46.3	50	0
AL021968	BRENDA	1968	06	26	00	00	37.8	-43.5	45	0
AL021968	BRENDA	1968	06	26	06	00	38.4	-40.7	30	0
AL021968	BRENDA	1968	06	26	12	00	39	-38	30	0
