id,name,year,month,day,hour,minute,lat,lon,max_sustained_wind_kts,sshws
AL021993,ARLENE,1993,06,18,00,00,20.5,-91.9,25,0
AL021993,ARLENE,1993,06,18,06,00,20.8,-92.3,25,0
AL021993,ARLENE,1993,06,18,12,00,21.1,-92.8,25,0
AL021993,ARLENE,1993,06,18,18,00,21.7,-93.1,30,0
AL021993,ARLENE,1993,06,19,00,00,22.6,-93.4,30,0
AL021993,ARLENE,1993,06,19,06,00,23.8,-94.1,30,0
AL021993,ARLENE,1993,06,19,12,00,25.9,-95.9,35,0
AL021993,ARLENE,1993,06,19,18,00,26,-96.3,35,0
AL021993,ARLENE,1993,06,20,00,00,26.3,-96.7,35,0
AL021993,ARLENE,1993,06,20,06,00,27,-97.2,35,0
AL021993,ARLENE,1993,06,20,09,00,27.1,-97.4,35,0
AL021993,ARLENE,1993,06,20,12,00,27.2,-97.8,30,0
AL021993,ARLENE,1993,06,20,18,00,27.2,-97.9,30,0
AL021993,ARLENE,1993,06,21,00,00,27.1,-98.1,30,0
AL021993,ARLENE,1993,06,21,06,00,27.1,-98.3,25,0
