id,name,year,month,day,hour,minute,lat,lon,max_sustained_wind_kts,sshws
AL021989,ALLISON,1989,06,24,18,00,27,-96,30,0
AL021989,ALLISON,1989,06,25,00,00,27,-96,30,0
AL021989,ALLISON,1989,06,25,06,00,27.2,-96,30,0
AL021989,ALLISON,1989,06,25,12,00,27.4,-95.9,30,0
AL021989,ALLISON,1989,06,25,18,00,27.6,-95.8,30,0
AL021989,ALLISON,1989,06,26,00,00,27.8,-95.8,35,0
AL021989,ALLISON,1989,06,26,06,00,28.1,-95.8,35,0
AL021989,ALLISON,1989,06,26,12,00,28.6,-95.7,40,0
AL021989,ALLISON,1989,06,26,13,00,28.7,-95.7,40,0
AL021989,ALLISON,1989,06,26,18,00,29.1,-95.7,45,0
AL021989,ALLISON,1989,06,27,00,00,29.7,-95.7,45,0
AL021989,ALLISON,1989,06,27,06,00,30.2,-95.3,35,0
AL021989,ALLISON,1989,06,27,12,00,30.6,-94.9,30,0
AL021989,ALLISON,1989,06,27,18,00,30.9,-94.6,30,0
AL021989,ALLISON,1989,06,28,00,00,31.1,-94.2,30,0
AL021989,ALLISON,1989,06,28,06,00,31.1,-93.9,30,0
AL021989,ALLISON,1989,06,28,12,00,31,-93.7,30,0
AL021989,ALLISON,1989,06,28,18,00,30.6,-93.8,25,0
AL021989,ALLISON,1989,06,29,00,00,30.5,-94.2,25,0
AL021989,ALLISON,1989,06,29,06,00,30.3,-94.6,25,0
AL021989,ALLISON,1989,06,29,12,00,30.1,-95,25,0
AL021989,ALLISON,1989,06,29,18,00,29.8,-95.2,25,0
AL021989,ALLISON,1989,06,30,00,00,29.6,-95.3,20,0
AL021989,ALLISON,1989,06,30,06,00,29.7,-95.7,20,0
AL021989,ALLISON,1989,06,30,12,00,30.4,-95.7,20,0
AL021989,ALLISON,1989,06,30,18,00,31.1,-95.5,20,0
AL021989,ALLISON,1989,07,01,00,00,31.8,-95.1,20,0
AL021989,ALLISON,1989,07,01,06,00,32.3,-94.5,20,0
AL021989,ALLISON,1989,07,01,12,00,32.8,-93.8,20,0
