id,name,year,month,day,hour,minute,lat,lon,max_sustained_wind_kts,sshws
AL021967,UNNAMED,1967,06,10,12,00,28,-63,-99,0
AL021967,UNNAMED,1967,06,10,18,00,28.5,-63,-99,0
AL021967,UNNAMED,1967,06,11,00,00,29.2,-63.2,-99,0
AL021967,UNNAMED,1967,06,11,06,00,29.9,-63.3,-99,0
AL021967,UNNAMED,1967,06,11,12,00,31.1,-63.8,-99,0
AL021967,UNNAMED,1967,06,11,18,00,32.3,-64.5,-99,0
AL021967,UNNAMED,1967,06,12,00,00,33.1,-65.2,-99,0
AL021967,UNNAMED,1967,06,12,06,00,34,-65.9,-99,0
AL021967,UNNAMED,1967,06,12,12,00,34.1,-65.8,-99,0
AL021967,UNNAMED,1967,06,12,18,00,34.2,-65.7,-99,0
AL021967,UNNAMED,1967,06,13,00,00,34.5,-65.3,-99,0
AL021967,UNNAMED,1967,06,13,06,00,34.8,-65,-99,0
AL021967,UNNAMED,1967,06,13,12,00,35.1,-64.8,-99,0
