AL021929	UNNAMED	1929	09	19	00	00	23	-63.6	30	0
AL021929	UNNAMED	1929	09	19	06	00	23	-63.8	30	0
AL021929	UNNAMED	1929	09	19	12	00	23	-64	30	0
AL021929	UNNAMED	1929	09	19	18	00	23	-64.2	30	0
AL021929	UNNAMED	1929	09	20	00	00	23.1	-64.4	30	0
AL021929	UNNAMED	1929	09	20	06	00	23.1	-64.7	30	0
AL021929	UNNAMED	1929	09	20	12	00	23.2	-65	30	0
AL021929	UNNAMED	1929	09	20	18	00	23.2	-65.5	30	0
AL021929	UNNAMED	1929	09	21	00	00	23.3	-66	30	0
AL021929	UNNAMED	1929	09	21	06	00	23.4	-66.5	30	0
AL021929	UNNAMED	1929	09	21	12	00	23.5	-67	30	0
AL021929	UNNAMED	1929	09	21	18	00	23.6	-67.5	30	0
AL021929	UNNAMED	1929	09	22	00	00	23.7	-68	35	0
AL021929	UNNAMED	1929	09	22	06	00	23.8	-68.5	40	0
AL021929	UNNAMED	1929	09	22	12	00	24	-69	45	0
AL021929	UNNAMED	1929	09	22	18	00	24.4	-69.5	50	0
AL021929	UNNAMED	1929	09	23	00	00	25	-70	55	0
AL021929	UNNAMED	1929	09	23	06	00	25.6	-70.6	60	0
AL021929	UNNAMED	1929	09	23	12	00	26	-71.2	65	1
AL021929	UNNAMED	1929	09	23	18	00	26.4	-71.9	70	1
AL021929	UNNAMED	1929	09	24	00	00	26.7	-72.8	75	1
AL021929	UNNAMED	1929	09	24	06	00	26.9	-73.7	75	1
AL021929	UNNAMED	1929	09	24	12	00	27	-74.4	85	2
AL021929	UNNAMED	1929	09	24	18	00	27	-74.9	95	2
AL021929	UNNAMED	1929	09	25	00	00	26.7	-75.4	105	3
AL021929	UNNAMED	1929	09	25	06	00	26.3	-75.9	115	4
AL021929	UNNAMED	1929	09	25	12	00	25.9	-76.3	125	4
AL021929	UNNAMED	1929	09	25	18	00	25.6	-76.6	135	4
AL021929	UNNAMED	1929	09	26	00	00	25.2	-77	125	4
AL021929	UNNAMED	1929	09	26	06	00	24.9	-77.3	120	4
AL021929	UNNAMED	1929	09	26	12	00	24.6	-77.7	120	4
AL021929	UNNAMED	1929	09	26	18	00	24.4	-78	120	4
AL021929	UNNAMED	1929	09	27	00	00	24.2	-78.4	120	4
AL021929	UNNAMED	1929	09	27	06	00	24.1	-78.8	120	4
AL021929	UNNAMED	1929	09	27	12	00	24.2	-79.1	115	4
AL021929	UNNAMED	1929	09	27	18	00	24.3	-79.4	110	3
AL021929	UNNAMED	1929	09	28	00	00	24.5	-79.7	105	3
AL021929	UNNAMED	1929	09	28	06	00	24.7	-80	100	3
AL021929	UNNAMED	1929	09	28	12	00	24.9	-80.4	100	3
AL021929	UNNAMED	1929	09	28	13	00	25	-80.5	100	3
AL021929	UNNAMED	1929	09	28	18	00	25.1	-81	95	2
AL021929	UNNAMED	1929	09	29	00	00	25.4	-81.7	90	2
AL021929	UNNAMED	1929	09	29	06	00	25.9	-82.5	90	2
AL021929	UNNAMED	1929	09	29	12	00	26.4	-83.5	90	2
AL021929	UNNAMED	1929	09	29	18	00	27	-84.5	90	2
AL021929	UNNAMED	1929	09	30	00	00	27.6	-85.3	85	2
AL021929	UNNAMED	1929	09	30	06	00	28.2	-85.7	85	2
AL021929	UNNAMED	1929	09	30	12	00	28.8	-86	80	1
AL021929	UNNAMED	1929	09	30	18	00	29.4	-86.2	75	1
AL021929	UNNAMED	1929	10	01	00	00	29.9	-86	70	1
AL021929	UNNAMED	1929	10	01	04	00	30.2	-85.7	70	1
AL021929	UNNAMED	1929	10	01	06	00	30.4	-85.4	60	0
AL021929	UNNAMED	1929	10	01	12	00	31	-84.2	55	0
AL021929	UNNAMED	1929	10	01	18	00	32	-82.7	50	0
AL021929	UNNAMED	1929	10	02	00	00	33.5	-81.1	50	0
AL021929	UNNAMED	1929	10	02	06	00	35.2	-79.5	50	0
AL021929	UNNAMED	1929	10	02	12	00	36.7	-78	50	0
AL021929	UNNAMED	1929	10	02	18	00	38.3	-77	50	0
AL021929	UNNAMED	1929	10	03	00	00	39.9	-76.3	50	0
AL021929	UNNAMED	1929	10	03	06	00	41.5	-75.5	50	0
AL021929	UNNAMED	1929	10	03	12	00	42.8	-74.5	50	0
AL021929	UNNAMED	1929	10	03	18	00	44.1	-73.4	50	0
AL021929	UNNAMED	1929	10	04	00	00	45.3	-72.1	45	0
AL021929	UNNAMED	1929	10	04	06	00	46.3	-70.6	45	0
AL021929	UNNAMED	1929	10	04	12	00	47.2	-69.1	40	0
AL021929	UNNAMED	1929	10	04	18	00	48	-67.1	40	0
AL021929	UNNAMED	1929	10	05	00	00	48.8	-64.5	35	0
