AL021949	UNNAMED	1949	08	23	06	00	18	-60	50	0
AL021949	UNNAMED	1949	08	23	12	00	18.2	-61.4	50	0
AL021949	UNNAMED	1949	08	23	18	00	18.5	-62.7	55	0
AL021949	UNNAMED	1949	08	24	00	00	19	-64.2	60	0
AL021949	UNNAMED	1949	08	24	06	00	19.7	-65.8	60	0
AL021949	UNNAMED	1949	08	24	12	00	20.5	-67.3	65	1
AL021949	UNNAMED	1949	08	24	18	00	21.3	-68.6	70	1
AL021949	UNNAMED	1949	08	25	00	00	22.1	-69.8	70	1
AL021949	UNNAMED	1949	08	25	06	00	23	-71.1	75	1
AL021949	UNNAMED	1949	08	25	12	00	23.6	-72.4	75	1
AL021949	UNNAMED	1949	08	25	18	00	24	-73.7	80	1
AL021949	UNNAMED	1949	08	26	00	00	24.2	-75	90	2
AL021949	UNNAMED	1949	08	26	06	00	24.6	-76.4	100	3
AL021949	UNNAMED	1949	08	26	12	00	25.2	-77.8	110	3
AL021949	UNNAMED	1949	08	26	18	00	25.9	-79	115	4
AL021949	UNNAMED	1949	08	26	23	00	26.6	-80	115	4
AL021949	UNNAMED	1949	08	27	00	00	26.6	-80.1	115	4
AL021949	UNNAMED	1949	08	27	06	00	27.3	-81.2	85	2
AL021949	UNNAMED	1949	08	27	12	00	28.2	-82.2	65	1
AL021949	UNNAMED	1949	08	27	18	00	29.1	-82.8	65	1
AL021949	UNNAMED	1949	08	28	00	00	30.3	-82.9	65	1
AL021949	UNNAMED	1949	08	28	06	00	31.8	-82.9	65	1
AL021949	UNNAMED	1949	08	28	12	00	33.2	-82.7	55	0
AL021949	UNNAMED	1949	08	28	18	00	34.7	-82.2	50	0
AL021949	UNNAMED	1949	08	29	00	00	36.4	-80.6	50	0
AL021949	UNNAMED	1949	08	29	06	00	38.6	-78.2	50	0
AL021949	UNNAMED	1949	08	29	12	00	40.8	-76.6	50	0
AL021949	UNNAMED	1949	08	29	18	00	43.8	-72.5	45	0
AL021949	UNNAMED	1949	08	30	00	00	46.8	-68.2	45	0
AL021949	UNNAMED	1949	08	30	06	00	49.5	-64.9	45	0
AL021949	UNNAMED	1949	08	30	12	00	52.2	-62.5	45	0
AL021949	UNNAMED	1949	08	30	18	00	54.1	-59.2	40	0
AL021949	UNNAMED	1949	08	31	00	00	54.8	-54.7	35	0
AL021949	UNNAMED	1949	08	31	06	00	54.8	-51	35	0
AL021949	UNNAMED	1949	08	31	12	00	54.9	-46.9	35	0
AL021949	UNNAMED	1949	08	31	18	00	54.7	-42	35	0
AL021949	UNNAMED	1949	09	01	00	00	54	-35	40	0
AL021949	UNNAMED	1949	09	01	06	00	53.5	-25	45	0
AL021949	UNNAMED	1949	09	01	12	00	53.2	-19	50	0
AL021949	UNNAMED	1949	09	01	18	00	53	-17	50	0
