AL021867	UNNAMED	1867	07	28	00	00	18.5	-56.6	70	1
AL021867	UNNAMED	1867	07	28	06	00	18.7	-57.8	70	1
AL021867	UNNAMED	1867	07	28	12	00	18.9	-59	70	1
AL021867	UNNAMED	1867	07	28	18	00	19.2	-60.2	70	1
AL021867	UNNAMED	1867	07	29	00	00	19.5	-61.7	70	1
AL021867	UNNAMED	1867	07	29	06	00	19.9	-63.1	70	1
AL021867	UNNAMED	1867	07	29	12	00	20.5	-64.5	70	1
AL021867	UNNAMED	1867	07	29	18	00	21	-65.8	70	1
AL021867	UNNAMED	1867	07	30	00	00	21.9	-67.1	70	1
AL021867	UNNAMED	1867	07	30	06	00	22.7	-68.3	70	1
AL021867	UNNAMED	1867	07	30	12	00	23.5	-69.5	80	1
AL021867	UNNAMED	1867	07	30	18	00	24.6	-70.9	80	1
AL021867	UNNAMED	1867	07	31	00	00	25.5	-72.1	80	1
AL021867	UNNAMED	1867	07	31	06	00	26.7	-73.4	80	1
AL021867	UNNAMED	1867	07	31	12	00	27.7	-74.3	80	1
AL021867	UNNAMED	1867	07	31	18	00	28.4	-75	80	1
AL021867	UNNAMED	1867	08	01	00	00	29.4	-75.8	80	1
AL021867	UNNAMED	1867	08	01	06	00	30.7	-76.3	80	1
AL021867	UNNAMED	1867	08	01	12	00	32	-76.5	90	2
AL021867	UNNAMED	1867	08	01	18	00	33.3	-76	90	2
AL021867	UNNAMED	1867	08	02	00	00	34.7	-75.1	80	1
AL021867	UNNAMED	1867	08	02	06	00	36	-74.3	80	1
AL021867	UNNAMED	1867	08	02	12	00	37.5	-73.5	80	1
AL021867	UNNAMED	1867	08	02	18	00	39.5	-71.6	80	1
AL021867	UNNAMED	1867	08	03	00	00	41.4	-68.1	80	1
AL021867	UNNAMED	1867	08	03	06	00	43.2	-62.7	80	1
AL021867	UNNAMED	1867	08	03	12	00	44	-58	70	1
AL021867	UNNAMED	1867	08	03	18	00	44.5	-54.7	70	1
