id,name,year,month,day,hour,minute,lat,lon,max_sustained_wind_kts,sshws
AL021983,UNNAMED,1983,07,27,12,00,12,-27,25,0
AL021983,UNNAMED,1983,07,27,18,00,12,-28.5,25,0
AL021983,UNNAMED,1983,07,28,00,00,12,-29.7,25,0
AL021983,UNNAMED,1983,07,28,06,00,12,-31,25,0
AL021983,UNNAMED,1983,07,28,12,00,12.1,-32.1,30,0
AL021983,UNNAMED,1983,07,28,18,00,12.5,-33.8,30,0
AL021983,UNNAMED,1983,07,29,00,00,12.9,-35.2,30,0
AL021983,UNNAMED,1983,07,29,06,00,13.1,-36.9,30,0
AL021983,UNNAMED,1983,07,29,12,00,13.6,-38.4,30,0
AL021983,UNNAMED,1983,07,29,18,00,13.9,-39.9,30,0
AL021983,UNNAMED,1983,07,30,00,00,14.1,-41.2,30,0
AL021983,UNNAMED,1983,07,30,06,00,14.4,-42.6,30,0
AL021983,UNNAMED,1983,07,30,12,00,14.7,-44,30,0
AL021983,UNNAMED,1983,07,30,18,00,15,-45.5,30,0
AL021983,UNNAMED,1983,07,31,00,00,15.3,-47.1,30,0
AL021983,UNNAMED,1983,07,31,06,00,15.7,-48.8,30,0
AL021983,UNNAMED,1983,07,31,12,00,16,-50.2,30,0
AL021983,UNNAMED,1983,07,31,18,00,16.2,-52,30,0
AL021983,UNNAMED,1983,08,01,00,00,16.7,-53.8,25,0
AL021983,UNNAMED,1983,08,01,06,00,17,-55.4,25,0
AL021983,UNNAMED,1983,08,01,12,00,17.1,-57,25,0
AL021983,UNNAMED,1983,08,01,18,00,17.7,-58.7,25,0
AL021983,UNNAMED,1983,08,02,00,00,18,-60.2,25,0
AL021983,UNNAMED,1983,08,02,06,00,18.3,-61.8,20,0
AL021983,UNNAMED,1983,08,02,12,00,18.8,-63.1,20,0
