id,name,year,month,day,hour,minute,lat,lon,max_sustained_wind_kts,sshws
AL022011,BRET,2011,07,16,06,00,30.7,-79.7,20,0
AL022011,BRET,2011,07,16,12,00,30.3,-79.4,20,0
AL022011,BRET,2011,07,16,18,00,29.8,-79.1,20,0
AL022011,BRET,2011,07,17,00,00,29.3,-78.8,20,0
AL022011,BRET,2011,07,17,06,00,28.8,-78.5,20,0
AL022011,BRET,2011,07,17,12,00,28.3,-78.3,25,0
AL022011,BRET,2011,07,17,18,00,27.8,-78.2,30,0
AL022011,BRET,2011,07,18,00,00,27.5,-78.1,35,0
AL022011,BRET,2011,07,18,06,00,27.1,-78,40,0
AL022011,BRET,2011,07,18,12,00,27.4,-77.5,45,0
AL022011,BRET,2011,07,18,18,00,27.8,-77.1,60,0
AL022011,BRET,2011,07,19,00,00,28.4,-76.8,60,0
AL022011,BRET,2011,07,19,06,00,29,-76.6,50,0
AL022011,BRET,2011,07,19,12,00,29.5,-76.2,45,0
AL022011,BRET,2011,07,19,18,00,30,-75.8,45,0
AL022011,BRET,2011,07,20,00,00,30.5,-75.3,45,0
AL022011,BRET,2011,07,20,06,00,30.9,-74.7,45,0
AL022011,BRET,2011,07,20,12,00,31.4,-74.1,45,0
AL022011,BRET,2011,07,20,18,00,31.9,-73.4,45,0
AL022011,BRET,2011,07,21,00,00,32.4,-72.7,45,0
AL022011,BRET,2011,07,21,06,00,33,-72,40,0
AL022011,BRET,2011,07,21,12,00,33.5,-71.2,35,0
AL022011,BRET,2011,07,21,18,00,34.1,-70.1,35,0
AL022011,BRET,2011,07,22,00,00,35.1,-68.9,30,0
AL022011,BRET,2011,07,22,06,00,36.2,-67.4,30,0
AL022011,BRET,2011,07,22,12,00,37.3,-65.2,30,0
AL022011,BRET,2011,07,22,18,00,38.3,-62.8,30,0
AL022011,BRET,2011,07,23,00,00,39.2,-60.1,25,0
AL022011,BRET,2011,07,23,06,00,39.8,-57,25,0
