id,name,year,month,day,hour,minute,lat,lon,max_sustained_wind_kts,sshws
AL021943,UNNAMED,1943,08,13,12,00,17.1,-60.5,35,0
AL021943,UNNAMED,1943,08,13,18,00,17.5,-61.5,35,0
AL021943,UNNAMED,1943,08,14,00,00,18,-62.5,40,0
AL021943,UNNAMED,1943,08,14,06,00,18.5,-64.5,40,0
AL021943,UNNAMED,1943,08,14,12,00,19.2,-65.6,40,0
AL021943,UNNAMED,1943,08,14,18,00,20,-66.9,45,0
AL021943,UNNAMED,1943,08,15,00,00,20.9,-68.3,45,0
AL021943,UNNAMED,1943,08,15,06,00,21.9,-69.7,45,0
AL021943,UNNAMED,1943,08,15,12,00,23,-71,45,0
AL021943,UNNAMED,1943,08,15,18,00,24,-71.7,45,0
AL021943,UNNAMED,1943,08,16,00,00,24.8,-72,50,0
AL021943,UNNAMED,1943,08,16,06,00,25.5,-72.1,50,0
AL021943,UNNAMED,1943,08,16,12,00,26.2,-72.2,50,0
AL021943,UNNAMED,1943,08,16,18,00,27,-72.3,50,0
AL021943,UNNAMED,1943,08,17,00,00,27.9,-72.8,50,0
AL021943,UNNAMED,1943,08,17,06,00,28.8,-73.6,50,0
AL021943,UNNAMED,1943,08,17,12,00,29.6,-74.4,50,0
AL021943,UNNAMED,1943,08,17,18,00,30.3,-75,50,0
AL021943,UNNAMED,1943,08,18,00,00,31,-75.4,50,0
AL021943,UNNAMED,1943,08,18,06,00,31.8,-75.4,45,0
AL021943,UNNAMED,1943,08,18,12,00,32.7,-74.8,45,0
AL021943,UNNAMED,1943,08,18,18,00,33.8,-73.7,40,0
AL021943,UNNAMED,1943,08,19,00,00,34.8,-72.5,40,0
AL021943,UNNAMED,1943,08,19,06,00,35.8,-71.3,40,0
AL021943,UNNAMED,1943,08,19,12,00,36.7,-70,35,0
AL021943,UNNAMED,1943,08,19,18,00,38.3,-67.9,30,0
