AL022009	ANA	2009	08	10	06	00	14.3	-24	25	0
AL022009	ANA	2009	08	10	12	00	14.4	-24.9	25	0
AL022009	ANA	2009	08	10	18	00	14.4	-25.8	25	0
AL022009	ANA	2009	08	11	00	00	14.4	-26.8	25	0
AL022009	ANA	2009	08	11	06	00	14.4	-27.9	25	0
AL022009	ANA	2009	08	11	12	00	14.5	-29	25	0
AL022009	ANA	2009	08	11	18	00	14.6	-30	25	0
AL022009	ANA	2009	08	12	00	00	14.6	-31	30	0
AL022009	ANA	2009	08	12	06	00	14.5	-32.1	30	0
AL022009	ANA	2009	08	12	12	00	14.4	-33.3	35	0
AL022009	ANA	2009	08	12	18	00	14.3	-34.4	35	0
AL022009	ANA	2009	08	13	00	00	14.1	-35.3	30	0
AL022009	ANA	2009	08	13	06	00	14	-36.3	30	0
AL022009	ANA	2009	08	13	12	00	14	-37.2	25	0
AL022009	ANA	2009	08	13	18	00	14.1	-38.2	25	0
AL022009	ANA	2009	08	14	00	00	14.3	-39.3	25	0
AL022009	ANA	2009	08	14	06	00	14.5	-40.5	25	0
AL022009	ANA	2009	08	14	12	00	14.6	-41.8	25	0
AL022009	ANA	2009	08	14	18	00	14.6	-43.2	25	0
AL022009	ANA	2009	08	15	00	00	14.5	-44.7	30	0
AL022009	ANA	2009	08	15	06	00	14.4	-46.1	35	0
AL022009	ANA	2009	08	15	12	00	14.4	-47.6	35	0
AL022009	ANA	2009	08	15	18	00	14.4	-49.2	35	0
AL022009	ANA	2009	08	16	00	00	14.4	-50.7	35	0
AL022009	ANA	2009	08	16	06	00	14.5	-52.6	35	0
AL022009	ANA	2009	08	16	12	00	14.6	-54.8	30	0
