id,name,year,month,day,hour,minute,lat,lon,max_sustained_wind_kts,sshws
AL021890,UNNAMED,1890,08,18,12,00,14,-62,35,0
AL021890,UNNAMED,1890,08,18,18,00,14.2,-62.8,35,0
AL021890,UNNAMED,1890,08,19,00,00,14.4,-63.6,40,0
AL021890,UNNAMED,1890,08,19,06,00,14.5,-64.4,40,0
AL021890,UNNAMED,1890,08,19,12,00,14.7,-65.5,40,0
AL021890,UNNAMED,1890,08,19,18,00,14.8,-66.3,40,0
AL021890,UNNAMED,1890,08,20,00,00,15,-67.2,40,0
AL021890,UNNAMED,1890,08,20,06,00,15.1,-68.1,40,0
AL021890,UNNAMED,1890,08,20,12,00,15.3,-69,40,0
AL021890,UNNAMED,1890,08,20,18,00,15.4,-70,40,0
AL021890,UNNAMED,1890,08,21,00,00,15.5,-70.9,40,0
AL021890,UNNAMED,1890,08,21,06,00,15.6,-71.7,40,0
AL021890,UNNAMED,1890,08,21,12,00,15.7,-72.5,40,0
AL021890,UNNAMED,1890,08,21,18,00,15.9,-73.6,40,0
AL021890,UNNAMED,1890,08,22,00,00,16,-74.5,40,0
AL021890,UNNAMED,1890,08,22,06,00,16.2,-75.5,40,0
AL021890,UNNAMED,1890,08,22,12,00,16.5,-76.5,40,0
AL021890,UNNAMED,1890,08,22,18,00,16.7,-77.3,40,0
AL021890,UNNAMED,1890,08,23,00,00,16.9,-78.2,45,0
AL021890,UNNAMED,1890,08,23,06,00,17.2,-79,45,0
AL021890,UNNAMED,1890,08,23,12,00,17.5,-80,45,0
AL021890,UNNAMED,1890,08,23,18,00,17.8,-80.9,45,0
AL021890,UNNAMED,1890,08,24,00,00,18.2,-81.7,50,0
AL021890,UNNAMED,1890,08,24,06,00,18.6,-82.5,50,0
AL021890,UNNAMED,1890,08,24,12,00,19,-83.3,50,0
AL021890,UNNAMED,1890,08,24,18,00,19.6,-84.1,50,0
AL021890,UNNAMED,1890,08,25,00,00,20.2,-84.9,50,0
AL021890,UNNAMED,1890,08,25,06,00,20.9,-85.8,50,0
AL021890,UNNAMED,1890,08,25,12,00,21.5,-86.7,50,0
AL021890,UNNAMED,1890,08,25,18,00,22.1,-87.6,50,0
AL021890,UNNAMED,1890,08,26,00,00,22.7,-88.4,50,0
AL021890,UNNAMED,1890,08,26,06,00,23.2,-89.2,50,0
AL021890,UNNAMED,1890,08,26,12,00,24,-90,50,0
AL021890,UNNAMED,1890,08,26,18,00,24.8,-90.5,50,0
AL021890,UNNAMED,1890,08,27,00,00,25.8,-90.8,50,0
AL021890,UNNAMED,1890,08,27,06,00,26.8,-90.9,50,0
AL021890,UNNAMED,1890,08,27,12,00,28,-91,50,0
AL021890,UNNAMED,1890,08,27,16,00,29.1,-90.9,50,0
AL021890,UNNAMED,1890,08,27,18,00,29.5,-90.8,40,0
AL021890,UNNAMED,1890,08,28,00,00,31.5,-90.5,35,0
AL021890,UNNAMED,1890,08,28,06,00,34,-90,30,0
