id,name,year,month,day,hour,minute,lat,lon,max_sustained_wind_kts,sshws
AL021942,UNNAMED,1942,08,17,12,00,19,-85.5,30,0
AL021942,UNNAMED,1942,08,17,18,00,20,-85.7,35,0
AL021942,UNNAMED,1942,08,18,00,00,21.2,-86,35,0
AL021942,UNNAMED,1942,08,18,06,00,22.5,-86.5,40,0
AL021942,UNNAMED,1942,08,18,12,00,24,-87,45,0
AL021942,UNNAMED,1942,08,18,18,00,25.4,-87.6,50,0
AL021942,UNNAMED,1942,08,19,00,00,26.5,-88.3,55,0
AL021942,UNNAMED,1942,08,19,06,00,27.4,-89.3,60,0
AL021942,UNNAMED,1942,08,19,12,00,27.9,-90.1,65,1
AL021942,UNNAMED,1942,08,19,18,00,28,-90.8,70,1
AL021942,UNNAMED,1942,08,20,00,00,28.1,-91.3,70,1
AL021942,UNNAMED,1942,08,20,06,00,28.1,-91.7,70,1
AL021942,UNNAMED,1942,08,20,12,00,28.2,-92.2,70,1
AL021942,UNNAMED,1942,08,20,18,00,28.4,-92.7,70,1
AL021942,UNNAMED,1942,08,21,00,00,28.7,-93.3,70,1
AL021942,UNNAMED,1942,08,21,06,00,29,-93.9,70,1
AL021942,UNNAMED,1942,08,21,12,00,29.4,-94.5,65,1
AL021942,UNNAMED,1942,08,21,13,00,29.5,-94.6,65,1
AL021942,UNNAMED,1942,08,21,18,00,30,-95.1,55,0
AL021942,UNNAMED,1942,08,22,00,00,30.7,-95.7,35,0
AL021942,UNNAMED,1942,08,22,06,00,31.5,-95.9,25,0
AL021942,UNNAMED,1942,08,22,12,00,32.8,-95.8,25,0
AL021942,UNNAMED,1942,08,22,18,00,34.3,-95.2,20,0
AL021942,UNNAMED,1942,08,23,00,00,35.7,-93.8,20,0
AL021942,UNNAMED,1942,08,23,06,00,36.5,-91.8,20,0
AL021942,UNNAMED,1942,08,23,12,00,37,-87.5,20,0
