id,name,year,month,day,hour,minute,lat,lon,max_sustained_wind_kts,sshws
AL021873,UNNAMED,1873,08,13,00,00,13.9,-25,40,0
AL021873,UNNAMED,1873,08,13,06,00,14,-26,40,0
AL021873,UNNAMED,1873,08,13,12,00,14,-27,40,0
AL021873,UNNAMED,1873,08,13,18,00,14.1,-28.1,40,0
AL021873,UNNAMED,1873,08,14,00,00,14.1,-29.3,50,0
AL021873,UNNAMED,1873,08,14,06,00,14.2,-30.6,50,0
AL021873,UNNAMED,1873,08,14,12,00,14.3,-32,50,0
AL021873,UNNAMED,1873,08,14,18,00,14.4,-33,50,0
AL021873,UNNAMED,1873,08,15,00,00,14.5,-34.4,50,0
AL021873,UNNAMED,1873,08,15,06,00,14.5,-35.9,50,0
AL021873,UNNAMED,1873,08,15,12,00,14.5,-37.3,50,0
AL021873,UNNAMED,1873,08,15,18,00,14.6,-38.4,50,0
AL021873,UNNAMED,1873,08,16,00,00,14.7,-39.7,60,0
AL021873,UNNAMED,1873,08,16,06,00,14.8,-41.2,60,0
AL021873,UNNAMED,1873,08,16,12,00,15,-42.7,60,0
AL021873,UNNAMED,1873,08,16,18,00,15.3,-44,60,0
AL021873,UNNAMED,1873,08,17,00,00,15.6,-45.5,70,1
AL021873,UNNAMED,1873,08,17,06,00,16,-47,70,1
AL021873,UNNAMED,1873,08,17,12,00,16.5,-49,70,1
AL021873,UNNAMED,1873,08,17,18,00,16.9,-50.5,70,1
AL021873,UNNAMED,1873,08,18,00,00,17.5,-52,70,1
AL021873,UNNAMED,1873,08,18,06,00,18.2,-53.6,70,1
AL021873,UNNAMED,1873,08,18,12,00,18.7,-55,70,1
AL021873,UNNAMED,1873,08,18,18,00,19.5,-56.4,70,1
AL021873,UNNAMED,1873,08,19,00,00,20.2,-57.9,80,1
AL021873,UNNAMED,1873,08,19,06,00,21.2,-59.5,80,1
AL021873,UNNAMED,1873,08,19,12,00,22,-61,80,1
AL021873,UNNAMED,1873,08,19,18,00,22.9,-62.1,80,1
AL021873,UNNAMED,1873,08,20,00,00,23.9,-63.5,80,1
AL021873,UNNAMED,1873,08,20,06,00,24.9,-64.6,80,1
AL021873,UNNAMED,1873,08,20,12,00,26,-65.6,80,1
AL021873,UNNAMED,1873,08,20,18,00,26.8,-66.6,80,1
AL021873,UNNAMED,1873,08,21,00,00,27.8,-67.3,90,2
AL021873,UNNAMED,1873,08,21,06,00,29,-67.8,90,2
AL021873,UNNAMED,1873,08,21,12,00,30.3,-68.2,90,2
AL021873,UNNAMED,1873,08,21,18,00,31,-68.4,90,2
AL021873,UNNAMED,1873,08,22,00,00,31.7,-68.5,90,2
AL021873,UNNAMED,1873,08,22,06,00,32.5,-68.6,90,2
AL021873,UNNAMED,1873,08,22,12,00,33.3,-68.5,90,2
AL021873,UNNAMED,1873,08,22,18,00,34.3,-68.3,90,2
AL021873,UNNAMED,1873,08,23,00,00,35.2,-68,100,3
AL021873,UNNAMED,1873,08,23,06,00,36,-67.6,100,3
AL021873,UNNAMED,1873,08,23,12,00,37,-67,100,3
AL021873,UNNAMED,1873,08,23,18,00,38.3,-66.4,100,3
AL021873,UNNAMED,1873,08,24,00,00,39.5,-65.8,100,3
AL021873,UNNAMED,1873,08,24,06,00,40.9,-64.6,100,3
AL021873,UNNAMED,1873,08,24,12,00,42,-63.5,90,2
AL021873,UNNAMED,1873,08,24,18,00,43,-61.4,90,2
AL021873,UNNAMED,1873,08,25,00,00,43.7,-58.9,90,2
AL021873,UNNAMED,1873,08,25,06,00,44.4,-56.6,90,2
AL021873,UNNAMED,1873,08,25,12,00,45,-55,80,1
AL021873,UNNAMED,1873,08,25,18,00,45.7,-54.3,80,1
AL021873,UNNAMED,1873,08,26,00,00,46,-54.1,80,1
AL021873,UNNAMED,1873,08,26,06,00,46.5,-54.1,80,1
AL021873,UNNAMED,1873,08,26,12,00,47,-54,70,1
AL021873,UNNAMED,1873,08,26,18,00,47.4,-54,70,1
AL021873,UNNAMED,1873,08,27,00,00,47.8,-53.9,70,1
AL021873,UNNAMED,1873,08,27,06,00,48.2,-53.7,70,1
AL021873,UNNAMED,1873,08,27,12,00,48.5,-53.5,60,0
AL021873,UNNAMED,1873,08,27,18,00,49.4,-52.6,60,0
AL021873,UNNAMED,1873,08,28,00,00,50.4,-51.3,60,0
AL021873,UNNAMED,1873,08,28,06,00,51,-49.8,60,0
AL021873,UNNAMED,1873,08,28,12,00,52,-48,50,0
AL021873,UNNAMED,1873,08,28,18,00,53,-46,50,0
