AL021927	UNNAMED	1927	09	02	06	00	16.7	-20	30	0
AL021927	UNNAMED	1927	09	02	12	00	16.5	-21	35	0
AL021927	UNNAMED	1927	09	02	18	00	16.3	-21.9	35	0
AL021927	UNNAMED	1927	09	03	00	00	16.1	-22.8	40	0
AL021927	UNNAMED	1927	09	03	06	00	16	-23.7	40	0
AL021927	UNNAMED	1927	09	03	12	00	15.9	-24.6	45	0
AL021927	UNNAMED	1927	09	03	18	00	15.9	-25.6	45	0
AL021927	UNNAMED	1927	09	04	00	00	16	-26.6	45	0
AL021927	UNNAMED	1927	09	04	06	00	16.1	-27.7	45	0
AL021927	UNNAMED	1927	09	04	12	00	16.2	-28.8	45	0
AL021927	UNNAMED	1927	09	04	18	00	16.3	-30	45	0
AL021927	UNNAMED	1927	09	05	00	00	16.5	-31.3	45	0
AL021927	UNNAMED	1927	09	05	06	00	16.6	-32.6	45	0
AL021927	UNNAMED	1927	09	05	12	00	16.8	-34	45	0
AL021927	UNNAMED	1927	09	05	18	00	17	-35.3	50	0
AL021927	UNNAMED	1927	09	06	00	00	17.2	-36.5	50	0
AL021927	UNNAMED	1927	09	06	06	00	17.4	-37.7	55	0
AL021927	UNNAMED	1927	09	06	12	00	17.6	-39	55	0
AL021927	UNNAMED	1927	09	06	18	00	17.8	-40.4	55	0
AL021927	UNNAMED	1927	09	07	00	00	18.1	-41.8	60	0
AL021927	UNNAMED	1927	09	07	06	00	18.4	-43.2	60	0
AL021927	UNNAMED	1927	09	07	12	00	18.7	-44.7	60	0
AL021927	UNNAMED	1927	09	07	18	00	19.1	-46.3	60	0
AL021927	UNNAMED	1927	09	08	00	00	19.6	-48.1	65	1
AL021927	UNNAMED	1927	09	08	06	00	20.2	-50	65	1
AL021927	UNNAMED	1927	09	08	12	00	21	-51.7	70	1
AL021927	UNNAMED	1927	09	08	18	00	22	-53.2	70	1
AL021927	UNNAMED	1927	09	09	00	00	23.2	-54.4	75	1
AL021927	UNNAMED	1927	09	09	06	00	24.5	-55.3	75	1
AL021927	UNNAMED	1927	09	09	12	00	26	-56	80	1
AL021927	UNNAMED	1927	09	09	18	00	27.5	-56.2	75	1
AL021927	UNNAMED	1927	09	10	00	00	29	-55.8	70	1
AL021927	UNNAMED	1927	09	10	06	00	30.4	-55	65	1
AL021927	UNNAMED	1927	09	10	12	00	31.7	-53.8	55	0
AL021927	UNNAMED	1927	09	10	18	00	32.6	-52.6	50	0
AL021927	UNNAMED	1927	09	11	00	00	33.2	-51.8	45	0
AL021927	UNNAMED	1927	09	11	06	00	33.6	-51.5	40	0
AL021927	UNNAMED	1927	09	11	12	00	33.9	-51	35	0
AL021927	UNNAMED	1927	09	11	18	00	34.1	-49.8	30	0
