id,name,year,month,day,hour,minute,lat,lon,max_sustained_wind_kts,sshws
AL021876,UNNAMED,1876,09,12,00,00,17.7,-58.5,70,1
AL021876,UNNAMED,1876,09,12,06,00,17.7,-59.7,70,1
AL021876,UNNAMED,1876,09,12,12,00,17.9,-61,80,1
AL021876,UNNAMED,1876,09,12,18,00,18,-62.1,90,2
AL021876,UNNAMED,1876,09,13,00,00,18,-63.4,100,3
AL021876,UNNAMED,1876,09,13,06,00,18,-64.6,100,3
AL021876,UNNAMED,1876,09,13,12,00,18.1,-66,90,2
AL021876,UNNAMED,1876,09,13,18,00,18.3,-67.6,70,1
AL021876,UNNAMED,1876,09,14,00,00,18.6,-69.2,70,1
AL021876,UNNAMED,1876,09,14,06,00,18.9,-70.7,60,0
AL021876,UNNAMED,1876,09,14,12,00,19.3,-72,50,0
AL021876,UNNAMED,1876,09,14,18,00,19.7,-73.4,50,0
AL021876,UNNAMED,1876,09,15,00,00,20.1,-74.8,70,1
AL021876,UNNAMED,1876,09,15,06,00,20.4,-76.1,60,0
AL021876,UNNAMED,1876,09,15,12,00,20.7,-77.6,50,0
AL021876,UNNAMED,1876,09,15,18,00,21,-78.6,50,0
AL021876,UNNAMED,1876,09,16,00,00,21.7,-79.6,50,0
AL021876,UNNAMED,1876,09,16,06,00,22.9,-80,50,0
AL021876,UNNAMED,1876,09,16,12,00,24.5,-80,60,0
AL021876,UNNAMED,1876,09,16,18,00,26.6,-79.4,60,0
AL021876,UNNAMED,1876,09,17,00,00,28.8,-78.6,70,1
AL021876,UNNAMED,1876,09,17,06,00,31.4,-78.3,70,1
AL021876,UNNAMED,1876,09,17,12,00,33.5,-77.8,80,1
AL021876,UNNAMED,1876,09,17,14,00,33.4,-77.6,80,1
AL021876,UNNAMED,1876,09,17,18,00,36,-77.3,70,1
AL021876,UNNAMED,1876,09,18,00,00,38.2,-77.3,60,0
AL021876,UNNAMED,1876,09,18,06,00,40.8,-78.1,50,0
AL021876,UNNAMED,1876,09,18,12,00,42.5,-77.5,40,0
AL021876,UNNAMED,1876,09,18,18,00,43,-76.1,40,0
AL021876,UNNAMED,1876,09,19,00,00,43,-74.5,30,0
AL021876,UNNAMED,1876,09,19,06,00,42.7,-73,30,0
AL021876,UNNAMED,1876,09,19,12,00,42.3,-71.5,30,0
AL021876,UNNAMED,1876,09,19,18,00,42,-70,30,0
