AL021937	UNNAMED	1937	08	02	18	00	22.8	-75.5	25	0
AL021937	UNNAMED	1937	08	03	00	00	23.6	-75.9	30	0
AL021937	UNNAMED	1937	08	03	06	00	24.3	-76.2	30	0
AL021937	UNNAMED	1937	08	03	12	00	24.9	-76.5	30	0
AL021937	UNNAMED	1937	08	03	18	00	25.6	-76.7	35	0
AL021937	UNNAMED	1937	08	04	00	00	26.4	-76.9	35	0
AL021937	UNNAMED	1937	08	04	06	00	27.1	-77	35	0
AL021937	UNNAMED	1937	08	04	12	00	28	-77.1	35	0
AL021937	UNNAMED	1937	08	04	18	00	28.9	-77.1	35	0
AL021937	UNNAMED	1937	08	05	00	00	29.8	-77.1	35	0
AL021937	UNNAMED	1937	08	05	06	00	30.7	-77	35	0
AL021937	UNNAMED	1937	08	05	12	00	31.7	-76.8	40	0
AL021937	UNNAMED	1937	08	05	18	00	32.6	-76.2	40	0
AL021937	UNNAMED	1937	08	06	00	00	33.5	-75.2	45	0
AL021937	UNNAMED	1937	08	06	06	00	34.4	-74.3	50	0
AL021937	UNNAMED	1937	08	06	12	00	35.4	-73.5	50	0
AL021937	UNNAMED	1937	08	06	18	00	36.1	-72.9	50	0
AL021937	UNNAMED	1937	08	07	00	00	37.1	-72.2	55	0
AL021937	UNNAMED	1937	08	07	06	00	38.5	-71.2	55	0
AL021937	UNNAMED	1937	08	07	12	00	39.9	-69.4	55	0
AL021937	UNNAMED	1937	08	07	18	00	41	-67.8	55	0
AL021937	UNNAMED	1937	08	08	00	00	41.8	-66.4	50	0
AL021937	UNNAMED	1937	08	08	06	00	42.5	-65.1	45	0
AL021937	UNNAMED	1937	08	08	12	00	42.6	-63.7	40	0
AL021937	UNNAMED	1937	08	08	18	00	42.6	-62.3	35	0
AL021937	UNNAMED	1937	08	09	00	00	42.8	-61.1	30	0
AL021937	UNNAMED	1937	08	09	06	00	42.9	-60.2	30	0
AL021937	UNNAMED	1937	08	09	12	00	43.2	-59.7	30	0
