id,name,year,month,day,hour,minute,lat,lon,max_sustained_wind_kts,sshws
AL021889,UNNAMED,1889,06,15,00,00,19.8,-83.7,35,0
AL021889,UNNAMED,1889,06,15,06,00,20.6,-84,45,0
AL021889,UNNAMED,1889,06,15,12,00,21.3,-84.3,55,0
AL021889,UNNAMED,1889,06,15,18,00,22,-84.6,65,1
AL021889,UNNAMED,1889,06,16,00,00,22.8,-85,65,1
AL021889,UNNAMED,1889,06,16,06,00,23.7,-85.4,60,0
AL021889,UNNAMED,1889,06,16,12,00,24.6,-85.5,55,0
AL021889,UNNAMED,1889,06,16,18,00,25.6,-85.4,50,0
AL021889,UNNAMED,1889,06,17,00,00,26.6,-85.1,45,0
AL021889,UNNAMED,1889,06,17,06,00,27.6,-84.5,45,0
AL021889,UNNAMED,1889,06,17,12,00,28.6,-83.5,45,0
AL021889,UNNAMED,1889,06,17,15,00,29.1,-82.9,45,0
AL021889,UNNAMED,1889,06,17,18,00,29.6,-82.2,40,0
AL021889,UNNAMED,1889,06,18,00,00,30.7,-80.9,35,0
AL021889,UNNAMED,1889,06,18,06,00,31.7,-79.5,40,0
AL021889,UNNAMED,1889,06,18,12,00,32.7,-78.2,40,0
AL021889,UNNAMED,1889,06,18,18,00,33.7,-77,45,0
AL021889,UNNAMED,1889,06,19,00,00,34.5,-75.9,45,0
AL021889,UNNAMED,1889,06,19,06,00,35.4,-74.7,45,0
AL021889,UNNAMED,1889,06,19,12,00,36.3,-73.4,45,0
AL021889,UNNAMED,1889,06,19,18,00,37.3,-71.6,45,0
AL021889,UNNAMED,1889,06,20,00,00,38.4,-69.4,45,0
AL021889,UNNAMED,1889,06,20,06,00,39.7,-66.8,45,0
AL021889,UNNAMED,1889,06,20,12,00,41,-64,40,0
AL021889,UNNAMED,1889,06,20,18,00,42.5,-61.2,35,0
