AL021922	UNNAMED	1922	09	13	00	00	10.4	-46.8	30	0
AL021922	UNNAMED	1922	09	13	06	00	10.7	-48.1	30	0
AL021922	UNNAMED	1922	09	13	12	00	11	-49.3	30	0
AL021922	UNNAMED	1922	09	13	18	00	11.2	-50.5	35	0
AL021922	UNNAMED	1922	09	14	00	00	11.6	-51.7	40	0
AL021922	UNNAMED	1922	09	14	06	00	12	-52.9	45	0
AL021922	UNNAMED	1922	09	14	12	00	12.6	-54	50	0
AL021922	UNNAMED	1922	09	14	18	00	13.4	-55.2	55	0
AL021922	UNNAMED	1922	09	15	00	00	14.2	-56.4	60	0
AL021922	UNNAMED	1922	09	15	06	00	15.1	-57.7	60	0
AL021922	UNNAMED	1922	09	15	12	00	15.8	-58.8	70	1
AL021922	UNNAMED	1922	09	15	18	00	16.4	-59.8	80	1
AL021922	UNNAMED	1922	09	16	00	00	17	-60.9	90	2
AL021922	UNNAMED	1922	09	16	06	00	17.6	-61.9	100	3
AL021922	UNNAMED	1922	09	16	12	00	18.1	-62.9	100	3
AL021922	UNNAMED	1922	09	16	18	00	18.7	-63.9	100	3
AL021922	UNNAMED	1922	09	17	00	00	19.3	-64.9	100	3
AL021922	UNNAMED	1922	09	17	06	00	20	-65.9	100	3
AL021922	UNNAMED	1922	09	17	12	00	20.6	-66.8	105	3
AL021922	UNNAMED	1922	09	17	18	00	21.2	-67.2	105	3
AL021922	UNNAMED	1922	09	18	00	00	21.9	-67.3	105	3
AL021922	UNNAMED	1922	09	18	06	00	22.5	-67.4	105	3
AL021922	UNNAMED	1922	09	18	12	00	23.2	-67.5	105	3
AL021922	UNNAMED	1922	09	18	18	00	24	-67.6	105	3
AL021922	UNNAMED	1922	09	19	00	00	24.9	-67.7	105	3
AL021922	UNNAMED	1922	09	19	06	00	25.8	-67.8	105	3
AL021922	UNNAMED	1922	09	19	12	00	26.5	-67.8	105	3
AL021922	UNNAMED	1922	09	19	18	00	27.3	-67.6	105	3
AL021922	UNNAMED	1922	09	20	00	00	27.9	-67.3	105	3
AL021922	UNNAMED	1922	09	20	06	00	28.6	-66.9	105	3
AL021922	UNNAMED	1922	09	20	12	00	29.2	-66.5	105	3
AL021922	UNNAMED	1922	09	20	18	00	29.9	-66.1	105	3
AL021922	UNNAMED	1922	09	21	00	00	30.6	-65.7	100	3
AL021922	UNNAMED	1922	09	21	06	00	31.3	-65.3	100	3
AL021922	UNNAMED	1922	09	21	12	00	32.3	-64.8	100	3
AL021922	UNNAMED	1922	09	21	18	00	33.6	-63.8	100	3
AL021922	UNNAMED	1922	09	22	00	00	35.1	-62	100	3
AL021922	UNNAMED	1922	09	22	06	00	36.7	-60	95	2
AL021922	UNNAMED	1922	09	22	12	00	38	-57.5	90	2
AL021922	UNNAMED	1922	09	22	18	00	39	-55	85	2
AL021922	UNNAMED	1922	09	23	00	00	40	-52.5	80	1
AL021922	UNNAMED	1922	09	23	06	00	41	-50	75	1
AL021922	UNNAMED	1922	09	23	12	00	42	-47.5	75	1
AL021922	UNNAMED	1922	09	23	18	00	43.5	-44.5	75	1
AL021922	UNNAMED	1922	09	24	00	00	45.5	-40	75	1
AL021922	UNNAMED	1922	09	24	06	00	47.5	-34.4	75	1
AL021922	UNNAMED	1922	09	24	12	00	49	-29.5	75	1
AL021922	UNNAMED	1922	09	24	18	00	50	-26	75	1
AL021922	UNNAMED	1922	09	25	00	00	50.5	-23	75	1
AL021922	UNNAMED	1922	09	25	06	00	50.8	-20	75	1
AL021922	UNNAMED	1922	09	25	12	00	51	-17.5	75	1
AL021922	UNNAMED	1922	09	25	18	00	51	-15.8	75	1
AL021922	UNNAMED	1922	09	26	00	00	50.8	-14.3	70	1
AL021922	UNNAMED	1922	09	26	06	00	50.5	-13	65	1
AL021922	UNNAMED	1922	09	26	12	00	50	-12	60	0
AL021922	UNNAMED	1922	09	26	18	00	49.5	-11	50	0
AL021922	UNNAMED	1922	09	27	00	00	49.5	-10	50	0
AL021922	UNNAMED	1922	09	27	06	00	49.5	-9	45	0
AL021922	UNNAMED	1922	09	27	12	00	49.5	-8	40	0
AL021922	UNNAMED	1922	09	27	18	00	49.5	-7	40	0
AL021922	UNNAMED	1922	09	28	00	00	49.5	-5.2	35	0
AL021922	UNNAMED	1922	09	28	06	00	49.5	-3	30	0
