id,name,year,month,day,hour,minute,lat,lon,max_sustained_wind_kts,sshws
AL021913,UNNAMED,1913,08,14,12,00,32,-68,30,0
AL021913,UNNAMED,1913,08,14,18,00,33,-65.5,30,0
AL021913,UNNAMED,1913,08,15,00,00,34,-63.2,35,0
AL021913,UNNAMED,1913,08,15,06,00,35,-61,35,0
AL021913,UNNAMED,1913,08,15,12,00,36,-59,40,0
AL021913,UNNAMED,1913,08,15,18,00,37,-57.5,40,0
AL021913,UNNAMED,1913,08,16,00,00,38.2,-56.5,40,0
AL021913,UNNAMED,1913,08,16,06,00,39.5,-56.2,40,0
AL021913,UNNAMED,1913,08,16,12,00,41,-56,35,0
AL021913,UNNAMED,1913,08,16,18,00,42.5,-56,30,0
