id,name,year,month,day,hour,minute,lat,lon,max_sustained_wind_kts,sshws
AL021933,UNNAMED,1933,06,24,12,00,9,-42.5,30,0
AL021933,UNNAMED,1933,06,24,18,00,9,-43.8,30,0
AL021933,UNNAMED,1933,06,25,00,00,9,-45.2,35,0
AL021933,UNNAMED,1933,06,25,06,00,9,-46.6,35,0
AL021933,UNNAMED,1933,06,25,12,00,9,-48,35,0
AL021933,UNNAMED,1933,06,25,18,00,9,-49.3,35,0
AL021933,UNNAMED,1933,06,26,00,00,9,-50.7,40,0
AL021933,UNNAMED,1933,06,26,06,00,9.1,-52.1,40,0
AL021933,UNNAMED,1933,06,26,12,00,9.2,-53.5,45,0
AL021933,UNNAMED,1933,06,26,18,00,9.3,-54.8,50,0
AL021933,UNNAMED,1933,06,27,00,00,9.4,-56.2,55,0
AL021933,UNNAMED,1933,06,27,06,00,9.5,-57.6,60,0
AL021933,UNNAMED,1933,06,27,12,00,9.6,-59,70,1
AL021933,UNNAMED,1933,06,27,18,00,9.9,-60.4,75,1
AL021933,UNNAMED,1933,06,28,00,00,10.3,-61.8,75,1
AL021933,UNNAMED,1933,06,28,06,00,10.9,-63.2,65,1
AL021933,UNNAMED,1933,06,28,12,00,11.5,-64.6,65,1
AL021933,UNNAMED,1933,06,28,18,00,12,-65.9,65,1
AL021933,UNNAMED,1933,06,29,00,00,12.4,-67.3,70,1
AL021933,UNNAMED,1933,06,29,06,00,12.8,-68.7,75,1
AL021933,UNNAMED,1933,06,29,12,00,13.2,-70,80,1
AL021933,UNNAMED,1933,06,29,18,00,13.6,-71,80,1
AL021933,UNNAMED,1933,06,30,00,00,14,-72,80,1
AL021933,UNNAMED,1933,06,30,06,00,14.4,-73,80,1
AL021933,UNNAMED,1933,06,30,12,00,14.8,-74.1,80,1
AL021933,UNNAMED,1933,06,30,18,00,15.3,-75.2,85,2
AL021933,UNNAMED,1933,07,01,00,00,15.8,-76.2,85,2
AL021933,UNNAMED,1933,07,01,06,00,16.1,-77.2,85,2
AL021933,UNNAMED,1933,07,01,12,00,16.3,-78.2,85,2
AL021933,UNNAMED,1933,07,01,18,00,16.7,-79.3,85,2
AL021933,UNNAMED,1933,07,02,00,00,17.2,-80.4,85,2
AL021933,UNNAMED,1933,07,02,06,00,18.1,-81.3,85,2
AL021933,UNNAMED,1933,07,02,12,00,19.2,-82,85,2
AL021933,UNNAMED,1933,07,02,18,00,20.1,-82.6,85,2
AL021933,UNNAMED,1933,07,03,00,00,21.1,-83.2,85,2
AL021933,UNNAMED,1933,07,03,06,00,22,-83.9,85,2
AL021933,UNNAMED,1933,07,03,12,00,22.9,-84.6,80,1
AL021933,UNNAMED,1933,07,03,18,00,23.5,-85.2,80,1
AL021933,UNNAMED,1933,07,04,00,00,23.9,-85.8,85,2
AL021933,UNNAMED,1933,07,04,06,00,24.3,-86.4,85,2
AL021933,UNNAMED,1933,07,04,12,00,24.7,-87,85,2
AL021933,UNNAMED,1933,07,04,18,00,25.1,-87.8,85,2
AL021933,UNNAMED,1933,07,05,00,00,25.5,-88.9,90,2
AL021933,UNNAMED,1933,07,05,06,00,25.5,-90.3,95,2
AL021933,UNNAMED,1933,07,05,12,00,25.5,-91.5,95,2
AL021933,UNNAMED,1933,07,05,18,00,25.3,-92.6,95,2
AL021933,UNNAMED,1933,07,06,00,00,25.1,-93.6,95,2
AL021933,UNNAMED,1933,07,06,06,00,24.9,-94.6,90,2
AL021933,UNNAMED,1933,07,06,12,00,24.6,-95.6,90,2
AL021933,UNNAMED,1933,07,06,18,00,24.2,-96.5,85,2
AL021933,UNNAMED,1933,07,07,00,00,23.7,-97.5,85,2
AL021933,UNNAMED,1933,07,07,06,00,23.1,-98.6,60,0
AL021933,UNNAMED,1933,07,07,12,00,22.5,-99.8,35,0
