AL021950	BAKER	1950	08	18	12	00	12	-54	30	0
AL021950	BAKER	1950	08	18	18	00	12.5	-54.2	30	0
AL021950	BAKER	1950	08	19	00	00	13	-54.4	30	0
AL021950	BAKER	1950	08	19	06	00	13.5	-54.7	30	0
AL021950	BAKER	1950	08	19	12	00	14	-55	35	0
AL021950	BAKER	1950	08	19	18	00	14.5	-55.4	40	0
AL021950	BAKER	1950	08	20	00	00	15	-55.9	45	0
AL021950	BAKER	1950	08	20	06	00	15.5	-56.4	50	0
AL021950	BAKER	1950	08	20	12	00	16	-57	55	0
AL021950	BAKER	1950	08	20	18	00	16.3	-57.9	60	0
AL021950	BAKER	1950	08	21	00	00	16.6	-58.8	65	1
AL021950	BAKER	1950	08	21	06	00	16.8	-59.8	70	1
AL021950	BAKER	1950	08	21	12	00	16.9	-60.6	70	1
AL021950	BAKER	1950	08	21	18	00	17	-61	75	1
AL021950	BAKER	1950	08	22	00	00	17	-61.4	85	2
AL021950	BAKER	1950	08	22	06	00	16.9	-61.8	75	1
AL021950	BAKER	1950	08	22	12	00	16.8	-62.2	60	0
AL021950	BAKER	1950	08	22	18	00	16.8	-62.9	45	0
AL021950	BAKER	1950	08	23	00	00	17	-64	45	0
AL021950	BAKER	1950	08	23	06	00	17.4	-65.1	40	0
AL021950	BAKER	1950	08	23	12	00	17.8	-66.2	35	0
AL021950	BAKER	1950	08	23	18	00	18.2	-67.3	30	0
AL021950	BAKER	1950	08	24	00	00	18.6	-68.6	30	0
AL021950	BAKER	1950	08	24	06	00	19.4	-70	25	0
AL021950	BAKER	1950	08	24	12	00	20.3	-71.7	30	0
AL021950	BAKER	1950	08	24	18	00	20.9	-73.4	40	0
AL021950	BAKER	1950	08	25	00	00	21.3	-74.8	45	0
AL021950	BAKER	1950	08	25	06	00	21.6	-76.6	45	0
AL021950	BAKER	1950	08	25	12	00	21.7	-78.1	35	0
AL021950	BAKER	1950	08	25	18	00	21.7	-79.1	30	0
AL021950	BAKER	1950	08	26	00	00	21.7	-80.1	35	0
AL021950	BAKER	1950	08	26	06	00	21.7	-81.2	45	0
AL021950	BAKER	1950	08	26	12	00	21.8	-81.9	45	0
AL021950	BAKER	1950	08	26	18	00	21.9	-82.5	50	0
AL021950	BAKER	1950	08	27	00	00	22	-83.2	50	0
AL021950	BAKER	1950	08	27	06	00	22.2	-84	45	0
AL021950	BAKER	1950	08	27	12	00	22.3	-84.6	50	0
AL021950	BAKER	1950	08	27	18	00	22.4	-85.3	55	0
AL021950	BAKER	1950	08	28	00	00	22.6	-86.1	55	0
AL021950	BAKER	1950	08	28	06	00	22.8	-86.8	55	0
AL021950	BAKER	1950	08	28	12	00	23	-87.2	55	0
AL021950	BAKER	1950	08	28	18	00	23.2	-87.5	55	0
AL021950	BAKER	1950	08	29	00	00	23.5	-87.7	65	1
AL021950	BAKER	1950	08	29	06	00	23.7	-88	75	1
AL021950	BAKER	1950	08	29	12	00	23.9	-88.3	80	1
AL021950	BAKER	1950	08	29	18	00	24.1	-88.4	85	2
AL021950	BAKER	1950	08	30	00	00	24.7	-88.6	90	2
AL021950	BAKER	1950	08	30	06	00	25.7	-88.8	90	2
AL021950	BAKER	1950	08	30	12	00	27	-89	90	2
AL021950	BAKER	1950	08	30	18	00	28.2	-88.7	85	2
AL021950	BAKER	1950	08	31	00	00	29.4	-88.2	75	1
AL021950	BAKER	1950	08	31	03	00	30.2	-88	75	1
AL021950	BAKER	1950	08	31	04	00	30.7	-87.9	75	1
AL021950	BAKER	1950	08	31	06	00	31.1	-87.9	60	0
AL021950	BAKER	1950	08	31	12	00	33.4	-88.2	40	0
AL021950	BAKER	1950	08	31	18	00	34.8	-88.7	35	0
AL021950	BAKER	1950	09	01	00	00	36	-89	25	0
AL021950	BAKER	1950	09	01	06	00	36.7	-89	20	0
AL021950	BAKER	1950	09	01	12	00	36.7	-89.2	15	0
AL021950	BAKER	1950	09	01	18	00	37	-89.7	15	0
