AL021941	UNNAMED	1941	09	17	12	00	23.7	-88	25	0
AL021941	UNNAMED	1941	09	17	18	00	24.6	-88.5	30	0
AL021941	UNNAMED	1941	09	18	00	00	25.3	-89	30	0
AL021941	UNNAMED	1941	09	18	06	00	25.7	-89.5	35	0
AL021941	UNNAMED	1941	09	18	12	00	25.9	-89.6	35	0
AL021941	UNNAMED	1941	09	18	18	00	26	-89.3	40	0
AL021941	UNNAMED	1941	09	19	00	00	26	-89	45	0
AL021941	UNNAMED	1941	09	19	06	00	25.8	-88.8	50	0
AL021941	UNNAMED	1941	09	19	12	00	25.5	-88.6	55	0
AL021941	UNNAMED	1941	09	19	18	00	25.2	-88.5	55	0
AL021941	UNNAMED	1941	09	20	00	00	24.8	-88.4	55	0
AL021941	UNNAMED	1941	09	20	06	00	24.5	-88.2	60	0
AL021941	UNNAMED	1941	09	20	12	00	24.1	-88	60	0
AL021941	UNNAMED	1941	09	20	18	00	23.6	-87.7	60	0
AL021941	UNNAMED	1941	09	21	00	00	23.3	-87.9	60	0
AL021941	UNNAMED	1941	09	21	06	00	23.8	-88.2	65	1
AL021941	UNNAMED	1941	09	21	12	00	24.4	-88.7	70	1
AL021941	UNNAMED	1941	09	21	18	00	24.8	-89.3	70	1
AL021941	UNNAMED	1941	09	22	00	00	25.1	-90.1	75	1
AL021941	UNNAMED	1941	09	22	06	00	25.4	-90.9	80	1
AL021941	UNNAMED	1941	09	22	12	00	25.9	-91.9	85	2
AL021941	UNNAMED	1941	09	22	18	00	26.3	-92.9	90	2
AL021941	UNNAMED	1941	09	23	00	00	26.7	-93.9	95	2
AL021941	UNNAMED	1941	09	23	06	00	27.2	-94.8	100	3
AL021941	UNNAMED	1941	09	23	12	00	27.7	-95.3	105	3
AL021941	UNNAMED	1941	09	23	18	00	28.3	-95.5	110	3
AL021941	UNNAMED	1941	09	23	22	00	28.8	-95.6	110	3
AL021941	UNNAMED	1941	09	24	00	00	29	-95.6	85	2
AL021941	UNNAMED	1941	09	24	06	00	29.8	-95.6	65	1
AL021941	UNNAMED	1941	09	24	12	00	31.5	-94.9	40	0
AL021941	UNNAMED	1941	09	24	18	00	33.5	-93.2	35	0
AL021941	UNNAMED	1941	09	25	00	00	36	-91.1	35	0
AL021941	UNNAMED	1941	09	25	06	00	38.8	-88.7	35	0
AL021941	UNNAMED	1941	09	25	12	00	42.4	-85.9	40	0
AL021941	UNNAMED	1941	09	25	18	00	44.9	-82.6	50	0
AL021941	UNNAMED	1941	09	26	00	00	47.6	-78.9	55	0
AL021941	UNNAMED	1941	09	26	06	00	50.3	-74.7	50	0
AL021941	UNNAMED	1941	09	26	12	00	53	-70.5	45	0
AL021941	UNNAMED	1941	09	26	18	00	55.6	-67.5	45	0
AL021941	UNNAMED	1941	09	27	00	00	58.2	-66	45	0
