AL021909	UNNAMED	1909	06	25	12	00	25	-84	35	0
AL021909	UNNAMED	1909	06	25	18	00	25.5	-84.7	35	0
AL021909	UNNAMED	1909	06	26	00	00	25.9	-85.5	35	0
AL021909	UNNAMED	1909	06	26	06	00	26.3	-86.2	35	0
AL021909	UNNAMED	1909	06	26	12	00	26.7	-87	40	0
AL021909	UNNAMED	1909	06	26	18	00	26.7	-87.7	40	0
AL021909	UNNAMED	1909	06	27	00	00	26.6	-88.5	45	0
AL021909	UNNAMED	1909	06	27	06	00	26.6	-89.3	45	0
AL021909	UNNAMED	1909	06	27	12	00	26.5	-90.1	50	0
AL021909	UNNAMED	1909	06	27	18	00	26.5	-90.9	50	0
AL021909	UNNAMED	1909	06	28	00	00	26.4	-91.7	50	0
AL021909	UNNAMED	1909	06	28	06	00	26.4	-92.5	50	0
AL021909	UNNAMED	1909	06	28	12	00	26.3	-93.3	50	0
AL021909	UNNAMED	1909	06	28	18	00	26.3	-94.1	55	0
AL021909	UNNAMED	1909	06	29	00	00	26.2	-94.9	65	1
AL021909	UNNAMED	1909	06	29	06	00	26.2	-95.7	75	1
AL021909	UNNAMED	1909	06	29	12	00	26.1	-96.5	85	2
AL021909	UNNAMED	1909	06	29	17	00	26.1	-97.2	85	2
AL021909	UNNAMED	1909	06	29	18	00	26.1	-97.3	85	2
AL021909	UNNAMED	1909	06	30	00	00	26	-98	50	0
AL021909	UNNAMED	1909	06	30	06	00	26	-98.6	35	0
AL021909	UNNAMED	1909	06	30	12	00	26	-99	30	0
