id,name,year,month,day,hour,minute,lat,lon,max_sustained_wind_kts,sshws
AL021966,BECKY,1966,07,01,18,00,32.4,-57.8,25,0
AL021966,BECKY,1966,07,02,00,00,34.1,-56.5,25,0
AL021966,BECKY,1966,07,02,06,00,35.8,-55.3,35,0
AL021966,BECKY,1966,07,02,12,00,37.6,-54.4,65,1
AL021966,BECKY,1966,07,02,18,00,39.5,-53.8,65,1
AL021966,BECKY,1966,07,03,00,00,41.4,-54.3,60,0
AL021966,BECKY,1966,07,03,06,00,43.1,-55,55,0
AL021966,BECKY,1966,07,03,12,00,44.7,-56.8,45,0
AL021966,BECKY,1966,07,03,18,00,45.5,-58.5,40,0
