AL021947	UNNAMED	1947	08	09	06	00	12.7	-75.5	25	0
AL021947	UNNAMED	1947	08	09	12	00	13	-76.2	25	0
AL021947	UNNAMED	1947	08	09	18	00	13.3	-76.9	25	0
AL021947	UNNAMED	1947	08	10	00	00	13.7	-77.6	25	0
AL021947	UNNAMED	1947	08	10	06	00	14.1	-78.3	25	0
AL021947	UNNAMED	1947	08	10	12	00	14.5	-79	25	0
AL021947	UNNAMED	1947	08	10	18	00	15	-79.7	25	0
AL021947	UNNAMED	1947	08	11	00	00	15.5	-80.4	30	0
AL021947	UNNAMED	1947	08	11	06	00	16	-81.2	30	0
AL021947	UNNAMED	1947	08	11	12	00	16.5	-82	30	0
AL021947	UNNAMED	1947	08	11	18	00	17.2	-83	30	0
AL021947	UNNAMED	1947	08	12	00	00	18.1	-84.2	35	0
AL021947	UNNAMED	1947	08	12	06	00	19.1	-85.4	40	0
AL021947	UNNAMED	1947	08	12	12	00	19.7	-86.6	45	0
AL021947	UNNAMED	1947	08	12	16	00	19.9	-87.5	45	0
AL021947	UNNAMED	1947	08	12	18	00	20	-87.9	40	0
AL021947	UNNAMED	1947	08	13	00	00	20.3	-89.3	40	0
AL021947	UNNAMED	1947	08	13	06	00	20.6	-90.7	45	0
AL021947	UNNAMED	1947	08	13	12	00	20.8	-91.9	50	0
AL021947	UNNAMED	1947	08	13	18	00	20.8	-92.9	60	0
AL021947	UNNAMED	1947	08	14	00	00	20.8	-93.8	70	1
AL021947	UNNAMED	1947	08	14	06	00	21.1	-94.4	80	1
AL021947	UNNAMED	1947	08	14	12	00	21.6	-95	90	2
AL021947	UNNAMED	1947	08	14	18	00	21.9	-95.8	90	2
AL021947	UNNAMED	1947	08	15	00	00	22	-96.6	95	2
AL021947	UNNAMED	1947	08	15	06	00	21.9	-97.2	95	2
AL021947	UNNAMED	1947	08	15	10	00	21.7	-97.5	95	2
AL021947	UNNAMED	1947	08	15	12	00	21.6	-97.8	85	2
AL021947	UNNAMED	1947	08	15	18	00	21.3	-98.3	65	1
AL021947	UNNAMED	1947	08	16	00	00	21	-98.6	45	0
AL021947	UNNAMED	1947	08	16	06	00	20.3	-98.8	30	0
