AL021944	UNNAMED	1944	07	24	06	00	13.4	-56.6	35	0
AL021944	UNNAMED	1944	07	24	12	00	13.7	-58.4	40	0
AL021944	UNNAMED	1944	07	24	18	00	14	-60.4	45	0
AL021944	UNNAMED	1944	07	25	00	00	14.3	-62.2	50	0
AL021944	UNNAMED	1944	07	25	06	00	14.7	-63.9	55	0
AL021944	UNNAMED	1944	07	25	12	00	15.1	-65.6	55	0
AL021944	UNNAMED	1944	07	25	18	00	15.6	-67.3	55	0
AL021944	UNNAMED	1944	07	26	00	00	16.1	-69	55	0
AL021944	UNNAMED	1944	07	26	06	00	16.4	-70.7	55	0
AL021944	UNNAMED	1944	07	26	12	00	16.6	-72.5	55	0
AL021944	UNNAMED	1944	07	26	18	00	16.6	-74.4	50	0
AL021944	UNNAMED	1944	07	27	00	00	16.6	-76.4	45	0
AL021944	UNNAMED	1944	07	27	06	00	16.8	-78.3	35	0
AL021944	UNNAMED	1944	07	27	12	00	17	-80	30	0
AL021944	UNNAMED	1944	07	27	18	00	17.2	-81.6	25	0
