AL021953	BARBARA	1953	08	11	06	00	22.8	-73.9	35	0
AL021953	BARBARA	1953	08	11	12	00	24.1	-74.5	45	0
AL021953	BARBARA	1953	08	11	18	00	25.3	-74.8	50	0
AL021953	BARBARA	1953	08	12	00	00	26.5	-75.2	55	0
AL021953	BARBARA	1953	08	12	06	00	27.9	-75.6	60	0
AL021953	BARBARA	1953	08	12	12	00	29.2	-75.9	65	1
AL021953	BARBARA	1953	08	12	18	00	29.9	-76	70	1
AL021953	BARBARA	1953	08	13	00	00	30.5	-76.1	80	1
AL021953	BARBARA	1953	08	13	06	00	31.5	-76.2	85	2
AL021953	BARBARA	1953	08	13	12	00	32.5	-76.3	90	2
AL021953	BARBARA	1953	08	13	18	00	33.6	-76.3	95	2
AL021953	BARBARA	1953	08	14	00	00	34.7	-76.1	90	2
AL021953	BARBARA	1953	08	14	06	00	35.8	-75.7	70	1
AL021953	BARBARA	1953	08	14	12	00	37	-75	65	1
AL021953	BARBARA	1953	08	14	18	00	38.1	-73.8	70	1
AL021953	BARBARA	1953	08	15	00	00	39.3	-72.3	75	1
AL021953	BARBARA	1953	08	15	06	00	40.4	-70.4	75	1
AL021953	BARBARA	1953	08	15	12	00	41.5	-68	75	1
AL021953	BARBARA	1953	08	15	18	00	43.1	-64.3	70	1
AL021953	BARBARA	1953	08	16	00	00	45.3	-60.5	55	0
AL021953	BARBARA	1953	08	16	06	00	48.7	-59.1	50	0
AL021953	BARBARA	1953	08	16	12	00	53.5	-59.4	45	0
