AL021930	UNNAMED	1930	08	29	00	00	12.8	-43.5	30	0
AL021930	UNNAMED	1930	08	29	06	00	12.9	-44.8	30	0
AL021930	UNNAMED	1930	08	29	12	00	13	-46	30	0
AL021930	UNNAMED	1930	08	29	18	00	13.1	-47.3	30	0
AL021930	UNNAMED	1930	08	30	00	00	13.5	-48.5	30	0
AL021930	UNNAMED	1930	08	30	06	00	13.5	-49.8	35	0
AL021930	UNNAMED	1930	08	30	12	00	13.6	-51	40	0
AL021930	UNNAMED	1930	08	30	18	00	13.7	-52.2	45	0
AL021930	UNNAMED	1930	08	31	00	00	13.8	-53.4	50	0
AL021930	UNNAMED	1930	08	31	06	00	14	-54.6	60	0
AL021930	UNNAMED	1930	08	31	12	00	14.2	-55.8	65	1
AL021930	UNNAMED	1930	08	31	18	00	14.4	-57.1	65	1
AL021930	UNNAMED	1930	09	01	00	00	14.6	-58.4	70	1
AL021930	UNNAMED	1930	09	01	06	00	14.9	-59.6	75	1
AL021930	UNNAMED	1930	09	01	12	00	15.2	-60.8	80	1
AL021930	UNNAMED	1930	09	01	18	00	15.6	-62	85	2
AL021930	UNNAMED	1930	09	02	00	00	16.2	-63.2	90	2
AL021930	UNNAMED	1930	09	02	06	00	16.6	-64.3	95	2
AL021930	UNNAMED	1930	09	02	12	00	17	-65.3	100	3
AL021930	UNNAMED	1930	09	02	18	00	17.3	-66.3	100	3
AL021930	UNNAMED	1930	09	03	00	00	17.6	-67.3	100	3
AL021930	UNNAMED	1930	09	03	06	00	17.9	-68.3	110	3
AL021930	UNNAMED	1930	09	03	12	00	18.2	-69.2	120	4
AL021930	UNNAMED	1930	09	03	18	00	18.4	-70	135	4
AL021930	UNNAMED	1930	09	04	00	00	18.6	-71	80	1
AL021930	UNNAMED	1930	09	04	06	00	18.8	-72.2	60	0
AL021930	UNNAMED	1930	09	04	12	00	19	-73.5	55	0
AL021930	UNNAMED	1930	09	04	18	00	19.2	-74.9	50	0
AL021930	UNNAMED	1930	09	05	00	00	19.4	-76.3	45	0
AL021930	UNNAMED	1930	09	05	06	00	19.7	-77.7	45	0
AL021930	UNNAMED	1930	09	05	12	00	20	-79	40	0
AL021930	UNNAMED	1930	09	05	18	00	20.3	-80.3	40	0
AL021930	UNNAMED	1930	09	06	00	00	20.7	-81.6	35	0
AL021930	UNNAMED	1930	09	06	06	00	21.3	-82.8	35	0
AL021930	UNNAMED	1930	09	06	12	00	22	-83.8	35	0
AL021930	UNNAMED	1930	09	06	18	00	22.7	-84.4	35	0
AL021930	UNNAMED	1930	09	07	00	00	23.4	-84.7	35	0
AL021930	UNNAMED	1930	09	07	06	00	24.1	-84.8	35	0
AL021930	UNNAMED	1930	09	07	12	00	24.7	-84.9	35	0
AL021930	UNNAMED	1930	09	07	18	00	25.1	-84.8	35	0
AL021930	UNNAMED	1930	09	08	00	00	25.4	-84.7	35	0
AL021930	UNNAMED	1930	09	08	06	00	25.7	-84.6	35	0
AL021930	UNNAMED	1930	09	08	12	00	26	-84.5	35	0
AL021930	UNNAMED	1930	09	08	18	00	26.4	-84.2	35	0
AL021930	UNNAMED	1930	09	09	00	00	26.8	-83.7	40	0
AL021930	UNNAMED	1930	09	09	06	00	27.3	-83	40	0
AL021930	UNNAMED	1930	09	09	09	00	27.5	-82.7	40	0
AL021930	UNNAMED	1930	09	09	12	00	27.8	-82.4	35	0
AL021930	UNNAMED	1930	09	09	18	00	28.3	-82	30	0
AL021930	UNNAMED	1930	09	10	00	00	28.8	-81.6	30	0
AL021930	UNNAMED	1930	09	10	06	00	29.2	-81.2	30	0
AL021930	UNNAMED	1930	09	10	12	00	29.5	-80.8	35	0
AL021930	UNNAMED	1930	09	10	18	00	29.7	-80.4	40	0
AL021930	UNNAMED	1930	09	11	00	00	29.9	-80.1	40	0
AL021930	UNNAMED	1930	09	11	06	00	30.1	-79.8	45	0
AL021930	UNNAMED	1930	09	11	12	00	30.3	-79.5	45	0
AL021930	UNNAMED	1930	09	11	18	00	30.7	-79.1	50	0
AL021930	UNNAMED	1930	09	12	00	00	31.3	-78.6	60	0
AL021930	UNNAMED	1930	09	12	06	00	32.1	-78	70	1
AL021930	UNNAMED	1930	09	12	12	00	33	-77.2	80	1
AL021930	UNNAMED	1930	09	12	18	00	34	-76.3	80	1
AL021930	UNNAMED	1930	09	13	00	00	35.1	-75.2	80	1
AL021930	UNNAMED	1930	09	13	06	00	36.3	-73.8	80	1
AL021930	UNNAMED	1930	09	13	12	00	37.2	-72	80	1
AL021930	UNNAMED	1930	09	13	18	00	37.5	-70	80	1
AL021930	UNNAMED	1930	09	14	00	00	37.5	-67.9	85	2
AL021930	UNNAMED	1930	09	14	06	00	37.2	-65.7	85	2
AL021930	UNNAMED	1930	09	14	12	00	36.8	-63.5	85	2
AL021930	UNNAMED	1930	09	14	18	00	36.7	-61.2	85	2
AL021930	UNNAMED	1930	09	15	00	00	36.9	-58.9	80	1
AL021930	UNNAMED	1930	09	15	06	00	37.4	-56.5	80	1
AL021930	UNNAMED	1930	09	15	12	00	38	-54	75	1
AL021930	UNNAMED	1930	09	15	18	00	38.2	-51.8	70	1
AL021930	UNNAMED	1930	09	16	00	00	37.9	-49.5	60	0
AL021930	UNNAMED	1930	09	16	06	00	37.5	-47.3	50	0
AL021930	UNNAMED	1930	09	16	12	00	37	-45.1	45	0
AL021930	UNNAMED	1930	09	16	18	00	36.7	-42.9	40	0
AL021930	UNNAMED	1930	09	17	00	00	36.5	-40.7	35	0
AL021930	UNNAMED	1930	09	17	06	00	36.4	-38.4	30	0
AL021930	UNNAMED	1930	09	17	12	00	36.3	-36	30	0
AL021930	UNNAMED	1930	09	17	18	00	36.2	-33.5	30	0
