AL021996	BERTHA	1996	07	05	00	00	9.8	-34	30	0
AL021996	BERTHA	1996	07	05	06	00	10.2	-36.3	30	0
AL021996	BERTHA	1996	07	05	12	00	11	-39	35	0
AL021996	BERTHA	1996	07	05	18	00	12	-41.2	35	0
AL021996	BERTHA	1996	07	06	00	00	12.7	-43.9	35	0
AL021996	BERTHA	1996	07	06	06	00	13.1	-46.6	35	0
AL021996	BERTHA	1996	07	06	12	00	13.7	-48.7	40	0
AL021996	BERTHA	1996	07	06	18	00	14.2	-51	45	0
AL021996	BERTHA	1996	07	07	00	00	14.9	-52.9	50	0
AL021996	BERTHA	1996	07	07	06	00	15.6	-54.8	55	0
AL021996	BERTHA	1996	07	07	12	00	16.4	-56.9	60	0
AL021996	BERTHA	1996	07	07	18	00	16.5	-58.4	70	1
AL021996	BERTHA	1996	07	08	00	00	17	-60.1	75	1
AL021996	BERTHA	1996	07	08	06	00	17.5	-61.8	75	1
AL021996	BERTHA	1996	07	08	12	00	18	-63.5	70	1
AL021996	BERTHA	1996	07	08	18	00	18.6	-64.9	75	1
AL021996	BERTHA	1996	07	09	00	00	19.4	-66.1	80	1
AL021996	BERTHA	1996	07	09	06	00	20.3	-67.7	100	3
AL021996	BERTHA	1996	07	09	12	00	21.4	-69.4	100	3
AL021996	BERTHA	1996	07	09	18	00	22.5	-71.1	90	2
AL021996	BERTHA	1996	07	10	00	00	23.6	-72.6	85	2
AL021996	BERTHA	1996	07	10	06	00	24.5	-74	80	1
AL021996	BERTHA	1996	07	10	12	00	25.4	-75.3	80	1
AL021996	BERTHA	1996	07	10	18	00	26.4	-75.8	80	1
AL021996	BERTHA	1996	07	11	00	00	27.5	-76.4	75	1
AL021996	BERTHA	1996	07	11	06	00	28.3	-76.8	75	1
AL021996	BERTHA	1996	07	11	12	00	29.2	-77.5	75	1
AL021996	BERTHA	1996	07	11	18	00	30	-78	70	1
AL021996	BERTHA	1996	07	12	00	00	30.7	-78.3	70	1
AL021996	BERTHA	1996	07	12	06	00	31.2	-78.6	70	1
AL021996	BERTHA	1996	07	12	12	00	32.2	-78.4	85	2
AL021996	BERTHA	1996	07	12	18	00	33.6	-78.1	90	2
AL021996	BERTHA	1996	07	12	20	00	34.3	-77.8	90	2
AL021996	BERTHA	1996	07	13	00	00	35	-77.6	65	1
AL021996	BERTHA	1996	07	13	06	00	36.7	-77	60	0
AL021996	BERTHA	1996	07	13	12	00	38.3	-76.1	60	0
AL021996	BERTHA	1996	07	13	18	00	40.2	-74.5	60	0
AL021996	BERTHA	1996	07	14	00	00	42.1	-71.9	60	0
AL021996	BERTHA	1996	07	14	06	00	44.1	-69	55	0
AL021996	BERTHA	1996	07	14	12	00	46	-66	50	0
AL021996	BERTHA	1996	07	14	18	00	47	-62	50	0
AL021996	BERTHA	1996	07	15	00	00	48	-57	50	0
AL021996	BERTHA	1996	07	15	06	00	49	-52	45	0
AL021996	BERTHA	1996	07	15	12	00	51	-47	40	0
AL021996	BERTHA	1996	07	15	18	00	54	-44	40	0
AL021996	BERTHA	1996	07	16	00	00	57.5	-42.5	40	0
AL021996	BERTHA	1996	07	16	06	00	58.5	-42.5	40	0
AL021996	BERTHA	1996	07	16	12	00	59.5	-42	45	0
AL021996	BERTHA	1996	07	16	18	00	59.8	-41	45	0
AL021996	BERTHA	1996	07	17	00	00	60	-40	40	0
AL021996	BERTHA	1996	07	17	06	00	60.5	-39	35	0
