AL021926	UNNAMED	1926	07	29	12	00	16	-46	25	0
AL021926	UNNAMED	1926	07	29	18	00	16.1	-47	25	0
AL021926	UNNAMED	1926	07	30	00	00	16.2	-48	30	0
AL021926	UNNAMED	1926	07	30	06	00	16.3	-49	30	0
AL021926	UNNAMED	1926	07	30	12	00	16.5	-50	30	0
AL021926	UNNAMED	1926	07	30	18	00	16.7	-50.9	30	0
AL021926	UNNAMED	1926	07	31	00	00	16.9	-51.8	35	0
AL021926	UNNAMED	1926	07	31	06	00	17.2	-52.7	35	0
AL021926	UNNAMED	1926	07	31	12	00	17.5	-53.5	35	0
AL021926	UNNAMED	1926	07	31	18	00	18.1	-54.4	40	0
AL021926	UNNAMED	1926	08	01	00	00	19	-55.3	45	0
AL021926	UNNAMED	1926	08	01	06	00	20	-56.2	50	0
AL021926	UNNAMED	1926	08	01	12	00	21	-57	60	0
AL021926	UNNAMED	1926	08	01	18	00	22.1	-57.6	70	1
AL021926	UNNAMED	1926	08	02	00	00	23.1	-58.2	80	1
AL021926	UNNAMED	1926	08	02	06	00	24.1	-58.7	90	2
AL021926	UNNAMED	1926	08	02	12	00	25.1	-59.2	100	3
AL021926	UNNAMED	1926	08	02	18	00	25.7	-59.7	100	3
AL021926	UNNAMED	1926	08	03	00	00	26.1	-60.2	100	3
AL021926	UNNAMED	1926	08	03	06	00	26.3	-60.6	100	3
AL021926	UNNAMED	1926	08	03	12	00	26.5	-61	100	3
AL021926	UNNAMED	1926	08	03	18	00	26.6	-61.2	100	3
AL021926	UNNAMED	1926	08	04	00	00	26.7	-61.3	100	3
AL021926	UNNAMED	1926	08	04	06	00	26.8	-61.4	100	3
AL021926	UNNAMED	1926	08	04	12	00	27	-61.5	100	3
AL021926	UNNAMED	1926	08	04	18	00	27.3	-61.8	100	3
AL021926	UNNAMED	1926	08	05	00	00	27.7	-62.2	100	3
AL021926	UNNAMED	1926	08	05	06	00	28.1	-62.6	105	3
AL021926	UNNAMED	1926	08	05	12	00	28.5	-63	105	3
AL021926	UNNAMED	1926	08	05	18	00	28.9	-63.5	105	3
AL021926	UNNAMED	1926	08	06	00	00	29.3	-64.1	105	3
AL021926	UNNAMED	1926	08	06	06	00	29.8	-64.8	100	3
AL021926	UNNAMED	1926	08	06	12	00	30.5	-65.5	95	2
AL021926	UNNAMED	1926	08	06	18	00	31.7	-66	95	2
AL021926	UNNAMED	1926	08	07	00	00	33.5	-66.1	90	2
AL021926	UNNAMED	1926	08	07	06	00	35.5	-66.2	90	2
AL021926	UNNAMED	1926	08	07	12	00	37.7	-66.2	85	2
AL021926	UNNAMED	1926	08	07	18	00	39.6	-65.6	85	2
AL021926	UNNAMED	1926	08	08	00	00	41.6	-64.5	80	1
AL021926	UNNAMED	1926	08	08	06	00	43.6	-62.9	70	1
AL021926	UNNAMED	1926	08	08	12	00	45.8	-61	65	1
AL021926	UNNAMED	1926	08	08	18	00	48	-59	55	0
