AL021975	AMY	1975	06	27	00	00	27.5	-79	25	0
AL021975	AMY	1975	06	27	06	00	28.5	-79	25	0
AL021975	AMY	1975	06	27	12	00	29.5	-79	25	0
AL021975	AMY	1975	06	27	18	00	30.5	-79	25	0
AL021975	AMY	1975	06	28	00	00	31.5	-78.8	25	0
AL021975	AMY	1975	06	28	06	00	32.4	-78.7	25	0
AL021975	AMY	1975	06	28	12	00	33.3	-78	25	0
AL021975	AMY	1975	06	28	18	00	34	-77	30	0
AL021975	AMY	1975	06	29	00	00	34.4	-75.8	35	0
AL021975	AMY	1975	06	29	06	00	34	-74.8	40	0
AL021975	AMY	1975	06	29	12	00	33.8	-73.8	45	0
AL021975	AMY	1975	06	29	18	00	33.8	-72.8	50	0
AL021975	AMY	1975	06	30	00	00	34.3	-71.6	50	0
AL021975	AMY	1975	06	30	06	00	35.6	-70.8	55	0
AL021975	AMY	1975	06	30	12	00	35.9	-70.5	60	0
AL021975	AMY	1975	06	30	18	00	36.2	-70.2	60	0
AL021975	AMY	1975	07	01	00	00	36.2	-69.8	60	0
AL021975	AMY	1975	07	01	06	00	36.2	-69.4	60	0
AL021975	AMY	1975	07	01	12	00	36.2	-68.3	60	0
AL021975	AMY	1975	07	01	18	00	36.7	-67.2	60	0
AL021975	AMY	1975	07	02	00	00	37.4	-66.7	60	0
AL021975	AMY	1975	07	02	06	00	37.3	-65.9	60	0
AL021975	AMY	1975	07	02	12	00	37.3	-65.1	60	0
AL021975	AMY	1975	07	02	18	00	37.3	-64.1	60	0
AL021975	AMY	1975	07	03	00	00	37.7	-62.8	55	0
AL021975	AMY	1975	07	03	06	00	38.2	-61.2	55	0
AL021975	AMY	1975	07	03	12	00	39.3	-59.6	55	0
AL021975	AMY	1975	07	03	18	00	40.5	-58	50	0
AL021975	AMY	1975	07	04	00	00	42.5	-54.8	50	0
AL021975	AMY	1975	07	04	06	00	44.5	-51.6	50	0
AL021975	AMY	1975	07	04	12	00	47	-48	45	0
