id,name,year,month,day,hour,minute,lat,lon,max_sustained_wind_kts,sshws
AL021891,UNNAMED,1891,08,17,06,00,13.3,-24.4,35,0
AL021891,UNNAMED,1891,08,17,12,00,13.6,-25.5,35,0
AL021891,UNNAMED,1891,08,17,18,00,13.8,-26.6,35,0
AL021891,UNNAMED,1891,08,18,00,00,14,-27.7,35,0
AL021891,UNNAMED,1891,08,18,06,00,14.2,-28.8,40,0
AL021891,UNNAMED,1891,08,18,12,00,14.4,-29.9,50,0
AL021891,UNNAMED,1891,08,18,18,00,14.6,-31,60,0
AL021891,UNNAMED,1891,08,19,00,00,14.9,-32,65,1
AL021891,UNNAMED,1891,08,19,06,00,15.2,-33,65,1
AL021891,UNNAMED,1891,08,19,12,00,15.4,-34,65,1
AL021891,UNNAMED,1891,08,19,18,00,15.6,-34.9,65,1
AL021891,UNNAMED,1891,08,20,00,00,15.8,-35.8,65,1
AL021891,UNNAMED,1891,08,20,06,00,16.1,-36.7,65,1
AL021891,UNNAMED,1891,08,20,12,00,16.3,-37.5,65,1
AL021891,UNNAMED,1891,08,20,18,00,16.5,-38.3,65,1
AL021891,UNNAMED,1891,08,21,00,00,16.7,-39,65,1
AL021891,UNNAMED,1891,08,21,06,00,17,-39.8,65,1
AL021891,UNNAMED,1891,08,21,12,00,17.3,-40.6,65,1
AL021891,UNNAMED,1891,08,21,18,00,17.7,-41.5,65,1
AL021891,UNNAMED,1891,08,22,00,00,18.2,-42.6,65,1
AL021891,UNNAMED,1891,08,22,06,00,18.7,-43.6,65,1
AL021891,UNNAMED,1891,08,22,12,00,19.2,-44.6,65,1
AL021891,UNNAMED,1891,08,22,18,00,19.6,-45.5,65,1
AL021891,UNNAMED,1891,08,23,00,00,20,-46.3,65,1
AL021891,UNNAMED,1891,08,23,06,00,20.5,-47.1,65,1
AL021891,UNNAMED,1891,08,23,12,00,20.9,-48,65,1
AL021891,UNNAMED,1891,08,23,18,00,21.4,-48.9,65,1
AL021891,UNNAMED,1891,08,24,00,00,21.8,-49.8,65,1
AL021891,UNNAMED,1891,08,24,06,00,22.4,-50.8,65,1
AL021891,UNNAMED,1891,08,24,12,00,23,-51.8,65,1
AL021891,UNNAMED,1891,08,24,18,00,23.7,-52.9,65,1
AL021891,UNNAMED,1891,08,25,00,00,24.5,-54,65,1
AL021891,UNNAMED,1891,08,25,06,00,25.3,-55.2,65,1
AL021891,UNNAMED,1891,08,25,12,00,26,-56.3,65,1
AL021891,UNNAMED,1891,08,25,18,00,26.7,-57.3,65,1
AL021891,UNNAMED,1891,08,26,00,00,27.4,-58.3,65,1
AL021891,UNNAMED,1891,08,26,06,00,28.1,-59.2,65,1
AL021891,UNNAMED,1891,08,26,12,00,28.8,-60,65,1
AL021891,UNNAMED,1891,08,26,18,00,29.5,-60.8,65,1
AL021891,UNNAMED,1891,08,27,00,00,30.2,-61.5,65,1
AL021891,UNNAMED,1891,08,27,06,00,30.9,-62.1,65,1
AL021891,UNNAMED,1891,08,27,12,00,31.6,-62.7,65,1
AL021891,UNNAMED,1891,08,27,18,00,32.4,-63.3,65,1
AL021891,UNNAMED,1891,08,28,00,00,33.5,-63.7,65,1
AL021891,UNNAMED,1891,08,28,06,00,34.7,-64.1,65,1
AL021891,UNNAMED,1891,08,28,12,00,36,-64.4,65,1
AL021891,UNNAMED,1891,08,28,18,00,37.3,-64.6,65,1
AL021891,UNNAMED,1891,08,29,00,00,38.8,-64.5,65,1
AL021891,UNNAMED,1891,08,29,06,00,40.3,-64.4,55,0
AL021891,UNNAMED,1891,08,29,12,00,41.9,-64.1,35,0
AL021891,UNNAMED,1891,08,29,18,00,43.3,-64,25,0
