id,name,year,month,day,hour,minute,lat,lon,max_sustained_wind_kts,sshws
AL031915,UNNAMED,1915,08,27,12,00,18,-44.5,40,0
AL031915,UNNAMED,1915,08,27,18,00,19,-45.8,40,0
AL031915,UNNAMED,1915,08,28,00,00,20,-47.1,45,0
AL031915,UNNAMED,1915,08,28,06,00,21,-48.3,45,0
AL031915,UNNAMED,1915,08,28,12,00,22,-49.5,50,0
AL031915,UNNAMED,1915,08,28,18,00,23,-50.4,50,0
AL031915,UNNAMED,1915,08,29,00,00,24,-51.2,55,0
AL031915,UNNAMED,1915,08,29,06,00,25,-52,55,0
AL031915,UNNAMED,1915,08,29,12,00,25.9,-52.9,60,0
AL031915,UNNAMED,1915,08,29,18,00,26.7,-53.7,60,0
AL031915,UNNAMED,1915,08,30,00,00,27.4,-54.6,65,1
AL031915,UNNAMED,1915,08,30,06,00,28.1,-55.5,65,1
AL031915,UNNAMED,1915,08,30,12,00,28.7,-56.3,70,1
AL031915,UNNAMED,1915,08,30,18,00,29.3,-57.1,70,1
AL031915,UNNAMED,1915,08,31,00,00,29.9,-57.8,75,1
AL031915,UNNAMED,1915,08,31,06,00,30.5,-58.5,75,1
AL031915,UNNAMED,1915,08,31,12,00,31,-59,80,1
AL031915,UNNAMED,1915,08,31,18,00,31.3,-59.4,80,1
AL031915,UNNAMED,1915,09,01,00,00,31.4,-59.8,85,2
AL031915,UNNAMED,1915,09,01,06,00,31.5,-60.2,85,2
AL031915,UNNAMED,1915,09,01,12,00,31.5,-60.6,90,2
AL031915,UNNAMED,1915,09,01,18,00,31.5,-61,95,2
AL031915,UNNAMED,1915,09,02,00,00,31.6,-61.5,100,3
AL031915,UNNAMED,1915,09,02,06,00,31.8,-62,105,3
AL031915,UNNAMED,1915,09,02,12,00,32,-62.5,105,3
AL031915,UNNAMED,1915,09,02,18,00,32.3,-63.2,105,3
AL031915,UNNAMED,1915,09,03,00,00,32.5,-64.2,105,3
AL031915,UNNAMED,1915,09,03,06,00,32.7,-64.9,105,3
AL031915,UNNAMED,1915,09,03,12,00,32.7,-65.3,105,3
AL031915,UNNAMED,1915,09,03,18,00,32.5,-65.4,105,3
AL031915,UNNAMED,1915,09,04,00,00,32.2,-65.3,105,3
AL031915,UNNAMED,1915,09,04,06,00,31.8,-65.2,105,3
AL031915,UNNAMED,1915,09,04,12,00,31.5,-64.8,105,3
AL031915,UNNAMED,1915,09,04,18,00,31.3,-64.5,105,3
AL031915,UNNAMED,1915,09,05,00,00,31.2,-64.3,105,3
AL031915,UNNAMED,1915,09,05,06,00,30.9,-64.1,105,3
AL031915,UNNAMED,1915,09,05,12,00,30.7,-64,105,3
AL031915,UNNAMED,1915,09,05,18,00,30.5,-64,105,3
AL031915,UNNAMED,1915,09,06,00,00,30.4,-64,100,3
AL031915,UNNAMED,1915,09,06,06,00,30.3,-64,100,3
AL031915,UNNAMED,1915,09,06,12,00,30.2,-64,95,2
AL031915,UNNAMED,1915,09,06,18,00,30.2,-64.3,95,2
AL031915,UNNAMED,1915,09,07,00,00,30.2,-64.9,90,2
AL031915,UNNAMED,1915,09,07,06,00,30.3,-65.9,90,2
AL031915,UNNAMED,1915,09,07,12,00,30.5,-66.5,90,2
AL031915,UNNAMED,1915,09,07,18,00,31,-66.7,90,2
AL031915,UNNAMED,1915,09,08,00,00,31.5,-66.6,90,2
AL031915,UNNAMED,1915,09,08,06,00,32,-66.5,85,2
AL031915,UNNAMED,1915,09,08,12,00,32.5,-66.4,85,2
AL031915,UNNAMED,1915,09,08,18,00,33,-66.3,85,2
AL031915,UNNAMED,1915,09,09,00,00,33.6,-66.2,85,2
AL031915,UNNAMED,1915,09,09,06,00,34.2,-66,80,1
AL031915,UNNAMED,1915,09,09,12,00,34.8,-65.7,80,1
AL031915,UNNAMED,1915,09,09,18,00,35.5,-65.1,75,1
AL031915,UNNAMED,1915,09,10,00,00,36.3,-64.2,70,1
AL031915,UNNAMED,1915,09,10,06,00,37.1,-63.1,65,1
AL031915,UNNAMED,1915,09,10,12,00,38,-61.9,60,0
AL031915,UNNAMED,1915,09,10,18,00,39,-59,55,0
AL031915,UNNAMED,1915,09,11,00,00,40,-56,55,0
