id,name,year,month,day,hour,minute,lat,lon,max_sustained_wind_kts,sshws
AL031908,UNNAMED,1908,07,24,12,00,27.5,-75,30,0
AL031908,UNNAMED,1908,07,24,18,00,27.8,-75.2,30,0
AL031908,UNNAMED,1908,07,25,00,00,28.1,-75.5,30,0
AL031908,UNNAMED,1908,07,25,06,00,28.4,-75.9,30,0
AL031908,UNNAMED,1908,07,25,12,00,28.7,-76.3,35,0
AL031908,UNNAMED,1908,07,25,18,00,28.9,-76.6,35,0
AL031908,UNNAMED,1908,07,26,00,00,29,-76.9,35,0
AL031908,UNNAMED,1908,07,26,06,00,29,-77.2,35,0
AL031908,UNNAMED,1908,07,26,12,00,29,-77.5,35,0
AL031908,UNNAMED,1908,07,26,18,00,28.9,-77.8,35,0
AL031908,UNNAMED,1908,07,27,00,00,28.7,-78,35,0
AL031908,UNNAMED,1908,07,27,06,00,28.3,-78.3,35,0
AL031908,UNNAMED,1908,07,27,12,00,27.7,-78.5,35,0
AL031908,UNNAMED,1908,07,27,18,00,27.3,-78.3,35,0
AL031908,UNNAMED,1908,07,28,00,00,27.1,-77.7,40,0
AL031908,UNNAMED,1908,07,28,06,00,27.1,-77.2,55,0
AL031908,UNNAMED,1908,07,28,12,00,27.3,-77,60,0
AL031908,UNNAMED,1908,07,28,18,00,27.7,-77,60,0
AL031908,UNNAMED,1908,07,29,00,00,28,-77.5,60,0
AL031908,UNNAMED,1908,07,29,06,00,28.2,-77.9,60,0
AL031908,UNNAMED,1908,07,29,12,00,28.5,-78,60,0
AL031908,UNNAMED,1908,07,29,18,00,29.4,-78.3,60,0
AL031908,UNNAMED,1908,07,30,00,00,30.4,-78.3,65,1
AL031908,UNNAMED,1908,07,30,06,00,31.4,-78.2,70,1
AL031908,UNNAMED,1908,07,30,12,00,32.5,-78,70,1
AL031908,UNNAMED,1908,07,30,18,00,33.1,-77.9,70,1
AL031908,UNNAMED,1908,07,31,00,00,33.7,-77.6,70,1
AL031908,UNNAMED,1908,07,31,06,00,34.2,-77.4,70,1
AL031908,UNNAMED,1908,07,31,11,00,34.6,-77.1,70,1
AL031908,UNNAMED,1908,07,31,12,00,34.7,-77,70,1
AL031908,UNNAMED,1908,07,31,18,00,35.2,-75.8,60,0
AL031908,UNNAMED,1908,08,01,00,00,35.6,-74.1,60,0
AL031908,UNNAMED,1908,08,01,06,00,36.1,-72.8,60,0
AL031908,UNNAMED,1908,08,01,12,00,36.5,-71.7,60,0
AL031908,UNNAMED,1908,08,01,18,00,37.2,-70,60,0
AL031908,UNNAMED,1908,08,02,00,00,37.8,-68.5,60,0
AL031908,UNNAMED,1908,08,02,06,00,38.7,-66.9,60,0
AL031908,UNNAMED,1908,08,02,12,00,40,-65.5,60,0
AL031908,UNNAMED,1908,08,02,18,00,41.7,-63,60,0
AL031908,UNNAMED,1908,08,03,00,00,44,-60.6,60,0
AL031908,UNNAMED,1908,08,03,06,00,46.3,-58.5,55,0
AL031908,UNNAMED,1908,08,03,12,00,48.5,-56.5,50,0
AL031908,UNNAMED,1908,08,03,18,00,50.6,-54.3,50,0
