id,name,year,month,day,hour,minute,lat,lon,max_sustained_wind_kts,sshws
AL031878,UNNAMED,1878,08,19,00,00,35.5,-60.5,80,1
AL031878,UNNAMED,1878,08,19,06,00,37.3,-60.4,80,1
AL031878,UNNAMED,1878,08,19,12,00,39.3,-60.3,80,1
AL031878,UNNAMED,1878,08,19,18,00,41.5,-60.1,80,1
AL031878,UNNAMED,1878,08,20,00,00,43.5,-59.9,80,1
AL031878,UNNAMED,1878,08,20,06,00,45.8,-59.7,80,1
AL031878,UNNAMED,1878,08,20,12,00,48,-59.5,70,1
AL031878,UNNAMED,1878,08,20,18,00,49.8,-59,70,1
AL031878,UNNAMED,1878,08,21,00,00,51,-58.3,60,0
AL031878,UNNAMED,1878,08,21,06,00,51.6,-57.3,60,0
AL031878,UNNAMED,1878,08,21,12,00,52,-56,60,0
AL031878,UNNAMED,1878,08,21,18,00,52.2,-54.5,60,0
