AL032003	BILL	2003	06	28	06	00	19.5	-89	20	0
AL032003	BILL	2003	06	28	12	00	20	-89.3	20	0
AL032003	BILL	2003	06	28	18	00	20.3	-89.4	20	0
AL032003	BILL	2003	06	29	00	00	21	-89.8	20	0
AL032003	BILL	2003	06	29	06	00	22	-90	30	0
AL032003	BILL	2003	06	29	12	00	23.4	-90.5	35	0
AL032003	BILL	2003	06	29	18	00	24.6	-91.1	40	0
AL032003	BILL	2003	06	30	00	00	25.9	-91.3	45	0
AL032003	BILL	2003	06	30	06	00	27.1	-91.5	45	0
AL032003	BILL	2003	06	30	12	00	28.2	-91.5	50	0
AL032003	BILL	2003	06	30	18	00	29.1	-91	50	0
AL032003	BILL	2003	06	30	19	00	29.3	-91	50	0
AL032003	BILL	2003	07	01	00	00	30.4	-90.3	45	0
AL032003	BILL	2003	07	01	06	00	31.6	-89.3	30	0
AL032003	BILL	2003	07	01	12	00	32.7	-88.4	25	0
AL032003	BILL	2003	07	01	18	00	33.6	-87	20	0
AL032003	BILL	2003	07	02	00	00	34.1	-86	20	0
AL032003	BILL	2003	07	02	06	00	35	-84.5	20	0
AL032003	BILL	2003	07	02	12	00	35.6	-83.5	20	0
AL032003	BILL	2003	07	02	18	00	36.5	-82	20	0
AL032003	BILL	2003	07	03	00	00	37.3	-79.5	20	0
