id,name,year,month,day,hour,minute,lat,lon,max_sustained_wind_kts,sshws
AL031995,CHANTAL,1995,07,12,00,00,17.1,-54.9,25,0
AL031995,CHANTAL,1995,07,12,06,00,17.5,-56.5,25,0
AL031995,CHANTAL,1995,07,12,12,00,18.1,-58.3,25,0
AL031995,CHANTAL,1995,07,12,18,00,18.7,-59.9,30,0
AL031995,CHANTAL,1995,07,13,00,00,19.2,-61,30,0
AL031995,CHANTAL,1995,07,13,06,00,19.6,-61.9,30,0
AL031995,CHANTAL,1995,07,13,12,00,20.1,-62.7,30,0
AL031995,CHANTAL,1995,07,13,18,00,20.6,-63.6,30,0
AL031995,CHANTAL,1995,07,14,00,00,21.1,-64.4,35,0
AL031995,CHANTAL,1995,07,14,06,00,21.1,-64.9,35,0
AL031995,CHANTAL,1995,07,14,12,00,21.1,-65.2,35,0
AL031995,CHANTAL,1995,07,14,18,00,21.3,-65.5,40,0
AL031995,CHANTAL,1995,07,15,00,00,21.8,-66,40,0
AL031995,CHANTAL,1995,07,15,06,00,22.3,-66.7,45,0
AL031995,CHANTAL,1995,07,15,12,00,22.7,-67.5,45,0
AL031995,CHANTAL,1995,07,15,18,00,23.2,-67.9,45,0
AL031995,CHANTAL,1995,07,16,00,00,23.7,-68.2,45,0
AL031995,CHANTAL,1995,07,16,06,00,24.5,-68.4,50,0
AL031995,CHANTAL,1995,07,16,12,00,25.3,-68.8,50,0
AL031995,CHANTAL,1995,07,16,18,00,26.2,-69.1,55,0
AL031995,CHANTAL,1995,07,17,00,00,27.2,-69.4,60,0
AL031995,CHANTAL,1995,07,17,06,00,28.2,-69.6,60,0
AL031995,CHANTAL,1995,07,17,12,00,29.3,-69.8,60,0
AL031995,CHANTAL,1995,07,17,18,00,30.5,-69.8,55,0
AL031995,CHANTAL,1995,07,18,00,00,31.6,-69.7,55,0
AL031995,CHANTAL,1995,07,18,06,00,32.6,-69,55,0
AL031995,CHANTAL,1995,07,18,12,00,33.6,-68.1,50,0
AL031995,CHANTAL,1995,07,18,18,00,34.6,-67.3,50,0
AL031995,CHANTAL,1995,07,19,00,00,35.4,-65.8,50,0
AL031995,CHANTAL,1995,07,19,06,00,36.2,-64.1,50,0
AL031995,CHANTAL,1995,07,19,12,00,37.1,-62.4,50,0
AL031995,CHANTAL,1995,07,19,18,00,38.2,-60.2,50,0
AL031995,CHANTAL,1995,07,20,00,00,39.5,-57.6,50,0
AL031995,CHANTAL,1995,07,20,06,00,41.1,-54.7,50,0
AL031995,CHANTAL,1995,07,20,12,00,43,-51.7,50,0
AL031995,CHANTAL,1995,07,20,18,00,45.4,-48.8,50,0
AL031995,CHANTAL,1995,07,21,00,00,47.7,-45.2,50,0
AL031995,CHANTAL,1995,07,21,06,00,49.7,-41.6,50,0
AL031995,CHANTAL,1995,07,21,12,00,51.4,-37,50,0
AL031995,CHANTAL,1995,07,21,18,00,53,-31,50,0
AL031995,CHANTAL,1995,07,22,00,00,55,-20,50,0
