AL031929	UNNAMED	1929	09	25	00	00	32	-66.5	30	0
AL031929	UNNAMED	1929	09	25	06	00	32.5	-67	30	0
AL031929	UNNAMED	1929	09	25	12	00	33	-67.5	35	0
AL031929	UNNAMED	1929	09	25	18	00	33.5	-68	40	0
AL031929	UNNAMED	1929	09	26	00	00	34	-68.5	45	0
AL031929	UNNAMED	1929	09	26	06	00	34.7	-68.8	50	0
AL031929	UNNAMED	1929	09	26	12	00	35.5	-69	50	0
AL031929	UNNAMED	1929	09	26	18	00	36.2	-69.1	50	0
AL031929	UNNAMED	1929	09	27	00	00	37	-69	50	0
AL031929	UNNAMED	1929	09	27	06	00	37.9	-68.7	50	0
AL031929	UNNAMED	1929	09	27	12	00	38.8	-68	50	0
AL031929	UNNAMED	1929	09	27	18	00	39.5	-67.1	50	0
AL031929	UNNAMED	1929	09	28	00	00	40.1	-66.1	50	0
AL031929	UNNAMED	1929	09	28	06	00	40.7	-65	50	0
AL031929	UNNAMED	1929	09	28	12	00	41.3	-63.7	50	0
AL031929	UNNAMED	1929	09	28	18	00	41.9	-61.9	50	0
AL031929	UNNAMED	1929	09	29	00	00	42.6	-59.5	50	0
AL031929	UNNAMED	1929	09	29	06	00	43.3	-56	45	0
AL031929	UNNAMED	1929	09	29	12	00	44	-51.5	40	0
AL031929	UNNAMED	1929	09	29	18	00	44.8	-46.5	35	0
