id,name,year,month,day,hour,minute,lat,lon,max_sustained_wind_kts,sshws
AL031875,UNNAMED,1875,09,08,00,00,13.9,-55.3,70,1
AL031875,UNNAMED,1875,09,08,06,00,13.9,-56.4,70,1
AL031875,UNNAMED,1875,09,08,12,00,14,-57.5,70,1
AL031875,UNNAMED,1875,09,08,18,00,14,-58.7,70,1
AL031875,UNNAMED,1875,09,09,00,00,14.1,-59.7,80,1
AL031875,UNNAMED,1875,09,09,06,00,14.2,-60.7,80,1
AL031875,UNNAMED,1875,09,09,12,00,14.3,-61.8,80,1
AL031875,UNNAMED,1875,09,09,18,00,14.4,-62.7,80,1
AL031875,UNNAMED,1875,09,10,00,00,14.5,-63.5,80,1
AL031875,UNNAMED,1875,09,10,06,00,14.6,-64.3,80,1
AL031875,UNNAMED,1875,09,10,12,00,14.8,-65.1,80,1
AL031875,UNNAMED,1875,09,10,18,00,15.1,-66.3,80,1
AL031875,UNNAMED,1875,09,11,00,00,15.5,-67.4,90,2
AL031875,UNNAMED,1875,09,11,06,00,15.8,-68.4,90,2
AL031875,UNNAMED,1875,09,11,12,00,16.1,-69.3,90,2
AL031875,UNNAMED,1875,09,11,18,00,16.4,-70.1,90,2
AL031875,UNNAMED,1875,09,12,00,00,16.7,-71.3,90,2
AL031875,UNNAMED,1875,09,12,06,00,17.1,-72.1,90,2
AL031875,UNNAMED,1875,09,12,12,00,17.5,-73,90,2
AL031875,UNNAMED,1875,09,12,18,00,18.2,-74.5,90,2
AL031875,UNNAMED,1875,09,13,00,00,19.4,-76,90,2
AL031875,UNNAMED,1875,09,13,06,00,20.2,-77.5,90,2
AL031875,UNNAMED,1875,09,13,12,00,21,-78.5,80,1
AL031875,UNNAMED,1875,09,13,18,00,22,-79.9,80,1
AL031875,UNNAMED,1875,09,14,00,00,22.7,-80.9,70,1
AL031875,UNNAMED,1875,09,14,06,00,23.4,-82.4,60,0
AL031875,UNNAMED,1875,09,14,12,00,24,-83.9,70,1
AL031875,UNNAMED,1875,09,14,18,00,24.7,-85.4,80,1
AL031875,UNNAMED,1875,09,15,00,00,25.8,-87.1,80,1
AL031875,UNNAMED,1875,09,15,06,00,26.3,-89.1,80,1
AL031875,UNNAMED,1875,09,15,12,00,26.6,-90.5,90,2
AL031875,UNNAMED,1875,09,15,18,00,26.8,-92,90,2
AL031875,UNNAMED,1875,09,16,00,00,27,-93.4,90,2
AL031875,UNNAMED,1875,09,16,06,00,27.1,-94.9,90,2
AL031875,UNNAMED,1875,09,16,12,00,27.1,-96.1,100,3
AL031875,UNNAMED,1875,09,16,18,00,27.4,-96.9,100,3
AL031875,UNNAMED,1875,09,16,21,00,27.7,-97.2,100,3
AL031875,UNNAMED,1875,09,17,00,00,28,-97.3,90,2
AL031875,UNNAMED,1875,09,17,06,00,28.8,-97.3,70,1
AL031875,UNNAMED,1875,09,17,12,00,29.5,-97,60,0
AL031875,UNNAMED,1875,09,17,18,00,30,-96.2,50,0
AL031875,UNNAMED,1875,09,18,00,00,30.3,-95,40,0
AL031875,UNNAMED,1875,09,18,06,00,30.6,-93.5,40,0
AL031875,UNNAMED,1875,09,18,12,00,31,-91.8,30,0
AL031875,UNNAMED,1875,09,18,18,00,31.5,-90,30,0
