id,name,year,month,day,hour,minute,lat,lon,max_sustained_wind_kts,sshws
AL031950,CHARLIE,1950,08,21,12,00,11.1,-26.4,35,0
AL031950,CHARLIE,1950,08,21,18,00,11,-27.6,35,0
AL031950,CHARLIE,1950,08,22,00,00,10.9,-28.9,35,0
AL031950,CHARLIE,1950,08,22,06,00,10.8,-30.1,35,0
AL031950,CHARLIE,1950,08,22,12,00,10.7,-31.4,35,0
AL031950,CHARLIE,1950,08,22,18,00,10.6,-32.7,35,0
AL031950,CHARLIE,1950,08,23,00,00,10.6,-34,35,0
AL031950,CHARLIE,1950,08,23,06,00,10.6,-35.2,35,0
AL031950,CHARLIE,1950,08,23,12,00,10.7,-36.4,35,0
AL031950,CHARLIE,1950,08,23,18,00,10.8,-37.5,35,0
AL031950,CHARLIE,1950,08,24,00,00,11,-38.6,35,0
AL031950,CHARLIE,1950,08,24,06,00,11.2,-39.7,35,0
AL031950,CHARLIE,1950,08,24,12,00,11.5,-40.7,35,0
AL031950,CHARLIE,1950,08,24,18,00,11.9,-41.7,40,0
AL031950,CHARLIE,1950,08,25,00,00,12.4,-42.7,40,0
AL031950,CHARLIE,1950,08,25,06,00,12.9,-43.6,40,0
AL031950,CHARLIE,1950,08,25,12,00,13.5,-44.5,40,0
AL031950,CHARLIE,1950,08,25,18,00,14.2,-45.4,40,0
AL031950,CHARLIE,1950,08,26,00,00,14.9,-46.2,45,0
AL031950,CHARLIE,1950,08,26,06,00,15.7,-47.1,45,0
AL031950,CHARLIE,1950,08,26,12,00,16.5,-48,45,0
AL031950,CHARLIE,1950,08,26,18,00,17.3,-49,45,0
AL031950,CHARLIE,1950,08,27,00,00,18.1,-50,50,0
AL031950,CHARLIE,1950,08,27,06,00,18.9,-51,55,0
AL031950,CHARLIE,1950,08,27,12,00,19.8,-52,55,0
AL031950,CHARLIE,1950,08,27,18,00,20.9,-52.9,60,0
AL031950,CHARLIE,1950,08,28,00,00,22.3,-53.7,65,1
AL031950,CHARLIE,1950,08,28,06,00,23.8,-54.6,70,1
AL031950,CHARLIE,1950,08,28,12,00,25,-55.5,75,1
AL031950,CHARLIE,1950,08,28,18,00,26.1,-56.4,80,1
AL031950,CHARLIE,1950,08,29,00,00,27.1,-57.1,80,1
AL031950,CHARLIE,1950,08,29,06,00,28.3,-57.3,80,1
AL031950,CHARLIE,1950,08,29,12,00,29.5,-57.5,85,2
AL031950,CHARLIE,1950,08,29,18,00,30.4,-57.5,90,2
AL031950,CHARLIE,1950,08,30,00,00,31.2,-57.1,90,2
AL031950,CHARLIE,1950,08,30,06,00,31.9,-56.6,90,2
AL031950,CHARLIE,1950,08,30,12,00,32.5,-56.1,90,2
AL031950,CHARLIE,1950,08,30,18,00,32.8,-56,90,2
AL031950,CHARLIE,1950,08,31,00,00,32.9,-56.2,90,2
AL031950,CHARLIE,1950,08,31,06,00,32.8,-56.4,90,2
AL031950,CHARLIE,1950,08,31,12,00,32.8,-56.7,95,2
AL031950,CHARLIE,1950,08,31,18,00,32.8,-57.3,95,2
AL031950,CHARLIE,1950,09,01,00,00,32.8,-57.9,95,2
AL031950,CHARLIE,1950,09,01,06,00,32.7,-58.4,90,2
AL031950,CHARLIE,1950,09,01,12,00,32.6,-58.9,85,2
AL031950,CHARLIE,1950,09,01,18,00,32.7,-59.5,85,2
AL031950,CHARLIE,1950,09,02,00,00,33,-60.1,80,1
AL031950,CHARLIE,1950,09,02,06,00,33.3,-60.7,80,1
AL031950,CHARLIE,1950,09,02,12,00,33.7,-61.2,75,1
AL031950,CHARLIE,1950,09,02,18,00,34.3,-61.4,75,1
AL031950,CHARLIE,1950,09,03,00,00,34.9,-61.5,75,1
AL031950,CHARLIE,1950,09,03,06,00,35.4,-61.3,75,1
AL031950,CHARLIE,1950,09,03,12,00,36,-61,75,1
AL031950,CHARLIE,1950,09,03,18,00,36.3,-60.7,70,1
AL031950,CHARLIE,1950,09,04,00,00,36.6,-60.1,65,1
AL031950,CHARLIE,1950,09,04,06,00,37.1,-59.3,65,1
AL031950,CHARLIE,1950,09,04,12,00,37.8,-58.2,60,0
AL031950,CHARLIE,1950,09,04,18,00,38.6,-57.1,55,0
AL031950,CHARLIE,1950,09,05,00,00,40,-55.8,55,0
AL031950,CHARLIE,1950,09,05,06,00,42.2,-53,50,0
AL031950,CHARLIE,1950,09,05,12,00,44.8,-47.4,50,0
