AL031968	CANDY	1968	06	22	18	00	20	-96	25	0
AL031968	CANDY	1968	06	23	00	00	21.5	-96	30	0
AL031968	CANDY	1968	06	23	06	00	23.1	-96	30	0
AL031968	CANDY	1968	06	23	12	00	24.8	-96.1	30	0
AL031968	CANDY	1968	06	23	18	00	26.4	-96.6	45	0
AL031968	CANDY	1968	06	24	00	00	28.3	-97.2	60	0
AL031968	CANDY	1968	06	24	06	00	30.1	-97.8	30	0
AL031968	CANDY	1968	06	24	12	00	32.1	-97.8	25	0
AL031968	CANDY	1968	06	24	18	00	34.1	-96.9	25	0
AL031968	CANDY	1968	06	25	00	00	35.9	-95.5	25	0
AL031968	CANDY	1968	06	25	06	00	38.2	-93	25	0
AL031968	CANDY	1968	06	25	12	00	40	-90	25	0
AL031968	CANDY	1968	06	25	18	00	41	-86.8	25	0
AL031968	CANDY	1968	06	26	00	00	41.7	-83.6	25	0
AL031968	CANDY	1968	06	26	06	00	42	-80	25	0
