id,name,year,month,day,hour,minute,lat,lon,max_sustained_wind_kts,sshws
AL031942,UNNAMED,1942,08,23,12,00,14.8,-74,30,0
AL031942,UNNAMED,1942,08,23,18,00,15,-75.1,30,0
AL031942,UNNAMED,1942,08,24,00,00,15.2,-76.1,30,0
AL031942,UNNAMED,1942,08,24,06,00,15.4,-77.1,30,0
AL031942,UNNAMED,1942,08,24,12,00,15.7,-78,35,0
AL031942,UNNAMED,1942,08,24,18,00,15.8,-78.6,35,0
AL031942,UNNAMED,1942,08,25,00,00,16,-79.2,40,0
AL031942,UNNAMED,1942,08,25,06,00,16.4,-79.9,40,0
AL031942,UNNAMED,1942,08,25,12,00,16.8,-80.5,45,0
AL031942,UNNAMED,1942,08,25,18,00,17,-80.9,50,0
AL031942,UNNAMED,1942,08,26,00,00,17.2,-81.4,50,0
AL031942,UNNAMED,1942,08,26,06,00,17.4,-81.8,50,0
AL031942,UNNAMED,1942,08,26,12,00,17.6,-82.2,55,0
AL031942,UNNAMED,1942,08,26,18,00,17.8,-82.8,55,0
AL031942,UNNAMED,1942,08,27,00,00,18,-83.5,60,0
AL031942,UNNAMED,1942,08,27,06,00,18.3,-84.1,70,1
AL031942,UNNAMED,1942,08,27,12,00,18.8,-84.6,80,1
AL031942,UNNAMED,1942,08,27,18,00,19.4,-85.4,90,2
AL031942,UNNAMED,1942,08,28,00,00,20.3,-86.3,90,2
AL031942,UNNAMED,1942,08,28,06,00,21.2,-87.6,70,1
AL031942,UNNAMED,1942,08,28,12,00,22.2,-88.8,80,1
AL031942,UNNAMED,1942,08,28,18,00,23,-89.6,90,2
AL031942,UNNAMED,1942,08,29,00,00,23.8,-90.5,95,2
AL031942,UNNAMED,1942,08,29,06,00,24.6,-91.7,100,3
AL031942,UNNAMED,1942,08,29,12,00,25.5,-92.8,100,3
AL031942,UNNAMED,1942,08,29,18,00,26.3,-93.9,100,3
AL031942,UNNAMED,1942,08,30,00,00,27.1,-95,100,3
AL031942,UNNAMED,1942,08,30,06,00,27.9,-96.1,100,3
AL031942,UNNAMED,1942,08,30,09,00,28.3,-96.6,100,3
AL031942,UNNAMED,1942,08,30,12,00,28.8,-97.2,85,2
AL031942,UNNAMED,1942,08,30,18,00,29.4,-98.6,65,1
AL031942,UNNAMED,1942,08,31,00,00,30.2,-100,45,0
AL031942,UNNAMED,1942,08,31,06,00,31,-101.4,40,0
AL031942,UNNAMED,1942,08,31,12,00,31.7,-102.5,35,0
AL031942,UNNAMED,1942,08,31,18,00,32.2,-103.6,35,0
AL031942,UNNAMED,1942,09,01,00,00,32.3,-104,30,0
AL031942,UNNAMED,1942,09,01,06,00,32.5,-104.3,25,0
AL031942,UNNAMED,1942,09,01,12,00,33,-104.5,25,0
