AL031895	UNNAMED	1895	09	28	00	00	19.3	-86	35	0
AL031895	UNNAMED	1895	09	28	06	00	19.6	-86.6	35	0
AL031895	UNNAMED	1895	09	28	12	00	19.9	-87.2	35	0
AL031895	UNNAMED	1895	09	28	18	00	20.3	-88.2	30	0
AL031895	UNNAMED	1895	09	29	00	00	20.7	-89	30	0
AL031895	UNNAMED	1895	09	29	06	00	21.2	-89.5	30	0
AL031895	UNNAMED	1895	09	29	12	00	21.6	-89.7	40	0
AL031895	UNNAMED	1895	09	29	18	00	22.1	-89.7	40	0
AL031895	UNNAMED	1895	09	30	00	00	22.7	-89.5	45	0
AL031895	UNNAMED	1895	09	30	06	00	23.2	-89.2	45	0
AL031895	UNNAMED	1895	09	30	12	00	23.7	-88.5	50	0
AL031895	UNNAMED	1895	09	30	18	00	23.8	-87.1	50	0
AL031895	UNNAMED	1895	10	01	00	00	23.8	-85.8	50	0
AL031895	UNNAMED	1895	10	01	06	00	23.8	-84.5	50	0
AL031895	UNNAMED	1895	10	01	12	00	23.9	-83.4	50	0
AL031895	UNNAMED	1895	10	01	18	00	24	-82.5	50	0
AL031895	UNNAMED	1895	10	02	00	00	24.2	-81.5	50	0
AL031895	UNNAMED	1895	10	02	06	00	24.5	-80.7	50	0
AL031895	UNNAMED	1895	10	02	12	00	24.9	-79.9	50	0
AL031895	UNNAMED	1895	10	02	18	00	25.2	-79.2	50	0
AL031895	UNNAMED	1895	10	03	00	00	25.6	-78.6	50	0
AL031895	UNNAMED	1895	10	03	06	00	26.2	-78	50	0
AL031895	UNNAMED	1895	10	03	12	00	27	-77.2	50	0
AL031895	UNNAMED	1895	10	03	18	00	28	-76.2	50	0
AL031895	UNNAMED	1895	10	04	00	00	29	-75.1	50	0
AL031895	UNNAMED	1895	10	04	06	00	30.1	-74	50	0
AL031895	UNNAMED	1895	10	04	12	00	31.1	-72.9	50	0
AL031895	UNNAMED	1895	10	04	18	00	32.1	-71.9	50	0
AL031895	UNNAMED	1895	10	05	00	00	33	-71	50	0
AL031895	UNNAMED	1895	10	05	06	00	34	-70	50	0
AL031895	UNNAMED	1895	10	05	12	00	35	-69	50	0
AL031895	UNNAMED	1895	10	05	18	00	36.2	-67.8	50	0
AL031895	UNNAMED	1895	10	06	00	00	37.6	-66.4	50	0
AL031895	UNNAMED	1895	10	06	06	00	39.2	-64.8	50	0
AL031895	UNNAMED	1895	10	06	12	00	40.9	-63	50	0
AL031895	UNNAMED	1895	10	06	18	00	42.6	-61.1	45	0
AL031895	UNNAMED	1895	10	07	00	00	44.4	-59	40	0
AL031895	UNNAMED	1895	10	07	06	00	46.3	-56.8	40	0
AL031895	UNNAMED	1895	10	07	12	00	48.2	-54.4	40	0
