id,name,year,month,day,hour,minute,lat,lon,max_sustained_wind_kts,sshws
AL031981,ARLENE,1981,05,06,18,00,18.4,-83.6,30,0
AL031981,ARLENE,1981,05,07,00,00,18.4,-82.7,30,0
AL031981,ARLENE,1981,05,07,06,00,18.6,-81.7,30,0
AL031981,ARLENE,1981,05,07,12,00,19,-80.6,35,0
AL031981,ARLENE,1981,05,07,18,00,19.6,-79.7,40,0
AL031981,ARLENE,1981,05,08,00,00,20.3,-78.7,45,0
AL031981,ARLENE,1981,05,08,06,00,21.1,-77.4,30,0
AL031981,ARLENE,1981,05,08,12,00,22.4,-76.4,30,0
AL031981,ARLENE,1981,05,08,18,00,23,-74.5,50,0
AL031981,ARLENE,1981,05,09,00,00,23.4,-72.8,30,0
AL031981,ARLENE,1981,05,09,06,00,24,-71,25,0
