id,name,year,month,day,hour,minute,lat,lon,max_sustained_wind_kts,sshws
AL031920,UNNAMED,1920,09,19,06,00,30.4,-76.8,25,0
AL031920,UNNAMED,1920,09,19,12,00,30.5,-76.5,30,0
AL031920,UNNAMED,1920,09,19,18,00,30.6,-76.2,30,0
AL031920,UNNAMED,1920,09,20,00,00,30.7,-75.9,30,0
AL031920,UNNAMED,1920,09,20,06,00,30.8,-75.7,30,0
AL031920,UNNAMED,1920,09,20,12,00,30.7,-75.5,35,0
AL031920,UNNAMED,1920,09,20,18,00,30.5,-75.4,35,0
AL031920,UNNAMED,1920,09,21,00,00,30,-75.3,35,0
AL031920,UNNAMED,1920,09,21,06,00,29.6,-75.4,40,0
AL031920,UNNAMED,1920,09,21,12,00,29.5,-75.5,45,0
AL031920,UNNAMED,1920,09,21,18,00,29.6,-75.7,50,0
AL031920,UNNAMED,1920,09,22,00,00,29.9,-75.9,55,0
AL031920,UNNAMED,1920,09,22,06,00,30.4,-76.1,60,0
AL031920,UNNAMED,1920,09,22,12,00,31,-76.4,70,1
AL031920,UNNAMED,1920,09,22,18,00,31.8,-76.9,75,1
AL031920,UNNAMED,1920,09,23,00,00,32.7,-77.5,65,1
AL031920,UNNAMED,1920,09,23,06,00,33.7,-78.2,55,0
AL031920,UNNAMED,1920,09,23,12,00,34.8,-79,35,0
AL031920,UNNAMED,1920,09,23,18,00,35.9,-79.9,30,0
AL031920,UNNAMED,1920,09,24,00,00,37,-81,25,0
