id,name,year,month,day,hour,minute,lat,lon,max_sustained_wind_kts,sshws
AL031997,BILL,1997,07,11,06,00,30.4,-69.9,30,0
AL031997,BILL,1997,07,11,12,00,31.8,-68.9,40,0
AL031997,BILL,1997,07,11,18,00,33.1,-67.6,45,0
AL031997,BILL,1997,07,12,00,00,34.7,-65.8,50,0
AL031997,BILL,1997,07,12,06,00,36.3,-63.6,60,0
AL031997,BILL,1997,07,12,12,00,37.9,-61.1,65,1
AL031997,BILL,1997,07,12,15,00,38.8,-60,65,1
AL031997,BILL,1997,07,12,18,00,39.6,-58.4,65,1
AL031997,BILL,1997,07,13,00,00,41.6,-55.4,60,0
AL031997,BILL,1997,07,13,06,00,44,-53,40,0
