id,name,year,month,day,hour,minute,lat,lon,max_sustained_wind_kts,sshws
AL031890,UNNAMED,1890,08,26,12,00,16.6,-54.3,85,2
AL031890,UNNAMED,1890,08,26,18,00,17.3,-55.7,90,2
AL031890,UNNAMED,1890,08,27,00,00,18,-57,95,2
AL031890,UNNAMED,1890,08,27,06,00,18.6,-58.3,100,3
AL031890,UNNAMED,1890,08,27,12,00,19.3,-59.6,105,3
AL031890,UNNAMED,1890,08,27,18,00,20,-60.9,105,3
AL031890,UNNAMED,1890,08,28,00,00,20.7,-62.1,105,3
AL031890,UNNAMED,1890,08,28,06,00,21.3,-63.3,105,3
AL031890,UNNAMED,1890,08,28,12,00,22,-64.5,105,3
AL031890,UNNAMED,1890,08,28,18,00,22.8,-65.7,105,3
AL031890,UNNAMED,1890,08,29,00,00,23.9,-66.9,100,3
AL031890,UNNAMED,1890,08,29,06,00,25,-68,95,2
AL031890,UNNAMED,1890,08,29,12,00,26.1,-69.1,90,2
AL031890,UNNAMED,1890,08,29,18,00,27.2,-69.7,85,2
AL031890,UNNAMED,1890,08,30,00,00,28.3,-69.8,85,2
AL031890,UNNAMED,1890,08,30,06,00,29.4,-69.6,85,2
AL031890,UNNAMED,1890,08,30,12,00,30.5,-69.2,85,2
AL031890,UNNAMED,1890,08,30,18,00,31.7,-68.4,85,2
AL031890,UNNAMED,1890,08,31,00,00,32.9,-67.1,85,2
AL031890,UNNAMED,1890,08,31,06,00,34.5,-65.4,85,2
AL031890,UNNAMED,1890,08,31,12,00,36.4,-63.4,85,2
AL031890,UNNAMED,1890,08,31,18,00,38.8,-61,85,2
AL031890,UNNAMED,1890,09,01,00,00,41.6,-58.4,85,2
AL031890,UNNAMED,1890,09,01,06,00,44.5,-55.4,80,1
AL031890,UNNAMED,1890,09,01,12,00,47.2,-52.2,70,1
AL031890,UNNAMED,1890,09,01,18,00,49.7,-48.5,60,0
AL031890,UNNAMED,1890,09,02,00,00,52.2,-44.6,50,0
AL031890,UNNAMED,1890,09,02,06,00,54.6,-40.6,50,0
AL031890,UNNAMED,1890,09,02,12,00,57,-37,50,0
AL031890,UNNAMED,1890,09,02,18,00,58.7,-33.8,50,0
AL031890,UNNAMED,1890,09,03,00,00,60.3,-30.8,50,0
AL031890,UNNAMED,1890,09,03,06,00,61.5,-28.1,45,0
AL031890,UNNAMED,1890,09,03,12,00,62.5,-25.6,45,0
