id,name,year,month,day,hour,minute,lat,lon,max_sustained_wind_kts,sshws
AL031898,UNNAMED,1898,09,03,06,00,40.8,-42.1,70,1
AL031898,UNNAMED,1898,09,03,12,00,42,-41,70,1
AL031898,UNNAMED,1898,09,03,18,00,42.9,-39.8,70,1
AL031898,UNNAMED,1898,09,04,00,00,43.9,-38.3,70,1
AL031898,UNNAMED,1898,09,04,06,00,44.9,-36.9,70,1
AL031898,UNNAMED,1898,09,04,12,00,46,-35.5,70,1
AL031898,UNNAMED,1898,09,04,18,00,46.8,-34.3,70,1
AL031898,UNNAMED,1898,09,05,00,00,47.7,-32.8,70,1
AL031898,UNNAMED,1898,09,05,06,00,48.6,-31.4,70,1
AL031898,UNNAMED,1898,09,05,12,00,49.5,-30,60,0
AL031898,UNNAMED,1898,09,05,18,00,50.7,-28,50,0
AL031898,UNNAMED,1898,09,06,00,00,52,-25.3,45,0
