id,name,year,month,day,hour,minute,lat,lon,max_sustained_wind_kts,sshws
AL032010,BONNIE,2010,07,22,06,00,21.5,-73.8,30,0
AL032010,BONNIE,2010,07,22,12,00,21.7,-74.4,30,0
AL032010,BONNIE,2010,07,22,18,00,22.2,-74.9,30,0
AL032010,BONNIE,2010,07,22,23,15,23,-75.7,35,0
AL032010,BONNIE,2010,07,23,00,00,23.1,-75.9,35,0
AL032010,BONNIE,2010,07,23,05,15,23.7,-77.5,40,0
AL032010,BONNIE,2010,07,23,06,00,23.8,-77.8,40,0
AL032010,BONNIE,2010,07,23,12,00,24.8,-79.7,35,0
AL032010,BONNIE,2010,07,23,14,30,25.4,-80.2,35,0
AL032010,BONNIE,2010,07,23,18,00,25.8,-81.1,30,0
AL032010,BONNIE,2010,07,24,00,00,26.3,-82.6,30,0
AL032010,BONNIE,2010,07,24,06,00,26.7,-84.4,30,0
AL032010,BONNIE,2010,07,24,12,00,27.5,-85.9,25,0
AL032010,BONNIE,2010,07,24,18,00,28.1,-87.1,25,0
AL032010,BONNIE,2010,07,25,00,00,28.6,-88.3,25,0
AL032010,BONNIE,2010,07,25,06,00,29.2,-89.5,25,0
AL032010,BONNIE,2010,07,25,12,00,29.8,-90.5,20,0
AL032010,BONNIE,2010,07,25,18,00,30.1,-91,15,0
