AL031990	BERTHA	1990	07	24	12	00	34	-75	20	0
AL031990	BERTHA	1990	07	24	18	00	33.6	-73.8	20	0
AL031990	BERTHA	1990	07	25	00	00	33	-72.7	20	0
AL031990	BERTHA	1990	07	25	06	00	32.1	-71.9	20	0
AL031990	BERTHA	1990	07	25	12	00	31.2	-71.8	20	0
AL031990	BERTHA	1990	07	25	18	00	30.7	-72.2	25	0
AL031990	BERTHA	1990	07	26	00	00	30.5	-72.8	25	0
AL031990	BERTHA	1990	07	26	06	00	30.3	-73.4	25	0
AL031990	BERTHA	1990	07	26	12	00	30.1	-74	25	0
AL031990	BERTHA	1990	07	26	18	00	29.8	-74.6	25	0
AL031990	BERTHA	1990	07	27	00	00	29.6	-75.2	25	0
AL031990	BERTHA	1990	07	27	06	00	29.3	-75.6	30	0
AL031990	BERTHA	1990	07	27	12	00	29.1	-75.8	30	0
AL031990	BERTHA	1990	07	27	18	00	28.8	-76	30	0
AL031990	BERTHA	1990	07	28	00	00	28.6	-75.8	35	0
AL031990	BERTHA	1990	07	28	06	00	28.8	-75.4	40	0
AL031990	BERTHA	1990	07	28	12	00	29.1	-74.8	45	0
AL031990	BERTHA	1990	07	28	18	00	29.6	-74.2	55	0
AL031990	BERTHA	1990	07	29	00	00	30.2	-73.6	65	1
AL031990	BERTHA	1990	07	29	06	00	30.8	-73	65	1
AL031990	BERTHA	1990	07	29	12	00	31.3	-72.2	65	1
AL031990	BERTHA	1990	07	29	18	00	31.9	-71.2	60	0
AL031990	BERTHA	1990	07	30	00	00	32.7	-70.2	60	0
AL031990	BERTHA	1990	07	30	06	00	33.7	-69.2	60	0
AL031990	BERTHA	1990	07	30	12	00	34.7	-68.3	65	1
AL031990	BERTHA	1990	07	30	18	00	35.7	-67.5	65	1
AL031990	BERTHA	1990	07	31	00	00	36.6	-67	70	1
AL031990	BERTHA	1990	07	31	06	00	37.5	-66.5	65	1
AL031990	BERTHA	1990	07	31	12	00	38.3	-65.9	65	1
AL031990	BERTHA	1990	07	31	18	00	39	-65.3	65	1
AL031990	BERTHA	1990	08	01	00	00	39.6	-64.5	65	1
AL031990	BERTHA	1990	08	01	06	00	40.3	-63.7	65	1
AL031990	BERTHA	1990	08	01	12	00	41.1	-62.7	65	1
AL031990	BERTHA	1990	08	01	18	00	42.4	-61.5	65	1
AL031990	BERTHA	1990	08	02	00	00	44.2	-60.5	70	1
AL031990	BERTHA	1990	08	02	06	00	46	-60	60	0
AL031990	BERTHA	1990	08	02	12	00	48.4	-60	55	0
