AL031893	UNNAMED	1893	08	13	12	00	9.6	-50.5	35	0
AL031893	UNNAMED	1893	08	13	18	00	10.3	-51.5	40	0
AL031893	UNNAMED	1893	08	14	00	00	10.9	-52.6	40	0
AL031893	UNNAMED	1893	08	14	06	00	11.6	-53.7	45	0
AL031893	UNNAMED	1893	08	14	12	00	12.2	-54.8	50	0
AL031893	UNNAMED	1893	08	14	18	00	12.9	-56	55	0
AL031893	UNNAMED	1893	08	15	00	00	13.5	-57.3	60	0
AL031893	UNNAMED	1893	08	15	06	00	14.2	-58.5	65	1
AL031893	UNNAMED	1893	08	15	12	00	14.8	-59.7	65	1
AL031893	UNNAMED	1893	08	15	18	00	15.4	-60.8	70	1
AL031893	UNNAMED	1893	08	16	00	00	16	-61.8	75	1
AL031893	UNNAMED	1893	08	16	06	00	16.6	-62.9	80	1
AL031893	UNNAMED	1893	08	16	12	00	17.2	-63.9	90	2
AL031893	UNNAMED	1893	08	16	18	00	17.6	-64.9	100	3
AL031893	UNNAMED	1893	08	17	00	00	18	-65.9	100	3
AL031893	UNNAMED	1893	08	17	06	00	18.5	-67	90	2
AL031893	UNNAMED	1893	08	17	12	00	19	-68	95	2
AL031893	UNNAMED	1893	08	17	18	00	19.6	-68.9	100	3
AL031893	UNNAMED	1893	08	18	00	00	20.2	-69.7	100	3
AL031893	UNNAMED	1893	08	18	06	00	20.9	-70.4	105	3
AL031893	UNNAMED	1893	08	18	12	00	21.8	-71.2	105	3
AL031893	UNNAMED	1893	08	18	18	00	22.5	-72.1	105	3
AL031893	UNNAMED	1893	08	19	00	00	23.2	-72.9	105	3
AL031893	UNNAMED	1893	08	19	06	00	24	-73.8	105	3
AL031893	UNNAMED	1893	08	19	12	00	24.8	-74.7	105	3
AL031893	UNNAMED	1893	08	19	18	00	25.7	-75.4	105	3
AL031893	UNNAMED	1893	08	20	00	00	26.7	-75.7	105	3
AL031893	UNNAMED	1893	08	20	06	00	27.9	-75.8	105	3
AL031893	UNNAMED	1893	08	20	12	00	29.1	-75.5	100	3
AL031893	UNNAMED	1893	08	20	18	00	30.8	-75	95	2
AL031893	UNNAMED	1893	08	21	00	00	32.7	-73.8	90	2
AL031893	UNNAMED	1893	08	21	06	00	34.8	-72.3	90	2
AL031893	UNNAMED	1893	08	21	12	00	37	-70.6	90	2
AL031893	UNNAMED	1893	08	21	18	00	39.5	-68.6	80	1
AL031893	UNNAMED	1893	08	22	00	00	42.2	-66.3	70	1
AL031893	UNNAMED	1893	08	22	06	00	44.8	-63.8	60	0
AL031893	UNNAMED	1893	08	22	12	00	47.4	-59.7	50	0
AL031893	UNNAMED	1893	08	22	18	00	49.4	-55.3	50	0
AL031893	UNNAMED	1893	08	23	00	00	50.7	-52.5	50	0
AL031893	UNNAMED	1893	08	23	06	00	51.3	-50	50	0
AL031893	UNNAMED	1893	08	23	12	00	51.6	-48	50	0
AL031893	UNNAMED	1893	08	23	18	00	51.1	-45.1	50	0
AL031893	UNNAMED	1893	08	24	00	00	50.4	-43.1	50	0
AL031893	UNNAMED	1893	08	24	06	00	49.6	-41.8	50	0
AL031893	UNNAMED	1893	08	24	12	00	49.1	-40	50	0
AL031893	UNNAMED	1893	08	24	18	00	49.2	-38.7	50	0
AL031893	UNNAMED	1893	08	25	00	00	49.4	-37.1	50	0
AL031893	UNNAMED	1893	08	25	06	00	49.7	-36	45	0
AL031893	UNNAMED	1893	08	25	12	00	50	-35	40	0
AL031893	UNNAMED	1893	08	25	18	00	50.6	-33.9	35	0
