id,name,year,month,day,hour,minute,lat,lon,max_sustained_wind_kts,sshws
AL031963,UNNAMED,1963,09,10,06,00,30.5,-66.4,25,0
AL031963,UNNAMED,1963,09,10,12,00,32,-66.1,25,0
AL031963,UNNAMED,1963,09,10,18,00,32.9,-63.9,25,0
AL031963,UNNAMED,1963,09,11,00,00,33.8,-61.8,25,0
AL031963,UNNAMED,1963,09,11,06,00,34.8,-59.7,35,0
AL031963,UNNAMED,1963,09,11,12,00,35.8,-57.6,35,0
AL031963,UNNAMED,1963,09,11,18,00,36.5,-55.8,35,0
AL031963,UNNAMED,1963,09,12,00,00,37,-54.2,35,0
AL031963,UNNAMED,1963,09,12,06,00,37.1,-52.6,45,0
AL031963,UNNAMED,1963,09,12,12,00,37.2,-51.3,50,0
AL031963,UNNAMED,1963,09,12,18,00,37.9,-51,50,0
AL031963,UNNAMED,1963,09,13,00,00,38.8,-51.7,50,0
AL031963,UNNAMED,1963,09,13,06,00,39.7,-51,50,0
AL031963,UNNAMED,1963,09,13,12,00,41,-49.7,50,0
AL031963,UNNAMED,1963,09,13,18,00,43.2,-47.8,50,0
AL031963,UNNAMED,1963,09,14,00,00,45.7,-44.6,50,0
AL031963,UNNAMED,1963,09,14,06,00,47.8,-39.9,50,0
AL031963,UNNAMED,1963,09,14,12,00,49.8,-35.2,50,0
AL031963,UNNAMED,1963,09,14,18,00,51.5,-30.6,50,0
AL031963,UNNAMED,1963,09,15,00,00,53,-26.1,50,0
AL031963,UNNAMED,1963,09,15,06,00,54.9,-22,50,0
