id,name,year,month,day,hour,minute,lat,lon,max_sustained_wind_kts,sshws
AL031947,UNNAMED,1947,08,18,18,00,23.3,-82,30,0
AL031947,UNNAMED,1947,08,19,00,00,23,-82.7,30,0
AL031947,UNNAMED,1947,08,19,06,00,23,-83.3,35,0
AL031947,UNNAMED,1947,08,19,12,00,23.4,-83.9,40,0
AL031947,UNNAMED,1947,08,19,18,00,24.1,-84.4,45,0
AL031947,UNNAMED,1947,08,20,00,00,24.1,-85.4,45,0
AL031947,UNNAMED,1947,08,20,06,00,24.2,-86.3,45,0
AL031947,UNNAMED,1947,08,20,12,00,24.4,-87,40,0
AL031947,UNNAMED,1947,08,20,18,00,24.6,-87.3,40,0
AL031947,UNNAMED,1947,08,21,00,00,25.2,-87.5,40,0
AL031947,UNNAMED,1947,08,21,06,00,26,-87.7,40,0
AL031947,UNNAMED,1947,08,21,12,00,26.8,-88,40,0
AL031947,UNNAMED,1947,08,21,18,00,27.7,-88.4,40,0
AL031947,UNNAMED,1947,08,22,00,00,28.3,-89.2,40,0
AL031947,UNNAMED,1947,08,22,06,00,28.6,-89.8,40,0
AL031947,UNNAMED,1947,08,22,12,00,28.9,-90.2,40,0
AL031947,UNNAMED,1947,08,22,14,00,29.1,-90.3,40,0
AL031947,UNNAMED,1947,08,22,18,00,29.4,-90.8,35,0
AL031947,UNNAMED,1947,08,23,00,00,29,-91.3,35,0
AL031947,UNNAMED,1947,08,23,06,00,28.4,-91.7,40,0
AL031947,UNNAMED,1947,08,23,12,00,27.9,-92.3,45,0
AL031947,UNNAMED,1947,08,23,18,00,28,-92.9,55,0
AL031947,UNNAMED,1947,08,24,00,00,28.3,-93.5,60,0
AL031947,UNNAMED,1947,08,24,06,00,28.6,-93.9,65,1
AL031947,UNNAMED,1947,08,24,12,00,28.9,-94.1,70,1
AL031947,UNNAMED,1947,08,24,18,00,29.1,-94.5,70,1
AL031947,UNNAMED,1947,08,24,22,00,29.2,-94.9,70,1
AL031947,UNNAMED,1947,08,25,00,00,29.3,-95,65,1
AL031947,UNNAMED,1947,08,25,06,00,29.6,-95.5,50,0
AL031947,UNNAMED,1947,08,25,12,00,30,-96,35,0
AL031947,UNNAMED,1947,08,25,18,00,30.4,-96.5,30,0
AL031947,UNNAMED,1947,08,26,00,00,30.8,-97,30,0
AL031947,UNNAMED,1947,08,26,06,00,31.2,-97.3,25,0
AL031947,UNNAMED,1947,08,26,12,00,31.6,-97.6,20,0
AL031947,UNNAMED,1947,08,26,18,00,32,-97.9,20,0
AL031947,UNNAMED,1947,08,27,00,00,32.4,-98.1,20,0
AL031947,UNNAMED,1947,08,27,06,00,33,-98,20,0
AL031947,UNNAMED,1947,08,27,12,00,33.8,-97.9,15,0
AL031947,UNNAMED,1947,08,27,18,00,35,-97.9,15,0
