AL031911	UNNAMED	1911	08	23	06	00	25.2	-65.5	35	0
AL031911	UNNAMED	1911	08	23	12	00	25.5	-66.5	40	0
AL031911	UNNAMED	1911	08	23	18	00	25.8	-67.4	40	0
AL031911	UNNAMED	1911	08	24	00	00	26.1	-68.3	45	0
AL031911	UNNAMED	1911	08	24	06	00	26.3	-69.2	50	0
AL031911	UNNAMED	1911	08	24	12	00	26.5	-70	55	0
AL031911	UNNAMED	1911	08	24	18	00	26.7	-70.7	60	0
AL031911	UNNAMED	1911	08	25	00	00	26.9	-71.4	65	1
AL031911	UNNAMED	1911	08	25	06	00	27.2	-72.1	70	1
AL031911	UNNAMED	1911	08	25	12	00	27.5	-72.8	70	1
AL031911	UNNAMED	1911	08	25	18	00	28	-73.5	75	1
AL031911	UNNAMED	1911	08	26	00	00	28.7	-74.3	80	1
AL031911	UNNAMED	1911	08	26	06	00	29.6	-75.1	80	1
AL031911	UNNAMED	1911	08	26	12	00	30.1	-75.8	80	1
AL031911	UNNAMED	1911	08	26	18	00	30.5	-76.4	80	1
AL031911	UNNAMED	1911	08	27	00	00	30.8	-77.1	80	1
AL031911	UNNAMED	1911	08	27	06	00	31.1	-77.8	80	1
AL031911	UNNAMED	1911	08	27	12	00	31.5	-78.7	85	2
AL031911	UNNAMED	1911	08	27	18	00	31.8	-79.2	85	2
AL031911	UNNAMED	1911	08	28	00	00	32	-79.6	85	2
AL031911	UNNAMED	1911	08	28	06	00	32.1	-80.3	85	2
AL031911	UNNAMED	1911	08	28	10	00	32.2	-80.7	85	2
AL031911	UNNAMED	1911	08	28	12	00	32.2	-81	65	1
AL031911	UNNAMED	1911	08	28	18	00	32.3	-81.5	50	0
AL031911	UNNAMED	1911	08	29	00	00	32.4	-82	45	0
AL031911	UNNAMED	1911	08	29	06	00	32.3	-82.5	35	0
AL031911	UNNAMED	1911	08	29	12	00	32.1	-83	35	0
AL031911	UNNAMED	1911	08	29	18	00	32	-83.4	30	0
AL031911	UNNAMED	1911	08	30	00	00	32.2	-83.7	30	0
AL031911	UNNAMED	1911	08	30	06	00	33	-83.9	30	0
AL031911	UNNAMED	1911	08	30	12	00	34	-84	30	0
AL031911	UNNAMED	1911	08	30	18	00	34.8	-83.5	30	0
AL031911	UNNAMED	1911	08	31	00	00	35.4	-82.5	25	0
AL031911	UNNAMED	1911	08	31	06	00	35.8	-81	25	0
AL031911	UNNAMED	1911	08	31	12	00	36	-79.5	20	0
