AL031998	CHARLEY	1998	08	21	06	00	25.3	-92.3	25	0
AL031998	CHARLEY	1998	08	21	12	00	25.4	-93.8	30	0
AL031998	CHARLEY	1998	08	21	18	00	26	-94.5	40	0
AL031998	CHARLEY	1998	08	22	00	00	26.8	-95.4	45	0
AL031998	CHARLEY	1998	08	22	06	00	27.5	-96.5	60	0
AL031998	CHARLEY	1998	08	22	10	00	27.8	-97.1	40	0
AL031998	CHARLEY	1998	08	22	12	00	27.9	-97.4	35	0
AL031998	CHARLEY	1998	08	22	18	00	28.3	-98.1	30	0
AL031998	CHARLEY	1998	08	23	00	00	28.5	-98.7	25	0
AL031998	CHARLEY	1998	08	23	06	00	28.7	-99.3	20	0
AL031998	CHARLEY	1998	08	23	12	00	28.8	-99.9	20	0
AL031998	CHARLEY	1998	08	23	18	00	29.1	-100.6	20	0
AL031998	CHARLEY	1998	08	24	00	00	29.4	-101.2	20	0
