id,name,year,month,day,hour,minute,lat,lon,max_sustained_wind_kts,sshws
AL031986,UNNAMED,1986,07,23,12,00,24,-54.9,20,0
AL031986,UNNAMED,1986,07,23,18,00,24.3,-56.1,20,0
AL031986,UNNAMED,1986,07,24,00,00,24.6,-57.5,20,0
AL031986,UNNAMED,1986,07,24,06,00,24.8,-58.9,25,0
AL031986,UNNAMED,1986,07,24,12,00,25,-60,25,0
AL031986,UNNAMED,1986,07,24,18,00,25.5,-61,25,0
AL031986,UNNAMED,1986,07,25,00,00,26,-61.8,25,0
AL031986,UNNAMED,1986,07,25,06,00,26.4,-62.3,25,0
AL031986,UNNAMED,1986,07,25,12,00,27,-63,25,0
AL031986,UNNAMED,1986,07,25,18,00,27.9,-63.8,30,0
AL031986,UNNAMED,1986,07,26,00,00,28.5,-64.2,30,0
AL031986,UNNAMED,1986,07,26,06,00,29.4,-64.9,30,0
AL031986,UNNAMED,1986,07,26,12,00,30,-65.5,30,0
AL031986,UNNAMED,1986,07,26,18,00,31.2,-65.3,25,0
AL031986,UNNAMED,1986,07,27,00,00,32,-65.2,25,0
AL031986,UNNAMED,1986,07,27,06,00,33,-65.1,25,0
AL031986,UNNAMED,1986,07,27,12,00,34,-65,25,0
AL031986,UNNAMED,1986,07,27,18,00,36,-63.9,25,0
AL031986,UNNAMED,1986,07,28,00,00,37.8,-62.5,20,0
AL031986,UNNAMED,1986,07,28,06,00,38.5,-61,20,0
AL031986,UNNAMED,1986,07,28,12,00,41.2,-59.8,20,0
