AL031905	UNNAMED	1905	09	24	06	00	17.7	-84	35	0
AL031905	UNNAMED	1905	09	24	12	00	18.2	-84.7	35	0
AL031905	UNNAMED	1905	09	24	18	00	18.6	-85.4	35	0
AL031905	UNNAMED	1905	09	25	00	00	19	-86	35	0
AL031905	UNNAMED	1905	09	25	06	00	19.4	-86.7	40	0
AL031905	UNNAMED	1905	09	25	12	00	19.9	-87.4	40	0
AL031905	UNNAMED	1905	09	25	18	00	20.4	-88.1	35	0
AL031905	UNNAMED	1905	09	26	00	00	20.9	-88.8	35	0
AL031905	UNNAMED	1905	09	26	06	00	21.5	-89.7	35	0
AL031905	UNNAMED	1905	09	26	12	00	22.2	-90.5	45	0
AL031905	UNNAMED	1905	09	26	18	00	22.9	-90.9	45	0
AL031905	UNNAMED	1905	09	27	00	00	23.7	-91.4	45	0
AL031905	UNNAMED	1905	09	27	06	00	24.5	-91.8	45	0
AL031905	UNNAMED	1905	09	27	12	00	25.3	-92	45	0
AL031905	UNNAMED	1905	09	27	18	00	25.9	-92.2	45	0
AL031905	UNNAMED	1905	09	28	00	00	26.5	-92.4	45	0
AL031905	UNNAMED	1905	09	28	06	00	27.2	-92.6	45	0
AL031905	UNNAMED	1905	09	28	12	00	27.7	-92.7	45	0
AL031905	UNNAMED	1905	09	28	18	00	28.3	-92.8	45	0
AL031905	UNNAMED	1905	09	29	00	00	28.7	-92.7	45	0
AL031905	UNNAMED	1905	09	29	06	00	29.2	-92.6	45	0
AL031905	UNNAMED	1905	09	29	10	00	29.6	-92.6	45	0
AL031905	UNNAMED	1905	09	29	12	00	29.8	-92.5	40	0
AL031905	UNNAMED	1905	09	29	18	00	30.6	-91.8	35	0
AL031905	UNNAMED	1905	09	30	00	00	31.7	-90.9	35	0
AL031905	UNNAMED	1905	09	30	06	00	33	-91.2	35	0
AL031905	UNNAMED	1905	09	30	12	00	34.1	-92	35	0
AL031905	UNNAMED	1905	09	30	18	00	34.8	-93.4	30	0
