id,name,year,month,day,hour,minute,lat,lon,max_sustained_wind_kts,sshws
AL031937,UNNAMED,1937,08,24,12,00,17.5,-61,30,0
AL031937,UNNAMED,1937,08,24,18,00,18.2,-62.1,30,0
AL031937,UNNAMED,1937,08,25,00,00,18.9,-63.1,35,0
AL031937,UNNAMED,1937,08,25,06,00,19.6,-64.1,35,0
AL031937,UNNAMED,1937,08,25,12,00,20.3,-65.1,35,0
AL031937,UNNAMED,1937,08,25,18,00,20.8,-66.2,35,0
AL031937,UNNAMED,1937,08,26,00,00,21.4,-67.3,35,0
AL031937,UNNAMED,1937,08,26,06,00,21.9,-68.5,35,0
AL031937,UNNAMED,1937,08,26,12,00,22.4,-69.7,35,0
AL031937,UNNAMED,1937,08,26,18,00,22.9,-70.8,35,0
AL031937,UNNAMED,1937,08,27,00,00,23.5,-71.8,35,0
AL031937,UNNAMED,1937,08,27,06,00,24,-72.8,35,0
AL031937,UNNAMED,1937,08,27,12,00,24.4,-73.7,35,0
AL031937,UNNAMED,1937,08,27,18,00,24.5,-74.5,35,0
AL031937,UNNAMED,1937,08,28,00,00,24.5,-75.2,35,0
AL031937,UNNAMED,1937,08,28,06,00,24.5,-75.9,35,0
AL031937,UNNAMED,1937,08,28,12,00,24.5,-76.5,40,0
AL031937,UNNAMED,1937,08,28,18,00,24.8,-77.1,40,0
AL031937,UNNAMED,1937,08,29,00,00,25.5,-77.7,40,0
AL031937,UNNAMED,1937,08,29,06,00,26.2,-78.2,40,0
AL031937,UNNAMED,1937,08,29,12,00,26.8,-78.6,45,0
AL031937,UNNAMED,1937,08,29,18,00,27.5,-78.9,45,0
AL031937,UNNAMED,1937,08,30,00,00,28.1,-79.2,50,0
AL031937,UNNAMED,1937,08,30,06,00,28.6,-79.7,55,0
AL031937,UNNAMED,1937,08,30,12,00,29,-80.5,60,0
AL031937,UNNAMED,1937,08,30,14,00,29.1,-80.9,60,0
AL031937,UNNAMED,1937,08,30,18,00,29.3,-81.7,50,0
AL031937,UNNAMED,1937,08,31,00,00,29.6,-82.9,45,0
AL031937,UNNAMED,1937,08,31,06,00,30.1,-84.1,40,0
AL031937,UNNAMED,1937,08,31,12,00,30.5,-85.2,35,0
AL031937,UNNAMED,1937,08,31,18,00,31,-86.1,35,0
AL031937,UNNAMED,1937,09,01,00,00,31.4,-86.9,30,0
AL031937,UNNAMED,1937,09,01,06,00,31.9,-87.9,30,0
AL031937,UNNAMED,1937,09,01,12,00,32.3,-88.8,25,0
AL031937,UNNAMED,1937,09,01,18,00,32.9,-89.7,25,0
AL031937,UNNAMED,1937,09,02,00,00,33.6,-90.6,20,0
AL031937,UNNAMED,1937,09,02,06,00,34.2,-91.3,20,0
AL031937,UNNAMED,1937,09,02,12,00,34.8,-92,20,0
AL031937,UNNAMED,1937,09,02,18,00,35.5,-92.7,20,0
