AL031996	CESAR	1996	07	24	18	00	11.8	-62.6	25	0
AL031996	CESAR	1996	07	25	00	00	11.9	-64.7	25	0
AL031996	CESAR	1996	07	25	06	00	11.9	-66.5	30	0
AL031996	CESAR	1996	07	25	12	00	12.1	-68.1	40	0
AL031996	CESAR	1996	07	25	18	00	12.3	-69.6	40	0
AL031996	CESAR	1996	07	26	00	00	12.4	-71	40	0
AL031996	CESAR	1996	07	26	06	00	12.4	-72.7	40	0
AL031996	CESAR	1996	07	26	12	00	12.3	-74.5	45	0
AL031996	CESAR	1996	07	26	18	00	11.9	-76.1	50	0
AL031996	CESAR	1996	07	27	00	00	11.7	-77.2	50	0
AL031996	CESAR	1996	07	27	06	00	11.6	-78.1	60	0
AL031996	CESAR	1996	07	27	12	00	11.6	-79.5	70	1
AL031996	CESAR	1996	07	27	18	00	11.8	-81	65	1
AL031996	CESAR	1996	07	28	00	00	12	-82.6	70	1
AL031996	CESAR	1996	07	28	04	00	12.2	-83.9	75	1
AL031996	CESAR	1996	07	28	06	00	12.3	-84.2	70	1
AL031996	CESAR	1996	07	28	12	00	12.7	-86.2	50	0
AL031996	CESAR	1996	07	28	18	00	13.1	-87.9	35	0
