id,name,year,month,day,hour,minute,lat,lon,max_sustained_wind_kts,sshws
AL031987,UNNAMED,1987,08,09,12,00,26.3,-93.6,30,0
AL031987,UNNAMED,1987,08,09,18,00,27.3,-94,35,0
AL031987,UNNAMED,1987,08,10,00,00,28.4,-94.4,40,0
AL031987,UNNAMED,1987,08,10,06,00,29.5,-94.5,40,0
AL031987,UNNAMED,1987,08,10,12,00,30.5,-94.5,40,0
AL031987,UNNAMED,1987,08,10,18,00,31.3,-94.1,30,0
AL031987,UNNAMED,1987,08,11,00,00,31.8,-93.5,25,0
AL031987,UNNAMED,1987,08,11,06,00,32.3,-92.7,25,0
AL031987,UNNAMED,1987,08,11,12,00,32.3,-91.8,25,0
AL031987,UNNAMED,1987,08,11,18,00,32.2,-91.2,25,0
AL031987,UNNAMED,1987,08,12,00,00,32.1,-90.6,25,0
AL031987,UNNAMED,1987,08,12,06,00,32,-90.2,25,0
AL031987,UNNAMED,1987,08,12,12,00,32,-89.7,25,0
AL031987,UNNAMED,1987,08,12,18,00,32,-89.3,20,0
AL031987,UNNAMED,1987,08,13,00,00,31.9,-88.8,20,0
AL031987,UNNAMED,1987,08,13,06,00,31.8,-88.4,20,0
AL031987,UNNAMED,1987,08,13,12,00,31.7,-88,20,0
AL031987,UNNAMED,1987,08,13,18,00,31.5,-87.7,15,0
AL031987,UNNAMED,1987,08,14,00,00,31.3,-87.4,15,0
AL031987,UNNAMED,1987,08,14,06,00,31.1,-87.1,15,0
AL031987,UNNAMED,1987,08,14,12,00,30.8,-86.8,15,0
AL031987,UNNAMED,1987,08,14,18,00,30.6,-86.6,15,0
AL031987,UNNAMED,1987,08,15,00,00,30.3,-86.3,15,0
AL031987,UNNAMED,1987,08,15,06,00,30,-86,15,0
AL031987,UNNAMED,1987,08,15,12,00,29.8,-85.6,15,0
AL031987,UNNAMED,1987,08,15,18,00,29.7,-85,15,0
AL031987,UNNAMED,1987,08,16,00,00,29.8,-84.5,15,0
AL031987,UNNAMED,1987,08,16,06,00,30.2,-84,15,0
AL031987,UNNAMED,1987,08,16,12,00,30.5,-83.7,15,0
AL031987,UNNAMED,1987,08,16,18,00,30.9,-83.2,10,0
AL031987,UNNAMED,1987,08,17,00,00,31.4,-82.9,10,0
AL031987,UNNAMED,1987,08,17,06,00,31.8,-82.3,10,0
