AL032009	BILL	2009	08	15	06	00	11.8	-32	30	0
AL032009	BILL	2009	08	15	12	00	11.5	-33.3	30	0
AL032009	BILL	2009	08	15	18	00	11.2	-34.5	35	0
AL032009	BILL	2009	08	16	00	00	11.2	-35.5	35	0
AL032009	BILL	2009	08	16	06	00	11.5	-36.5	40	0
AL032009	BILL	2009	08	16	12	00	12	-37.8	50	0
AL032009	BILL	2009	08	16	18	00	12.6	-39.4	55	0
AL032009	BILL	2009	08	17	00	00	13.1	-41.3	60	0
AL032009	BILL	2009	08	17	06	00	13.5	-43.2	65	1
AL032009	BILL	2009	08	17	12	00	13.9	-44.6	75	1
AL032009	BILL	2009	08	17	18	00	14.4	-46	80	1
AL032009	BILL	2009	08	18	00	00	14.8	-47.5	85	2
AL032009	BILL	2009	08	18	06	00	15.3	-49	90	2
AL032009	BILL	2009	08	18	12	00	15.7	-50.3	95	2
AL032009	BILL	2009	08	18	18	00	16.2	-51.7	100	3
AL032009	BILL	2009	08	19	00	00	16.9	-52.9	105	3
AL032009	BILL	2009	08	19	06	00	17.6	-54.2	115	4
AL032009	BILL	2009	08	19	12	00	18.3	-55.6	115	4
AL032009	BILL	2009	08	19	18	00	19.3	-56.9	115	4
AL032009	BILL	2009	08	20	00	00	20.2	-58.2	115	4
AL032009	BILL	2009	08	20	06	00	21.1	-59.6	115	4
AL032009	BILL	2009	08	20	12	00	22.1	-61	105	3
AL032009	BILL	2009	08	20	18	00	23.1	-62.4	110	3
AL032009	BILL	2009	08	21	00	00	24.1	-63.7	110	3
AL032009	BILL	2009	08	21	06	00	25.5	-64.9	105	3
AL032009	BILL	2009	08	21	12	00	27.1	-66	100	3
AL032009	BILL	2009	08	21	18	00	28.6	-66.9	95	2
AL032009	BILL	2009	08	22	00	00	30.4	-67.6	90	2
AL032009	BILL	2009	08	22	06	00	32.3	-68.4	90	2
AL032009	BILL	2009	08	22	12	00	34.1	-68.8	85	2
AL032009	BILL	2009	08	22	18	00	36	-68.9	80	1
AL032009	BILL	2009	08	23	00	00	38.1	-68.4	80	1
AL032009	BILL	2009	08	23	06	00	40.1	-67.3	75	1
AL032009	BILL	2009	08	23	12	00	42.4	-65.4	70	1
AL032009	BILL	2009	08	23	18	00	44.4	-62.5	65	1
AL032009	BILL	2009	08	24	00	00	46.3	-57.9	65	1
AL032009	BILL	2009	08	24	02	00	46.8	-56.4	60	0
AL032009	BILL	2009	08	24	03	00	46.9	-56	60	0
AL032009	BILL	2009	08	24	06	00	48	-53	60	0
AL032009	BILL	2009	08	24	12	00	49.2	-47.2	60	0
AL032009	BILL	2009	08	24	18	00	50	-41.2	60	0
AL032009	BILL	2009	08	25	00	00	50.3	-35.4	60	0
AL032009	BILL	2009	08	25	06	00	50.7	-29.6	60	0
AL032009	BILL	2009	08	25	12	00	51.2	-23.8	60	0
AL032009	BILL	2009	08	25	18	00	52	-18	50	0
AL032009	BILL	2009	08	26	00	00	53	-13	40	0
