AL031957	BERTHA	1957	08	08	18	00	27	-88.9	35	0
AL031957	BERTHA	1957	08	09	00	00	27.4	-89.5	40	0
AL031957	BERTHA	1957	08	09	06	00	27.9	-90.4	60	0
AL031957	BERTHA	1957	08	09	12	00	28.3	-91.3	60	0
AL031957	BERTHA	1957	08	09	18	00	29	-92.3	60	0
AL031957	BERTHA	1957	08	10	00	00	29.7	-93.3	60	0
AL031957	BERTHA	1957	08	10	06	00	30.2	-94.1	45	0
AL031957	BERTHA	1957	08	10	12	00	30.6	-94.8	30	0
AL031957	BERTHA	1957	08	10	18	00	31.1	-95.1	25	0
AL031957	BERTHA	1957	08	11	00	00	31.8	-95.2	25	0
AL031957	BERTHA	1957	08	11	06	00	32.7	-95.2	25	0
AL031957	BERTHA	1957	08	11	12	00	33.6	-95.2	25	0
AL031957	BERTHA	1957	08	11	18	00	34.7	-95.2	25	0
