AL032012	CHRIS	2012	06	17	00	00	28.8	-68.8	20	0
AL032012	CHRIS	2012	06	17	06	00	29.3	-66.9	25	0
AL032012	CHRIS	2012	06	17	12	00	30.4	-65.4	30	0
AL032012	CHRIS	2012	06	17	18	00	31.8	-64.2	35	0
AL032012	CHRIS	2012	06	18	00	00	33.4	-63.5	35	0
AL032012	CHRIS	2012	06	18	06	00	35.1	-62.8	35	0
AL032012	CHRIS	2012	06	18	12	00	36.7	-62	35	0
AL032012	CHRIS	2012	06	18	18	00	38	-61.3	40	0
AL032012	CHRIS	2012	06	19	00	00	38.6	-60.4	40	0
AL032012	CHRIS	2012	06	19	06	00	39.1	-59.6	40	0
AL032012	CHRIS	2012	06	19	12	00	39.4	-58.7	40	0
AL032012	CHRIS	2012	06	19	18	00	39.5	-58	40	0
AL032012	CHRIS	2012	06	20	00	00	38.9	-56.7	40	0
AL032012	CHRIS	2012	06	20	06	00	38.3	-54.7	40	0
AL032012	CHRIS	2012	06	20	12	00	38.1	-52.5	45	0
AL032012	CHRIS	2012	06	20	18	00	38.2	-50.2	50	0
AL032012	CHRIS	2012	06	21	00	00	38.6	-47.5	60	0
AL032012	CHRIS	2012	06	21	06	00	39.5	-45.5	70	1
AL032012	CHRIS	2012	06	21	12	00	40.5	-43.9	75	1
AL032012	CHRIS	2012	06	21	18	00	41.9	-42.9	70	1
AL032012	CHRIS	2012	06	22	00	00	43.3	-42.8	60	0
AL032012	CHRIS	2012	06	22	06	00	44.5	-43.9	50	0
AL032012	CHRIS	2012	06	22	12	00	44.8	-45.8	45	0
AL032012	CHRIS	2012	06	22	18	00	44.2	-47.8	40	0
AL032012	CHRIS	2012	06	23	00	00	42.6	-48.4	35	0
AL032012	CHRIS	2012	06	23	06	00	40.9	-47.4	35	0
AL032012	CHRIS	2012	06	23	12	00	40	-45	35	0
AL032012	CHRIS	2012	06	23	18	00	40.5	-42.5	30	0
AL032012	CHRIS	2012	06	24	00	00	41.4	-40.2	30	0
AL032012	CHRIS	2012	06	24	06	00	42.9	-38.5	25	0
AL032012	CHRIS	2012	06	24	12	00	43.7	-38.2	20	0
