id,name,year,month,day,hour,minute,lat,lon,max_sustained_wind_kts,sshws
AL032008,CRISTOBAL,2008,07,19,00,00,31.7,-79.8,25,0
AL032008,CRISTOBAL,2008,07,19,06,00,32.2,-79.4,25,0
AL032008,CRISTOBAL,2008,07,19,12,00,32.4,-78.8,35,0
AL032008,CRISTOBAL,2008,07,19,18,00,32.8,-78.2,45,0
AL032008,CRISTOBAL,2008,07,20,00,00,33.2,-77.8,45,0
AL032008,CRISTOBAL,2008,07,20,06,00,33.7,-77.4,45,0
AL032008,CRISTOBAL,2008,07,20,12,00,34.1,-76.7,45,0
AL032008,CRISTOBAL,2008,07,20,18,00,34.5,-76.1,45,0
AL032008,CRISTOBAL,2008,07,21,00,00,34.9,-75.4,45,0
AL032008,CRISTOBAL,2008,07,21,06,00,35.6,-74.3,50,0
AL032008,CRISTOBAL,2008,07,21,12,00,36.2,-73.2,55,0
AL032008,CRISTOBAL,2008,07,21,18,00,36.8,-72,55,0
AL032008,CRISTOBAL,2008,07,22,00,00,37.4,-70.7,55,0
AL032008,CRISTOBAL,2008,07,22,06,00,38.4,-69.2,55,0
AL032008,CRISTOBAL,2008,07,22,12,00,40,-67,55,0
AL032008,CRISTOBAL,2008,07,22,18,00,41.7,-64.2,50,0
AL032008,CRISTOBAL,2008,07,23,00,00,43.3,-60.7,45,0
AL032008,CRISTOBAL,2008,07,23,06,00,44.4,-57.5,40,0
