AL031891	UNNAMED	1891	08	18	12	00	13.3	-58	90	2
AL031891	UNNAMED	1891	08	18	18	00	13.9	-59.4	100	3
AL031891	UNNAMED	1891	08	19	00	00	14.7	-61.1	110	3
AL031891	UNNAMED	1891	08	19	06	00	15.3	-62.5	110	3
AL031891	UNNAMED	1891	08	19	12	00	16	-64	105	3
AL031891	UNNAMED	1891	08	19	18	00	16.5	-65	100	3
AL031891	UNNAMED	1891	08	20	00	00	17	-66.1	95	2
AL031891	UNNAMED	1891	08	20	06	00	17.5	-67.1	90	2
AL031891	UNNAMED	1891	08	20	12	00	18	-68	85	2
AL031891	UNNAMED	1891	08	20	18	00	18.7	-68.4	85	2
AL031891	UNNAMED	1891	08	21	00	00	19.6	-68.6	85	2
AL031891	UNNAMED	1891	08	21	06	00	20.3	-68.9	85	2
AL031891	UNNAMED	1891	08	21	12	00	21	-69.5	85	2
AL031891	UNNAMED	1891	08	21	18	00	21.5	-70.2	85	2
AL031891	UNNAMED	1891	08	22	00	00	21.8	-71	85	2
AL031891	UNNAMED	1891	08	22	06	00	22.1	-71.7	85	2
AL031891	UNNAMED	1891	08	22	12	00	22.5	-72.6	85	2
AL031891	UNNAMED	1891	08	22	18	00	22.9	-73.5	85	2
AL031891	UNNAMED	1891	08	23	00	00	23.3	-74.5	85	2
AL031891	UNNAMED	1891	08	23	06	00	23.8	-75.5	85	2
AL031891	UNNAMED	1891	08	23	12	00	24.3	-76.7	85	2
AL031891	UNNAMED	1891	08	23	18	00	24.6	-77.5	85	2
AL031891	UNNAMED	1891	08	24	00	00	24.8	-78.2	80	1
AL031891	UNNAMED	1891	08	24	06	00	25.1	-78.9	75	1
AL031891	UNNAMED	1891	08	24	12	00	25.3	-79.7	70	1
AL031891	UNNAMED	1891	08	24	15	00	25.4	-80.2	70	1
AL031891	UNNAMED	1891	08	24	18	00	25.5	-80.6	55	0
AL031891	UNNAMED	1891	08	25	00	00	25.8	-81.5	50	0
AL031891	UNNAMED	1891	08	25	06	00	26	-82.6	45	0
AL031891	UNNAMED	1891	08	25	12	00	26.2	-83.7	40	0
AL031891	UNNAMED	1891	08	25	18	00	26.2	-84.8	35	0
