id,name,year,month,day,hour,minute,lat,lon,max_sustained_wind_kts,sshws
AL031974,UNNAMED,1974,07,13,12,00,28.5,-87,20,0
AL031974,UNNAMED,1974,07,13,18,00,28.2,-87.3,20,0
AL031974,UNNAMED,1974,07,14,00,00,28,-87.7,25,0
AL031974,UNNAMED,1974,07,14,06,00,27.7,-88.1,25,0
AL031974,UNNAMED,1974,07,14,12,00,27.5,-88.5,25,0
AL031974,UNNAMED,1974,07,14,18,00,27.3,-89.2,25,0
AL031974,UNNAMED,1974,07,15,00,00,27,-89.8,25,0
AL031974,UNNAMED,1974,07,15,06,00,26.8,-90.4,25,0
AL031974,UNNAMED,1974,07,15,12,00,26.5,-91,30,0
AL031974,UNNAMED,1974,07,15,18,00,26.2,-91.6,30,0
AL031974,UNNAMED,1974,07,16,00,00,26,-92.2,30,0
AL031974,UNNAMED,1974,07,16,06,00,25.7,-92.8,30,0
AL031974,UNNAMED,1974,07,16,12,00,25.5,-93.5,30,0
AL031974,UNNAMED,1974,07,16,18,00,26.2,-93.7,30,0
AL031974,UNNAMED,1974,07,17,00,00,27,-93.8,30,0
AL031974,UNNAMED,1974,07,17,06,00,27.8,-93.9,30,0
AL031974,UNNAMED,1974,07,17,12,00,28.5,-94,25,0
AL031974,UNNAMED,1974,07,17,18,00,29.5,-94.5,-99,0
