id,name,year,month,day,hour,minute,lat,lon,max_sustained_wind_kts,sshws
AL031907,UNNAMED,1907,09,27,06,00,22.3,-94.1,35,0
AL031907,UNNAMED,1907,09,27,12,00,23.3,-93.3,35,0
AL031907,UNNAMED,1907,09,27,18,00,24.5,-92.5,35,0
AL031907,UNNAMED,1907,09,28,00,00,25.7,-91.3,35,0
AL031907,UNNAMED,1907,09,28,06,00,27,-90,35,0
AL031907,UNNAMED,1907,09,28,12,00,28.3,-88.5,40,0
AL031907,UNNAMED,1907,09,28,18,00,29.6,-86.6,45,0
AL031907,UNNAMED,1907,09,28,20,00,30.1,-85.7,45,0
AL031907,UNNAMED,1907,09,29,00,00,30.9,-84.3,40,0
AL031907,UNNAMED,1907,09,29,06,00,31.8,-81.9,35,0
AL031907,UNNAMED,1907,09,29,12,00,32.7,-79,35,0
AL031907,UNNAMED,1907,09,29,18,00,34,-75.5,30,0
AL031907,UNNAMED,1907,09,30,00,00,35.5,-71.5,30,0
