AL031899	UNNAMED	1899	08	03	00	00	11.7	-31	35	0
AL031899	UNNAMED	1899	08	03	06	00	11.8	-32.4	45	0
AL031899	UNNAMED	1899	08	03	12	00	12	-34	50	0
AL031899	UNNAMED	1899	08	03	18	00	12.2	-35.7	55	0
AL031899	UNNAMED	1899	08	04	00	00	12.4	-37.4	60	0
AL031899	UNNAMED	1899	08	04	06	00	12.6	-38.8	60	0
AL031899	UNNAMED	1899	08	04	12	00	12.7	-40.3	60	0
AL031899	UNNAMED	1899	08	04	18	00	13	-42	60	0
AL031899	UNNAMED	1899	08	05	00	00	13.5	-44	60	0
AL031899	UNNAMED	1899	08	05	06	00	13.7	-45.5	60	0
AL031899	UNNAMED	1899	08	05	12	00	14	-47	60	0
AL031899	UNNAMED	1899	08	05	18	00	14.3	-48.7	65	1
AL031899	UNNAMED	1899	08	06	00	00	14.6	-50.6	70	1
AL031899	UNNAMED	1899	08	06	06	00	14.8	-52.4	75	1
AL031899	UNNAMED	1899	08	06	12	00	15.1	-54.2	80	1
AL031899	UNNAMED	1899	08	06	18	00	15.4	-55.8	90	2
AL031899	UNNAMED	1899	08	07	00	00	15.7	-57.4	100	3
AL031899	UNNAMED	1899	08	07	06	00	15.9	-59	110	3
AL031899	UNNAMED	1899	08	07	12	00	16.2	-60.5	120	4
AL031899	UNNAMED	1899	08	07	18	00	16.5	-62	130	4
AL031899	UNNAMED	1899	08	08	00	00	16.9	-63.4	130	4
AL031899	UNNAMED	1899	08	08	06	00	17.4	-64.8	125	4
AL031899	UNNAMED	1899	08	08	12	00	18	-66.2	120	4
AL031899	UNNAMED	1899	08	08	18	00	18.6	-67.3	105	3
AL031899	UNNAMED	1899	08	09	00	00	18.9	-68.1	105	3
AL031899	UNNAMED	1899	08	09	06	00	19.3	-68.9	105	3
AL031899	UNNAMED	1899	08	09	12	00	19.7	-69.8	105	3
AL031899	UNNAMED	1899	08	09	18	00	20.1	-70.6	105	3
AL031899	UNNAMED	1899	08	10	00	00	20.4	-71.4	105	3
AL031899	UNNAMED	1899	08	10	06	00	20.7	-72.2	105	3
AL031899	UNNAMED	1899	08	10	12	00	21	-73	105	3
AL031899	UNNAMED	1899	08	10	18	00	21.4	-73.7	105	3
AL031899	UNNAMED	1899	08	11	00	00	22	-74.5	105	3
AL031899	UNNAMED	1899	08	11	06	00	22.5	-75.3	105	3
AL031899	UNNAMED	1899	08	11	12	00	23	-76	105	3
AL031899	UNNAMED	1899	08	11	18	00	23.4	-76.5	105	3
AL031899	UNNAMED	1899	08	12	00	00	23.8	-77	105	3
AL031899	UNNAMED	1899	08	12	06	00	24.2	-77.4	105	3
AL031899	UNNAMED	1899	08	12	12	00	24.5	-77.7	105	3
AL031899	UNNAMED	1899	08	12	18	00	25.1	-78	105	3
AL031899	UNNAMED	1899	08	13	00	00	25.6	-78.2	105	3
AL031899	UNNAMED	1899	08	13	06	00	26.2	-78.4	105	3
AL031899	UNNAMED	1899	08	13	12	00	27	-78.6	105	3
AL031899	UNNAMED	1899	08	13	18	00	27.6	-78.8	105	3
AL031899	UNNAMED	1899	08	14	00	00	28.3	-79	105	3
AL031899	UNNAMED	1899	08	14	06	00	29	-79.1	105	3
AL031899	UNNAMED	1899	08	14	12	00	29.7	-79	105	3
AL031899	UNNAMED	1899	08	14	18	00	30.3	-78.9	105	3
AL031899	UNNAMED	1899	08	15	00	00	30.9	-78.7	105	3
AL031899	UNNAMED	1899	08	15	06	00	31.3	-78.4	105	3
AL031899	UNNAMED	1899	08	15	12	00	31.7	-78	105	3
AL031899	UNNAMED	1899	08	15	18	00	32.2	-77.5	105	3
AL031899	UNNAMED	1899	08	16	00	00	32.6	-76.9	105	3
AL031899	UNNAMED	1899	08	16	06	00	32.8	-76.2	105	3
AL031899	UNNAMED	1899	08	16	12	00	33	-75.5	105	3
AL031899	UNNAMED	1899	08	16	18	00	33.3	-75	105	3
AL031899	UNNAMED	1899	08	17	00	00	33.7	-74.6	105	3
AL031899	UNNAMED	1899	08	17	06	00	34.1	-74.4	105	3
AL031899	UNNAMED	1899	08	17	12	00	34.5	-74.5	105	3
AL031899	UNNAMED	1899	08	17	18	00	34.8	-75	105	3
AL031899	UNNAMED	1899	08	18	00	00	35.1	-75.7	105	3
AL031899	UNNAMED	1899	08	18	01	00	35.2	-75.8	105	3
AL031899	UNNAMED	1899	08	18	06	00	35.7	-76	90	2
AL031899	UNNAMED	1899	08	18	12	00	36.3	-75.7	80	1
AL031899	UNNAMED	1899	08	18	18	00	36.4	-75.5	75	1
AL031899	UNNAMED	1899	08	19	00	00	36.4	-75.3	75	1
AL031899	UNNAMED	1899	08	19	06	00	36.4	-75	70	1
AL031899	UNNAMED	1899	08	19	12	00	36.5	-74.7	70	1
AL031899	UNNAMED	1899	08	19	18	00	37	-74	70	1
AL031899	UNNAMED	1899	08	20	00	00	37.7	-72.9	70	1
AL031899	UNNAMED	1899	08	20	06	00	38.3	-71.9	70	1
AL031899	UNNAMED	1899	08	20	12	00	38.8	-70.7	70	1
AL031899	UNNAMED	1899	08	20	18	00	39.3	-69	70	1
AL031899	UNNAMED	1899	08	21	00	00	39.4	-67.3	70	1
AL031899	UNNAMED	1899	08	21	06	00	39.5	-65.4	70	1
AL031899	UNNAMED	1899	08	21	12	00	39.7	-63.5	70	1
AL031899	UNNAMED	1899	08	21	18	00	39.5	-61.3	65	1
AL031899	UNNAMED	1899	08	22	00	00	39.3	-58.9	60	0
AL031899	UNNAMED	1899	08	22	06	00	39.1	-56.5	55	0
AL031899	UNNAMED	1899	08	22	12	00	38.7	-54.3	50	0
AL031899	UNNAMED	1899	08	22	18	00	38.3	-52.9	50	0
AL031899	UNNAMED	1899	08	23	00	00	37.9	-52	50	0
AL031899	UNNAMED	1899	08	23	06	00	37.3	-50.9	45	0
AL031899	UNNAMED	1899	08	23	12	00	36.7	-50	45	0
AL031899	UNNAMED	1899	08	23	18	00	36	-49	45	0
AL031899	UNNAMED	1899	08	24	00	00	35.4	-48.2	45	0
AL031899	UNNAMED	1899	08	24	06	00	34.7	-47.2	40	0
AL031899	UNNAMED	1899	08	24	12	00	34.3	-46	40	0
AL031899	UNNAMED	1899	08	24	18	00	34.2	-45	40	0
AL031899	UNNAMED	1899	08	25	00	00	34.3	-44.1	40	0
AL031899	UNNAMED	1899	08	25	06	00	34.6	-43.3	40	0
AL031899	UNNAMED	1899	08	25	12	00	35.3	-43	40	0
AL031899	UNNAMED	1899	08	25	18	00	35.6	-43	40	0
AL031899	UNNAMED	1899	08	26	00	00	36	-43.2	40	0
AL031899	UNNAMED	1899	08	26	06	00	36.3	-43.3	40	0
AL031899	UNNAMED	1899	08	26	12	00	36.5	-43.5	40	0
AL031899	UNNAMED	1899	08	26	18	00	36.8	-43.7	40	0
AL031899	UNNAMED	1899	08	27	00	00	37.2	-44	40	0
AL031899	UNNAMED	1899	08	27	06	00	37.5	-44.2	40	0
AL031899	UNNAMED	1899	08	27	12	00	37.7	-44.5	40	0
AL031899	UNNAMED	1899	08	27	18	00	38.2	-44.7	40	0
AL031899	UNNAMED	1899	08	28	00	00	38.7	-44.9	40	0
AL031899	UNNAMED	1899	08	28	06	00	39.4	-45	40	0
AL031899	UNNAMED	1899	08	28	12	00	40	-45	40	0
AL031899	UNNAMED	1899	08	28	18	00	40.3	-44.7	40	0
AL031899	UNNAMED	1899	08	29	00	00	40.6	-44.1	40	0
AL031899	UNNAMED	1899	08	29	06	00	40.6	-43.5	40	0
AL031899	UNNAMED	1899	08	29	12	00	40.5	-43	40	0
AL031899	UNNAMED	1899	08	29	18	00	40.5	-42.7	40	0
AL031899	UNNAMED	1899	08	30	00	00	40.5	-42.3	40	0
AL031899	UNNAMED	1899	08	30	06	00	40.5	-41.9	40	0
AL031899	UNNAMED	1899	08	30	12	00	40.3	-41.5	40	0
AL031899	UNNAMED	1899	08	30	18	00	40.2	-41.2	40	0
AL031899	UNNAMED	1899	08	31	00	00	40.1	-40.9	40	0
AL031899	UNNAMED	1899	08	31	06	00	40	-40.5	40	0
AL031899	UNNAMED	1899	08	31	12	00	40	-40	40	0
AL031899	UNNAMED	1899	08	31	18	00	39.9	-39.3	40	0
AL031899	UNNAMED	1899	09	01	00	00	39.9	-38.7	40	0
AL031899	UNNAMED	1899	09	01	06	00	39.9	-37.9	40	0
AL031899	UNNAMED	1899	09	01	12	00	40	-37	40	0
AL031899	UNNAMED	1899	09	01	18	00	39.9	-35.7	40	0
AL031899	UNNAMED	1899	09	02	00	00	39.7	-34.7	45	0
AL031899	UNNAMED	1899	09	02	06	00	39.5	-33.3	50	0
AL031899	UNNAMED	1899	09	02	12	00	39	-32	55	0
AL031899	UNNAMED	1899	09	02	18	00	38.3	-31.1	60	0
AL031899	UNNAMED	1899	09	03	00	00	37.9	-30.5	65	1
AL031899	UNNAMED	1899	09	03	06	00	37.5	-29.6	70	1
AL031899	UNNAMED	1899	09	03	12	00	37.3	-28.7	70	1
AL031899	UNNAMED	1899	09	03	18	00	37.8	-27.5	65	1
AL031899	UNNAMED	1899	09	04	00	00	39	-25.5	60	0
AL031899	UNNAMED	1899	09	04	06	00	41.5	-22.5	55	0
AL031899	UNNAMED	1899	09	04	12	00	45	-18.5	50	0
AL031899	UNNAMED	1899	09	04	18	00	49	-15.5	45	0
