AL031876	UNNAMED	1876	09	16	00	00	19	-57.8	50	0
AL031876	UNNAMED	1876	09	16	06	00	20.6	-58.3	50	0
AL031876	UNNAMED	1876	09	16	12	00	21.5	-58.9	50	0
AL031876	UNNAMED	1876	09	16	18	00	22.7	-59.5	50	0
AL031876	UNNAMED	1876	09	17	00	00	24.4	-60.2	50	0
AL031876	UNNAMED	1876	09	17	06	00	26.2	-60.7	50	0
AL031876	UNNAMED	1876	09	17	12	00	28	-61	50	0
AL031876	UNNAMED	1876	09	17	18	00	29.9	-61.1	50	0
AL031876	UNNAMED	1876	09	18	00	00	31.8	-60.9	50	0
AL031876	UNNAMED	1876	09	18	06	00	33.5	-60.3	50	0
AL031876	UNNAMED	1876	09	18	12	00	35.5	-59.5	50	0
AL031876	UNNAMED	1876	09	18	18	00	37.2	-58.3	50	0
