AL031941	UNNAMED	1941	09	18	00	00	26.8	-78.7	30	0
AL031941	UNNAMED	1941	09	18	06	00	27.8	-78.6	30	0
AL031941	UNNAMED	1941	09	18	12	00	28.5	-78.5	30	0
AL031941	UNNAMED	1941	09	18	18	00	29	-78.4	30	0
AL031941	UNNAMED	1941	09	19	00	00	29.1	-78.2	35	0
AL031941	UNNAMED	1941	09	19	06	00	29.2	-77.5	35	0
AL031941	UNNAMED	1941	09	19	12	00	29.3	-76.3	40	0
AL031941	UNNAMED	1941	09	19	18	00	29.4	-74.8	45	0
AL031941	UNNAMED	1941	09	20	00	00	29.6	-73.3	50	0
AL031941	UNNAMED	1941	09	20	06	00	29.8	-71.8	55	0
AL031941	UNNAMED	1941	09	20	12	00	29.9	-70.7	60	0
AL031941	UNNAMED	1941	09	20	18	00	29.8	-70.6	60	0
AL031941	UNNAMED	1941	09	21	00	00	29.7	-70.6	60	0
AL031941	UNNAMED	1941	09	21	06	00	29.5	-70.7	60	0
AL031941	UNNAMED	1941	09	21	12	00	29.4	-70.8	60	0
AL031941	UNNAMED	1941	09	21	18	00	29.5	-71.4	60	0
AL031941	UNNAMED	1941	09	22	00	00	29.9	-72.4	65	1
AL031941	UNNAMED	1941	09	22	06	00	30.4	-73.3	70	1
AL031941	UNNAMED	1941	09	22	12	00	31.2	-73.8	70	1
AL031941	UNNAMED	1941	09	22	18	00	32.1	-73.5	70	1
AL031941	UNNAMED	1941	09	23	00	00	33.1	-73.6	70	1
AL031941	UNNAMED	1941	09	23	06	00	34.1	-73.4	65	1
AL031941	UNNAMED	1941	09	23	12	00	35	-72.8	65	1
AL031941	UNNAMED	1941	09	23	18	00	35.9	-71.7	65	1
AL031941	UNNAMED	1941	09	24	00	00	36.6	-70.7	60	0
AL031941	UNNAMED	1941	09	24	06	00	37.2	-70	55	0
AL031941	UNNAMED	1941	09	24	12	00	37.8	-69.5	50	0
AL031941	UNNAMED	1941	09	24	18	00	38.4	-69	45	0
AL031941	UNNAMED	1941	09	25	00	00	39	-68.5	40	0
AL031941	UNNAMED	1941	09	25	06	00	39.6	-67.7	40	0
AL031941	UNNAMED	1941	09	25	12	00	40.2	-66.9	35	0
AL031941	UNNAMED	1941	09	25	18	00	41	-66	30	0
