AL032004	CHARLEY	2004	08	09	12	00	11.4	-59.2	30	0
AL032004	CHARLEY	2004	08	09	18	00	11.7	-61.1	30	0
AL032004	CHARLEY	2004	08	10	00	00	12.2	-63.2	30	0
AL032004	CHARLEY	2004	08	10	06	00	12.9	-65.3	35	0
AL032004	CHARLEY	2004	08	10	12	00	13.8	-67.6	40	0
AL032004	CHARLEY	2004	08	10	18	00	14.9	-69.8	45	0
AL032004	CHARLEY	2004	08	11	00	00	15.6	-71.8	55	0
AL032004	CHARLEY	2004	08	11	06	00	16	-73.7	55	0
AL032004	CHARLEY	2004	08	11	12	00	16.3	-75.4	60	0
AL032004	CHARLEY	2004	08	11	18	00	16.7	-76.8	65	1
AL032004	CHARLEY	2004	08	12	00	00	17.4	-78.1	65	1
AL032004	CHARLEY	2004	08	12	06	00	18.2	-79.3	75	1
AL032004	CHARLEY	2004	08	12	12	00	19.2	-80.7	80	1
AL032004	CHARLEY	2004	08	12	18	00	20.5	-81.6	90	2
AL032004	CHARLEY	2004	08	13	00	00	21.7	-82.2	90	2
AL032004	CHARLEY	2004	08	13	04	30	22.7	-82.6	105	3
AL032004	CHARLEY	2004	08	13	06	00	23	-82.6	105	3
AL032004	CHARLEY	2004	08	13	12	00	24.4	-82.9	95	2
AL032004	CHARLEY	2004	08	13	18	00	26.1	-82.4	125	4
AL032004	CHARLEY	2004	08	13	19	45	26.6	-82.2	130	4
AL032004	CHARLEY	2004	08	13	20	45	26.9	-82.1	125	4
AL032004	CHARLEY	2004	08	14	00	00	28.1	-81.6	75	1
AL032004	CHARLEY	2004	08	14	06	00	30.1	-80.8	75	1
AL032004	CHARLEY	2004	08	14	12	00	32.3	-79.7	65	1
AL032004	CHARLEY	2004	08	14	14	00	33	-79.4	70	1
AL032004	CHARLEY	2004	08	14	16	00	33.8	-78.7	65	1
AL032004	CHARLEY	2004	08	14	18	00	34.5	-78.1	60	0
AL032004	CHARLEY	2004	08	15	00	00	36.9	-75.9	40	0
AL032004	CHARLEY	2004	08	15	06	00	39.3	-73.8	35	0
AL032004	CHARLEY	2004	08	15	12	00	41.2	-71.1	30	0
