id,name,year,month,day,hour,minute,lat,lon,max_sustained_wind_kts,sshws
AL031916,UNNAMED,1916,07,10,06,00,11.5,-52.1,30,0
AL031916,UNNAMED,1916,07,10,12,00,11.5,-53.2,30,0
AL031916,UNNAMED,1916,07,10,18,00,11.6,-54.4,30,0
AL031916,UNNAMED,1916,07,11,00,00,11.7,-55.6,30,0
AL031916,UNNAMED,1916,07,11,06,00,11.8,-56.7,30,0
AL031916,UNNAMED,1916,07,11,12,00,12,-57.8,30,0
AL031916,UNNAMED,1916,07,11,18,00,12.4,-58.8,30,0
AL031916,UNNAMED,1916,07,12,00,00,13,-59.8,35,0
AL031916,UNNAMED,1916,07,12,06,00,13.7,-60.8,35,0
AL031916,UNNAMED,1916,07,12,12,00,14.5,-61.7,35,0
AL031916,UNNAMED,1916,07,12,18,00,15.4,-62.7,35,0
AL031916,UNNAMED,1916,07,13,00,00,16.4,-63.8,35,0
AL031916,UNNAMED,1916,07,13,06,00,17.5,-65,40,0
AL031916,UNNAMED,1916,07,13,12,00,18.4,-66,45,0
AL031916,UNNAMED,1916,07,13,18,00,19.1,-66.7,45,0
AL031916,UNNAMED,1916,07,14,00,00,19.7,-67.2,50,0
AL031916,UNNAMED,1916,07,14,06,00,20.3,-67.6,50,0
AL031916,UNNAMED,1916,07,14,12,00,20.8,-68,55,0
AL031916,UNNAMED,1916,07,14,18,00,21.3,-68.3,60,0
AL031916,UNNAMED,1916,07,15,00,00,21.7,-68.5,65,1
AL031916,UNNAMED,1916,07,15,06,00,22.1,-68.6,70,1
AL031916,UNNAMED,1916,07,15,12,00,22.5,-68.7,75,1
AL031916,UNNAMED,1916,07,15,18,00,22.9,-68.8,75,1
AL031916,UNNAMED,1916,07,16,00,00,23.2,-69,80,1
AL031916,UNNAMED,1916,07,16,06,00,23.5,-69.2,85,2
AL031916,UNNAMED,1916,07,16,12,00,23.8,-69.5,90,2
AL031916,UNNAMED,1916,07,16,18,00,24,-70,90,2
AL031916,UNNAMED,1916,07,17,00,00,24.2,-70.5,90,2
AL031916,UNNAMED,1916,07,17,06,00,24.6,-71,90,2
AL031916,UNNAMED,1916,07,17,12,00,25.3,-71.5,90,2
AL031916,UNNAMED,1916,07,17,18,00,26.1,-71.9,90,2
AL031916,UNNAMED,1916,07,18,00,00,27,-72.2,90,2
AL031916,UNNAMED,1916,07,18,06,00,28,-72.5,85,2
AL031916,UNNAMED,1916,07,18,12,00,29.1,-72.8,85,2
AL031916,UNNAMED,1916,07,18,18,00,30.2,-73,80,1
AL031916,UNNAMED,1916,07,19,00,00,31.2,-73.2,80,1
AL031916,UNNAMED,1916,07,19,06,00,32.2,-73.3,75,1
AL031916,UNNAMED,1916,07,19,12,00,33.2,-73.3,75,1
AL031916,UNNAMED,1916,07,19,18,00,34.1,-73.1,75,1
AL031916,UNNAMED,1916,07,20,00,00,34.9,-72.9,75,1
AL031916,UNNAMED,1916,07,20,06,00,35.7,-72.7,75,1
AL031916,UNNAMED,1916,07,20,12,00,36.6,-72.5,75,1
AL031916,UNNAMED,1916,07,20,18,00,37.6,-72.3,75,1
AL031916,UNNAMED,1916,07,21,00,00,38.8,-72.1,70,1
AL031916,UNNAMED,1916,07,21,06,00,39.9,-71.8,65,1
AL031916,UNNAMED,1916,07,21,12,00,41.1,-71.4,60,0
AL031916,UNNAMED,1916,07,21,13,00,41.4,-71.2,60,0
AL031916,UNNAMED,1916,07,21,18,00,43,-70.4,45,0
AL031916,UNNAMED,1916,07,22,00,00,44.7,-68.4,40,0
AL031916,UNNAMED,1916,07,22,06,00,46.9,-65.5,35,0
AL031916,UNNAMED,1916,07,22,12,00,48.5,-61.7,30,0
AL031916,UNNAMED,1916,07,22,18,00,51,-56.5,30,0
