id,name,year,month,day,hour,minute,lat,lon,max_sustained_wind_kts,sshws
AL031954,CAROL,1954,08,25,12,00,24,-74.9,30,0
AL031954,CAROL,1954,08,25,18,00,25.1,-75.5,40,0
AL031954,CAROL,1954,08,26,00,00,26.1,-76,45,0
AL031954,CAROL,1954,08,26,06,00,27,-76.3,55,0
AL031954,CAROL,1954,08,26,12,00,27.7,-76.4,60,0
AL031954,CAROL,1954,08,26,18,00,28.4,-76.3,60,0
AL031954,CAROL,1954,08,27,00,00,28.9,-76.2,70,1
AL031954,CAROL,1954,08,27,06,00,29.3,-76.3,75,1
AL031954,CAROL,1954,08,27,12,00,29.6,-76.5,80,1
AL031954,CAROL,1954,08,27,18,00,29.8,-76.6,85,2
AL031954,CAROL,1954,08,28,00,00,29.9,-76.7,85,2
AL031954,CAROL,1954,08,28,06,00,30.1,-76.9,85,2
AL031954,CAROL,1954,08,28,12,00,30.3,-77.2,85,2
AL031954,CAROL,1954,08,28,18,00,30.4,-77.4,85,2
AL031954,CAROL,1954,08,29,00,00,30.5,-77.6,85,2
AL031954,CAROL,1954,08,29,06,00,30.7,-77.8,80,1
AL031954,CAROL,1954,08,29,12,00,30.9,-77.9,80,1
AL031954,CAROL,1954,08,29,18,00,31.2,-78,80,1
AL031954,CAROL,1954,08,30,00,00,31.5,-78.1,80,1
AL031954,CAROL,1954,08,30,06,00,31.9,-78,85,2
AL031954,CAROL,1954,08,30,12,00,32.5,-77.6,85,2
AL031954,CAROL,1954,08,30,18,00,33.1,-77,85,2
AL031954,CAROL,1954,08,31,00,00,34.2,-76.1,85,2
AL031954,CAROL,1954,08,31,06,00,37.3,-74.2,85,2
AL031954,CAROL,1954,08,31,12,00,40.2,-72.9,85,2
AL031954,CAROL,1954,08,31,18,00,43.1,-71.8,75,1
AL031954,CAROL,1954,09,01,00,00,46.2,-71.1,60,0
AL031954,CAROL,1954,09,01,06,00,48.9,-71.2,50,0
