id,name,year,month,day,hour,minute,lat,lon,max_sustained_wind_kts,sshws
AL031917,UNNAMED,1917,08,30,06,00,15.5,-44.5,60,0
AL031917,UNNAMED,1917,08,30,12,00,16,-46,60,0
AL031917,UNNAMED,1917,08,30,18,00,16.5,-47.6,60,0
AL031917,UNNAMED,1917,08,31,00,00,17,-49.2,60,0
AL031917,UNNAMED,1917,08,31,06,00,17.5,-50.7,65,1
AL031917,UNNAMED,1917,08,31,12,00,18,-52,70,1
AL031917,UNNAMED,1917,08,31,18,00,18.5,-53,70,1
AL031917,UNNAMED,1917,09,01,00,00,19,-54,75,1
AL031917,UNNAMED,1917,09,01,06,00,19.6,-55,80,1
AL031917,UNNAMED,1917,09,01,12,00,20.2,-56,80,1
AL031917,UNNAMED,1917,09,01,18,00,20.7,-57,85,2
AL031917,UNNAMED,1917,09,02,00,00,21.3,-58,85,2
AL031917,UNNAMED,1917,09,02,06,00,21.9,-59,90,2
AL031917,UNNAMED,1917,09,02,12,00,22.5,-60,90,2
AL031917,UNNAMED,1917,09,02,18,00,23.1,-60.9,90,2
AL031917,UNNAMED,1917,09,03,00,00,23.8,-61.8,95,2
AL031917,UNNAMED,1917,09,03,06,00,24.6,-62.6,95,2
AL031917,UNNAMED,1917,09,03,12,00,25.5,-63.2,95,2
AL031917,UNNAMED,1917,09,03,18,00,26.6,-63.6,100,3
AL031917,UNNAMED,1917,09,04,00,00,28,-63.8,100,3
AL031917,UNNAMED,1917,09,04,06,00,29.6,-63.6,105,3
AL031917,UNNAMED,1917,09,04,12,00,31.3,-63.1,105,3
AL031917,UNNAMED,1917,09,04,18,00,32.9,-62.2,105,3
AL031917,UNNAMED,1917,09,05,00,00,34.5,-60.7,105,3
AL031917,UNNAMED,1917,09,05,06,00,36.2,-58.5,100,3
AL031917,UNNAMED,1917,09,05,12,00,37.9,-56.1,95,2
AL031917,UNNAMED,1917,09,05,18,00,40.2,-53,90,2
AL031917,UNNAMED,1917,09,06,00,00,43,-50.1,80,1
AL031917,UNNAMED,1917,09,06,06,00,46.3,-47.6,70,1
AL031917,UNNAMED,1917,09,06,12,00,49.8,-44.5,55,0
AL031917,UNNAMED,1917,09,06,18,00,53,-41,50,0
AL031917,UNNAMED,1917,09,07,00,00,55.8,-37,50,0
AL031917,UNNAMED,1917,09,07,06,00,58.5,-32.5,50,0
AL031917,UNNAMED,1917,09,07,12,00,61,-28,45,0
AL031917,UNNAMED,1917,09,07,18,00,63,-23,40,0
