id,name,year,month,day,hour,minute,lat,lon,max_sustained_wind_kts,sshws
AL031923,UNNAMED,1923,09,07,00,00,11.7,-19.4,30,0
AL031923,UNNAMED,1923,09,07,06,00,12.3,-19.7,30,0
AL031923,UNNAMED,1923,09,07,12,00,13,-20,35,0
AL031923,UNNAMED,1923,09,07,18,00,13.7,-20.3,35,0
AL031923,UNNAMED,1923,09,08,00,00,14.5,-20.7,40,0
AL031923,UNNAMED,1923,09,08,06,00,15.2,-21.1,40,0
AL031923,UNNAMED,1923,09,08,12,00,16,-21.5,45,0
AL031923,UNNAMED,1923,09,08,18,00,16.7,-22,45,0
AL031923,UNNAMED,1923,09,09,00,00,17.5,-22.6,45,0
AL031923,UNNAMED,1923,09,09,06,00,18.3,-23.3,45,0
AL031923,UNNAMED,1923,09,09,12,00,19,-24,40,0
AL031923,UNNAMED,1923,09,09,18,00,19.5,-24.7,40,0
AL031923,UNNAMED,1923,09,10,00,00,20,-25.4,35,0
AL031923,UNNAMED,1923,09,10,06,00,20.5,-26.2,35,0
AL031923,UNNAMED,1923,09,10,12,00,21,-27,35,0
AL031923,UNNAMED,1923,09,10,18,00,21.5,-27.8,30,0
AL031923,UNNAMED,1923,09,11,00,00,22,-28.6,30,0
