id,name,year,month,day,hour,minute,lat,lon,max_sustained_wind_kts,sshws
AL031894,UNNAMED,1894,08,30,00,00,13.2,-34.8,35,0
AL031894,UNNAMED,1894,08,30,06,00,13.4,-36,35,0
AL031894,UNNAMED,1894,08,30,12,00,13.6,-37.5,40,0
AL031894,UNNAMED,1894,08,30,18,00,13.8,-38.7,40,0
AL031894,UNNAMED,1894,08,31,00,00,14,-39.9,45,0
AL031894,UNNAMED,1894,08,31,06,00,14.2,-41.1,45,0
AL031894,UNNAMED,1894,08,31,12,00,14.4,-42.3,45,0
AL031894,UNNAMED,1894,08,31,18,00,14.7,-43.5,50,0
AL031894,UNNAMED,1894,09,01,00,00,14.9,-44.7,50,0
AL031894,UNNAMED,1894,09,01,06,00,15.2,-45.8,55,0
AL031894,UNNAMED,1894,09,01,12,00,15.8,-47,55,0
AL031894,UNNAMED,1894,09,01,18,00,16.5,-48.2,60,0
AL031894,UNNAMED,1894,09,02,00,00,17.2,-49.5,65,1
AL031894,UNNAMED,1894,09,02,06,00,17.9,-50.8,65,1
AL031894,UNNAMED,1894,09,02,12,00,18.6,-52.1,70,1
AL031894,UNNAMED,1894,09,02,18,00,19.3,-53.3,75,1
AL031894,UNNAMED,1894,09,03,00,00,20,-54.5,75,1
AL031894,UNNAMED,1894,09,03,06,00,20.7,-55.5,80,1
AL031894,UNNAMED,1894,09,03,12,00,21.4,-56.4,80,1
AL031894,UNNAMED,1894,09,03,18,00,22.1,-57.1,85,2
AL031894,UNNAMED,1894,09,04,00,00,22.7,-57.6,85,2
AL031894,UNNAMED,1894,09,04,06,00,23.4,-58,85,2
AL031894,UNNAMED,1894,09,04,12,00,24,-58.4,85,2
AL031894,UNNAMED,1894,09,04,18,00,24.7,-58.8,85,2
AL031894,UNNAMED,1894,09,05,00,00,25.4,-59.2,85,2
AL031894,UNNAMED,1894,09,05,06,00,26.1,-59.5,85,2
AL031894,UNNAMED,1894,09,05,12,00,26.8,-59.7,85,2
AL031894,UNNAMED,1894,09,05,18,00,27.6,-59.7,85,2
AL031894,UNNAMED,1894,09,06,00,00,28.4,-59.5,90,2
AL031894,UNNAMED,1894,09,06,06,00,29.3,-59.2,95,2
AL031894,UNNAMED,1894,09,06,12,00,30.1,-58.8,100,3
AL031894,UNNAMED,1894,09,06,18,00,30.9,-58.3,100,3
AL031894,UNNAMED,1894,09,07,00,00,31.8,-57.7,100,3
AL031894,UNNAMED,1894,09,07,06,00,32.7,-56.9,100,3
AL031894,UNNAMED,1894,09,07,12,00,33.6,-56,100,3
AL031894,UNNAMED,1894,09,07,18,00,34.7,-54.9,100,3
AL031894,UNNAMED,1894,09,08,00,00,36.2,-53.4,100,3
AL031894,UNNAMED,1894,09,08,06,00,38,-51.6,100,3
AL031894,UNNAMED,1894,09,08,12,00,40,-49.6,100,3
AL031894,UNNAMED,1894,09,08,18,00,42.3,-47.3,90,2
AL031894,UNNAMED,1894,09,09,00,00,45,-44.5,80,1
AL031894,UNNAMED,1894,09,09,06,00,48,-41.4,75,1
AL031894,UNNAMED,1894,09,09,12,00,51.3,-38,70,1
AL031894,UNNAMED,1894,09,09,18,00,54,-35.7,70,1
