id,name,year,month,day,hour,minute,lat,lon,max_sustained_wind_kts,sshws
AL031863,UNNAMED,1863,08,19,00,00,26.5,-66.6,70,1
AL031863,UNNAMED,1863,08,19,06,00,26.8,-67,70,1
AL031863,UNNAMED,1863,08,19,12,00,27.2,-67.5,70,1
AL031863,UNNAMED,1863,08,19,18,00,27.7,-68.8,70,1
AL031863,UNNAMED,1863,08,20,00,00,28.6,-70.3,80,1
AL031863,UNNAMED,1863,08,20,06,00,29.6,-71.6,80,1
AL031863,UNNAMED,1863,08,20,12,00,30.5,-72.6,90,2
AL031863,UNNAMED,1863,08,20,18,00,31.8,-73.1,90,2
AL031863,UNNAMED,1863,08,21,00,00,33.2,-73.1,90,2
AL031863,UNNAMED,1863,08,21,06,00,34.5,-73.1,90,2
AL031863,UNNAMED,1863,08,21,12,00,35.7,-72.6,90,2
AL031863,UNNAMED,1863,08,21,18,00,37,-71.8,90,2
AL031863,UNNAMED,1863,08,22,00,00,38.3,-70.8,90,2
AL031863,UNNAMED,1863,08,22,06,00,39.5,-69.5,90,2
AL031863,UNNAMED,1863,08,22,12,00,41,-67.8,80,1
AL031863,UNNAMED,1863,08,22,18,00,42.8,-65.8,80,1
AL031863,UNNAMED,1863,08,23,00,00,44.5,-63.6,70,1
AL031863,UNNAMED,1863,08,23,06,00,46,-61.7,60,0
