AL031900	UNNAMED	1900	09	08	12	00	10	-18.5	40	0
AL031900	UNNAMED	1900	09	08	18	00	10.3	-19.4	45	0
AL031900	UNNAMED	1900	09	09	00	00	10.6	-20.3	50	0
AL031900	UNNAMED	1900	09	09	06	00	10.9	-21.2	55	0
AL031900	UNNAMED	1900	09	09	12	00	11.2	-22.1	60	0
AL031900	UNNAMED	1900	09	09	18	00	11.6	-23	65	1
AL031900	UNNAMED	1900	09	10	00	00	12	-23.9	70	1
AL031900	UNNAMED	1900	09	10	06	00	12.5	-24.8	70	1
AL031900	UNNAMED	1900	09	10	12	00	13	-25.7	70	1
AL031900	UNNAMED	1900	09	10	18	00	13.5	-26.3	70	1
AL031900	UNNAMED	1900	09	11	00	00	14	-27	70	1
AL031900	UNNAMED	1900	09	11	06	00	14.5	-27.7	70	1
AL031900	UNNAMED	1900	09	11	12	00	15	-28.3	75	1
AL031900	UNNAMED	1900	09	11	18	00	15.5	-29.1	80	1
AL031900	UNNAMED	1900	09	12	00	00	15.9	-29.9	85	2
AL031900	UNNAMED	1900	09	12	06	00	16.4	-30.6	85	2
AL031900	UNNAMED	1900	09	12	12	00	17.1	-31.3	85	2
AL031900	UNNAMED	1900	09	12	18	00	18.6	-32	85	2
AL031900	UNNAMED	1900	09	13	00	00	19.7	-32.6	85	2
AL031900	UNNAMED	1900	09	13	06	00	20.8	-33	85	2
AL031900	UNNAMED	1900	09	13	12	00	22	-33.5	85	2
AL031900	UNNAMED	1900	09	13	18	00	23	-33.9	85	2
AL031900	UNNAMED	1900	09	14	00	00	24	-34.3	85	2
AL031900	UNNAMED	1900	09	14	06	00	25	-34.7	85	2
AL031900	UNNAMED	1900	09	14	12	00	26	-35	85	2
AL031900	UNNAMED	1900	09	14	18	00	26.9	-34.6	85	2
AL031900	UNNAMED	1900	09	15	00	00	28.1	-33.9	80	1
AL031900	UNNAMED	1900	09	15	06	00	29	-33.1	75	1
AL031900	UNNAMED	1900	09	15	12	00	29.7	-32.3	75	1
AL031900	UNNAMED	1900	09	15	18	00	30	-31.8	75	1
AL031900	UNNAMED	1900	09	16	00	00	30.2	-31.3	75	1
AL031900	UNNAMED	1900	09	16	06	00	30.4	-30.7	75	1
AL031900	UNNAMED	1900	09	16	12	00	30.4	-30	75	1
AL031900	UNNAMED	1900	09	16	18	00	30.3	-29.5	75	1
AL031900	UNNAMED	1900	09	17	00	00	30.1	-29	75	1
AL031900	UNNAMED	1900	09	17	06	00	29.5	-28.8	75	1
AL031900	UNNAMED	1900	09	17	12	00	29	-29	75	1
AL031900	UNNAMED	1900	09	17	18	00	28.8	-29.5	75	1
AL031900	UNNAMED	1900	09	18	00	00	28.6	-30.1	75	1
AL031900	UNNAMED	1900	09	18	06	00	28.4	-30.7	75	1
AL031900	UNNAMED	1900	09	18	12	00	28.2	-31.5	70	1
AL031900	UNNAMED	1900	09	18	18	00	27.8	-32.5	70	1
AL031900	UNNAMED	1900	09	19	00	00	27.2	-33.7	65	1
AL031900	UNNAMED	1900	09	19	06	00	26.7	-34.9	65	1
AL031900	UNNAMED	1900	09	19	12	00	26.5	-36.5	65	1
AL031900	UNNAMED	1900	09	19	18	00	26.6	-38.1	65	1
AL031900	UNNAMED	1900	09	20	00	00	27	-39.9	65	1
AL031900	UNNAMED	1900	09	20	06	00	27.5	-41.6	60	0
AL031900	UNNAMED	1900	09	20	12	00	28	-43	50	0
AL031900	UNNAMED	1900	09	20	18	00	28.4	-44.2	45	0
AL031900	UNNAMED	1900	09	21	00	00	28.9	-45.1	40	0
AL031900	UNNAMED	1900	09	21	06	00	29.3	-45.9	40	0
AL031900	UNNAMED	1900	09	21	12	00	29.6	-46.6	35	0
AL031900	UNNAMED	1900	09	21	18	00	29.8	-47.2	35	0
AL031900	UNNAMED	1900	09	22	00	00	29.9	-47.7	35	0
AL031900	UNNAMED	1900	09	22	06	00	30	-48.3	35	0
AL031900	UNNAMED	1900	09	22	12	00	30.1	-48.9	35	0
AL031900	UNNAMED	1900	09	22	18	00	30.2	-49.5	30	0
AL031900	UNNAMED	1900	09	23	00	00	30.3	-50.2	30	0
AL031900	UNNAMED	1900	09	23	06	00	30.3	-50.8	25	0
AL031900	UNNAMED	1900	09	23	12	00	30.4	-51.5	25	0
AL031900	UNNAMED	1900	09	23	18	00	30.6	-52.2	20	0
