id,name,year,month,day,hour,minute,lat,lon,max_sustained_wind_kts,sshws
AL031897,UNNAMED,1897,09,20,12,00,24.3,-83.8,40,0
AL031897,UNNAMED,1897,09,20,18,00,25.3,-83.1,50,0
AL031897,UNNAMED,1897,09,21,00,00,26.3,-82.5,60,0
AL031897,UNNAMED,1897,09,21,02,00,26.7,-82.3,60,0
AL031897,UNNAMED,1897,09,21,06,00,27.3,-81.9,50,0
AL031897,UNNAMED,1897,09,21,12,00,28.3,-81.4,45,0
AL031897,UNNAMED,1897,09,21,18,00,29.3,-80.7,40,0
AL031897,UNNAMED,1897,09,22,00,00,30.3,-79.9,45,0
AL031897,UNNAMED,1897,09,22,06,00,31.4,-79,50,0
AL031897,UNNAMED,1897,09,22,12,00,32.4,-78.3,55,0
AL031897,UNNAMED,1897,09,22,18,00,33.3,-77.6,60,0
AL031897,UNNAMED,1897,09,23,00,00,34.1,-76.9,60,0
AL031897,UNNAMED,1897,09,23,06,00,34.8,-76.2,60,0
AL031897,UNNAMED,1897,09,23,10,00,35.2,-75.7,60,0
AL031897,UNNAMED,1897,09,23,12,00,35.5,-75.3,60,0
AL031897,UNNAMED,1897,09,23,18,00,36.6,-74.6,60,0
AL031897,UNNAMED,1897,09,24,00,00,38.3,-74.1,60,0
AL031897,UNNAMED,1897,09,24,06,00,39.7,-73.6,55,0
AL031897,UNNAMED,1897,09,24,11,00,40.8,-72.7,55,0
AL031897,UNNAMED,1897,09,24,12,00,41,-72.5,45,0
AL031897,UNNAMED,1897,09,24,13,00,41.3,-72.2,45,0
AL031897,UNNAMED,1897,09,24,18,00,43.3,-70.6,35,0
AL031897,UNNAMED,1897,09,25,00,00,45.9,-66.7,30,0
AL031897,UNNAMED,1897,09,25,06,00,49,-61.2,30,0
AL031897,UNNAMED,1897,09,25,12,00,52.5,-55,25,0
