AL031989	BARRY	1989	07	09	18	00	12.8	-37.8	25	0
AL031989	BARRY	1989	07	10	00	00	13	-39.9	25	0
AL031989	BARRY	1989	07	10	06	00	13.9	-42.1	25	0
AL031989	BARRY	1989	07	10	12	00	15	-44.6	30	0
AL031989	BARRY	1989	07	10	18	00	16.3	-46.9	30	0
AL031989	BARRY	1989	07	11	00	00	17.7	-48.2	35	0
AL031989	BARRY	1989	07	11	06	00	18.8	-49.2	40	0
AL031989	BARRY	1989	07	11	12	00	19.8	-50.4	40	0
AL031989	BARRY	1989	07	11	18	00	20.7	-51.8	40	0
AL031989	BARRY	1989	07	12	00	00	21.4	-53.1	45	0
AL031989	BARRY	1989	07	12	06	00	22.1	-53.9	45	0
AL031989	BARRY	1989	07	12	12	00	22.8	-54.4	45	0
AL031989	BARRY	1989	07	12	18	00	23.5	-54.9	40	0
AL031989	BARRY	1989	07	13	00	00	23.8	-55.4	40	0
AL031989	BARRY	1989	07	13	06	00	24	-56	35	0
AL031989	BARRY	1989	07	13	12	00	23.9	-56.6	35	0
AL031989	BARRY	1989	07	13	18	00	23.7	-57.4	30	0
AL031989	BARRY	1989	07	14	00	00	23.3	-58.1	30	0
