id,name,year,month,day,hour,minute,lat,lon,max_sustained_wind_kts,sshws
AL031881,UNNAMED,1881,08,11,00,00,16,-31,80,1
AL031881,UNNAMED,1881,08,11,06,00,16,-32,80,1
AL031881,UNNAMED,1881,08,11,12,00,16,-33,80,1
AL031881,UNNAMED,1881,08,11,18,00,16,-34,80,1
AL031881,UNNAMED,1881,08,12,00,00,16.1,-35.3,80,1
AL031881,UNNAMED,1881,08,12,06,00,16.2,-36.4,80,1
AL031881,UNNAMED,1881,08,12,12,00,16.2,-37.3,80,1
AL031881,UNNAMED,1881,08,12,18,00,16.5,-38.5,80,1
AL031881,UNNAMED,1881,08,13,00,00,16.7,-39.7,80,1
AL031881,UNNAMED,1881,08,13,06,00,17.2,-40.9,80,1
AL031881,UNNAMED,1881,08,13,12,00,17.7,-41.7,80,1
AL031881,UNNAMED,1881,08,13,18,00,18.2,-42.8,80,1
AL031881,UNNAMED,1881,08,14,00,00,18.7,-43.7,80,1
AL031881,UNNAMED,1881,08,14,06,00,19.4,-44.7,80,1
AL031881,UNNAMED,1881,08,14,12,00,20,-45.5,80,1
AL031881,UNNAMED,1881,08,14,18,00,20.9,-46.4,80,1
AL031881,UNNAMED,1881,08,15,00,00,21.7,-47,70,1
AL031881,UNNAMED,1881,08,15,06,00,22.5,-47.8,70,1
AL031881,UNNAMED,1881,08,15,12,00,23.2,-48.5,70,1
AL031881,UNNAMED,1881,08,15,18,00,24.1,-49,70,1
AL031881,UNNAMED,1881,08,16,00,00,24.7,-49.5,70,1
AL031881,UNNAMED,1881,08,16,06,00,25.8,-50,70,1
AL031881,UNNAMED,1881,08,16,12,00,26.7,-50.5,70,1
AL031881,UNNAMED,1881,08,16,18,00,27.7,-50.9,70,1
AL031881,UNNAMED,1881,08,17,00,00,28.6,-51.2,60,0
AL031881,UNNAMED,1881,08,17,06,00,29.7,-51.3,60,0
AL031881,UNNAMED,1881,08,17,12,00,30.5,-51.3,60,0
AL031881,UNNAMED,1881,08,17,18,00,31.3,-51.3,60,0
AL031881,UNNAMED,1881,08,18,00,00,32.2,-51.3,60,0
AL031881,UNNAMED,1881,08,18,06,00,33,-51.2,60,0
AL031881,UNNAMED,1881,08,18,12,00,34,-51,60,0
AL031881,UNNAMED,1881,08,18,18,00,35.5,-50.5,60,0
