id,name,year,month,day,hour,minute,lat,lon,max_sustained_wind_kts,sshws
AL031956,BETSY,1956,08,09,06,00,13.5,-47.2,50,0
AL031956,BETSY,1956,08,09,12,00,13.7,-48.8,50,0
AL031956,BETSY,1956,08,09,18,00,13.9,-50.2,50,0
AL031956,BETSY,1956,08,10,00,00,14,-51.6,60,0
AL031956,BETSY,1956,08,10,06,00,14.1,-53,105,3
AL031956,BETSY,1956,08,10,12,00,14.2,-54.3,105,3
AL031956,BETSY,1956,08,10,18,00,14.4,-56,105,3
AL031956,BETSY,1956,08,11,00,00,14.7,-57.8,105,3
AL031956,BETSY,1956,08,11,06,00,14.9,-59.1,100,3
AL031956,BETSY,1956,08,11,12,00,15.3,-60.3,95,2
AL031956,BETSY,1956,08,11,18,00,16,-61.8,80,1
AL031956,BETSY,1956,08,12,00,00,16.5,-63.2,80,1
AL031956,BETSY,1956,08,12,06,00,17,-64.4,80,1
AL031956,BETSY,1956,08,12,12,00,17.8,-65.7,80,1
AL031956,BETSY,1956,08,12,18,00,18.8,-67.2,80,1
AL031956,BETSY,1956,08,13,00,00,19.8,-68.7,85,2
AL031956,BETSY,1956,08,13,06,00,20.9,-70,95,2
AL031956,BETSY,1956,08,13,12,00,21.9,-71.3,95,2
AL031956,BETSY,1956,08,13,18,00,22.8,-72.5,95,2
AL031956,BETSY,1956,08,14,00,00,23.7,-73.6,95,2
AL031956,BETSY,1956,08,14,06,00,24.6,-74.8,95,2
AL031956,BETSY,1956,08,14,12,00,25.6,-76,95,2
AL031956,BETSY,1956,08,14,18,00,26.5,-76.7,95,2
AL031956,BETSY,1956,08,15,00,00,27.2,-76.8,90,2
AL031956,BETSY,1956,08,15,06,00,27.8,-76.8,85,2
AL031956,BETSY,1956,08,15,12,00,28.3,-76.6,85,2
AL031956,BETSY,1956,08,15,18,00,28.8,-76.1,85,2
AL031956,BETSY,1956,08,16,00,00,29.3,-75.6,85,2
AL031956,BETSY,1956,08,16,06,00,29.8,-75,85,2
AL031956,BETSY,1956,08,16,12,00,30.7,-74.3,85,2
AL031956,BETSY,1956,08,16,18,00,32.2,-73.3,85,2
AL031956,BETSY,1956,08,17,00,00,33.7,-72.2,80,1
AL031956,BETSY,1956,08,17,06,00,35.1,-70.9,75,1
AL031956,BETSY,1956,08,17,12,00,36.6,-69.6,70,1
AL031956,BETSY,1956,08,17,18,00,38,-68.1,70,1
AL031956,BETSY,1956,08,18,00,00,39.5,-66.4,65,1
AL031956,BETSY,1956,08,18,06,00,40.8,-64.7,50,0
AL031956,BETSY,1956,08,18,12,00,41.7,-62.1,50,0
AL031956,BETSY,1956,08,18,18,00,42.4,-58.6,50,0
AL031956,BETSY,1956,08,19,00,00,42.8,-55,50,0
AL031956,BETSY,1956,08,19,06,00,43.1,-51.7,45,0
AL031956,BETSY,1956,08,19,12,00,43.2,-48.6,45,0
AL031956,BETSY,1956,08,19,18,00,43.1,-45.1,45,0
AL031956,BETSY,1956,08,20,00,00,43.1,-41.6,40,0
