AL031932	UNNAMED	1932	08	26	18	00	20.5	-69.2	30	0
AL031932	UNNAMED	1932	08	27	00	00	20.8	-70	30	0
AL031932	UNNAMED	1932	08	27	06	00	21.1	-71.7	30	0
AL031932	UNNAMED	1932	08	27	12	00	21.4	-72.5	30	0
AL031932	UNNAMED	1932	08	27	18	00	21.6	-73.3	35	0
AL031932	UNNAMED	1932	08	28	00	00	21.7	-74	35	0
AL031932	UNNAMED	1932	08	28	06	00	21.8	-74.8	40	0
AL031932	UNNAMED	1932	08	28	12	00	22	-75.5	40	0
AL031932	UNNAMED	1932	08	28	18	00	22.4	-76.2	40	0
AL031932	UNNAMED	1932	08	29	00	00	22.9	-77	45	0
AL031932	UNNAMED	1932	08	29	06	00	23.4	-77.7	50	0
AL031932	UNNAMED	1932	08	29	12	00	24	-78.3	50	0
AL031932	UNNAMED	1932	08	29	18	00	24.5	-79	55	0
AL031932	UNNAMED	1932	08	30	00	00	25	-79.8	55	0
AL031932	UNNAMED	1932	08	30	04	00	25.3	-80.3	55	0
AL031932	UNNAMED	1932	08	30	06	00	25.5	-80.7	55	0
AL031932	UNNAMED	1932	08	30	12	00	26	-81.8	50	0
AL031932	UNNAMED	1932	08	30	18	00	26.4	-83	55	0
AL031932	UNNAMED	1932	08	31	00	00	26.8	-84.1	65	1
AL031932	UNNAMED	1932	08	31	06	00	27.2	-85	70	1
AL031932	UNNAMED	1932	08	31	12	00	27.8	-85.8	70	1
AL031932	UNNAMED	1932	08	31	18	00	28.6	-86.6	70	1
AL031932	UNNAMED	1932	09	01	00	00	29.5	-87.4	75	1
AL031932	UNNAMED	1932	09	01	05	00	30.2	-88.1	75	1
AL031932	UNNAMED	1932	09	01	06	00	30.3	-88.2	75	1
AL031932	UNNAMED	1932	09	01	12	00	31.1	-88.6	60	0
AL031932	UNNAMED	1932	09	01	18	00	31.9	-89	50	0
AL031932	UNNAMED	1932	09	02	00	00	32.6	-89.4	40	0
AL031932	UNNAMED	1932	09	02	06	00	33.3	-89.8	35	0
AL031932	UNNAMED	1932	09	02	12	00	34.1	-90.1	30	0
AL031932	UNNAMED	1932	09	02	18	00	35.2	-90.1	30	0
AL031932	UNNAMED	1932	09	03	00	00	36.4	-89.9	30	0
AL031932	UNNAMED	1932	09	03	06	00	37.7	-89.5	30	0
AL031932	UNNAMED	1932	09	03	12	00	39	-89	30	0
AL031932	UNNAMED	1932	09	03	18	00	40.5	-87.6	35	0
AL031932	UNNAMED	1932	09	04	00	00	42.2	-85	40	0
AL031932	UNNAMED	1932	09	04	06	00	44	-82	45	0
AL031932	UNNAMED	1932	09	04	12	00	46	-78	45	0
AL031932	UNNAMED	1932	09	04	18	00	48	-74	45	0
