AL031879	UNNAMED	1879	08	19	00	00	16.7	-81.1	60	0
AL031879	UNNAMED	1879	08	19	06	00	17.1	-82.1	60	0
AL031879	UNNAMED	1879	08	19	12	00	17.5	-83	60	0
AL031879	UNNAMED	1879	08	19	18	00	18	-84.1	60	0
AL031879	UNNAMED	1879	08	20	00	00	18.5	-85.4	70	1
AL031879	UNNAMED	1879	08	20	06	00	19.1	-86.5	70	1
AL031879	UNNAMED	1879	08	20	12	00	19.7	-87.6	70	1
AL031879	UNNAMED	1879	08	20	18	00	20.2	-89	60	0
AL031879	UNNAMED	1879	08	21	00	00	21	-90.3	60	0
AL031879	UNNAMED	1879	08	21	06	00	22	-91.5	60	0
AL031879	UNNAMED	1879	08	21	12	00	23	-92.5	70	1
AL031879	UNNAMED	1879	08	21	18	00	24	-93	70	1
AL031879	UNNAMED	1879	08	22	00	00	25	-93.5	80	1
AL031879	UNNAMED	1879	08	22	06	00	26.1	-93.8	80	1
AL031879	UNNAMED	1879	08	22	12	00	27.1	-94	90	2
AL031879	UNNAMED	1879	08	22	18	00	28.1	-94.2	90	2
AL031879	UNNAMED	1879	08	23	00	00	29.3	-94.4	90	2
AL031879	UNNAMED	1879	08	23	02	00	29.6	-94.4	90	2
AL031879	UNNAMED	1879	08	23	06	00	30.8	-94.2	70	1
AL031879	UNNAMED	1879	08	23	12	00	32.3	-93.8	50	0
AL031879	UNNAMED	1879	08	23	18	00	33.5	-93.3	40	0
AL031879	UNNAMED	1879	08	24	00	00	34.4	-92.6	40	0
AL031879	UNNAMED	1879	08	24	06	00	35.2	-91.6	30	0
AL031879	UNNAMED	1879	08	24	12	00	36	-90.5	30	0
AL031879	UNNAMED	1879	08	24	18	00	36.8	-88.6	30	0
