AL031922	UNNAMED	1922	09	18	00	00	28.8	-79.4	30	0
AL031922	UNNAMED	1922	09	18	06	00	28.9	-79.2	30	0
AL031922	UNNAMED	1922	09	18	12	00	29	-79	35	0
AL031922	UNNAMED	1922	09	18	18	00	29.1	-78.7	35	0
AL031922	UNNAMED	1922	09	19	00	00	29.2	-78.5	40	0
AL031922	UNNAMED	1922	09	19	06	00	29.3	-78.2	40	0
AL031922	UNNAMED	1922	09	19	12	00	29.5	-78	45	0
AL031922	UNNAMED	1922	09	19	18	00	29.7	-77.8	50	0
AL031922	UNNAMED	1922	09	20	00	00	29.9	-77.6	55	0
AL031922	UNNAMED	1922	09	20	06	00	30.2	-77.3	60	0
AL031922	UNNAMED	1922	09	20	12	00	30.5	-77	65	1
AL031922	UNNAMED	1922	09	20	18	00	30.8	-76.5	70	1
AL031922	UNNAMED	1922	09	21	00	00	31.2	-76	70	1
AL031922	UNNAMED	1922	09	21	06	00	31.6	-75.5	70	1
AL031922	UNNAMED	1922	09	21	12	00	32	-75	70	1
AL031922	UNNAMED	1922	09	21	18	00	32.3	-74.5	70	1
AL031922	UNNAMED	1922	09	22	00	00	32.6	-74	70	1
AL031922	UNNAMED	1922	09	22	06	00	33	-73.5	70	1
AL031922	UNNAMED	1922	09	22	12	00	33.5	-73	70	1
AL031922	UNNAMED	1922	09	22	18	00	34.3	-72.2	65	1
AL031922	UNNAMED	1922	09	23	00	00	35.5	-71.2	60	0
AL031922	UNNAMED	1922	09	23	06	00	36.6	-70	55	0
AL031922	UNNAMED	1922	09	23	12	00	37.5	-69	50	0
AL031922	UNNAMED	1922	09	23	18	00	38.1	-68.4	45	0
AL031922	UNNAMED	1922	09	24	00	00	38.5	-68.2	40	0
AL031922	UNNAMED	1922	09	24	06	00	38.3	-68.1	35	0
AL031922	UNNAMED	1922	09	24	12	00	39	-68	35	0
AL031922	UNNAMED	1922	09	24	18	00	39.2	-68	35	0
AL031922	UNNAMED	1922	09	25	00	00	39.4	-68	30	0
