id,name,year,month,day,hour,minute,lat,lon,max_sustained_wind_kts,sshws
AL031910,UNNAMED,1910,09,05,06,00,17,-58.3,60,0
AL031910,UNNAMED,1910,09,05,12,00,17.1,-59.5,65,1
AL031910,UNNAMED,1910,09,05,18,00,17.1,-60.6,70,1
AL031910,UNNAMED,1910,09,06,00,00,17.1,-61.7,75,1
AL031910,UNNAMED,1910,09,06,06,00,17.2,-62.7,80,1
AL031910,UNNAMED,1910,09,06,12,00,17.4,-63.8,80,1
AL031910,UNNAMED,1910,09,06,18,00,17.5,-64.9,85,2
AL031910,UNNAMED,1910,09,07,00,00,17.5,-66,85,2
AL031910,UNNAMED,1910,09,07,06,00,17.6,-67.1,85,2
AL031910,UNNAMED,1910,09,07,12,00,17.6,-68.2,80,1
AL031910,UNNAMED,1910,09,07,18,00,17.6,-69.7,75,1
AL031910,UNNAMED,1910,09,08,00,00,17.7,-71.2,70,1
AL031910,UNNAMED,1910,09,08,06,00,17.8,-72.9,70,1
AL031910,UNNAMED,1910,09,08,12,00,18,-74.7,70,1
AL031910,UNNAMED,1910,09,08,18,00,18.3,-76.4,70,1
AL031910,UNNAMED,1910,09,09,00,00,18.6,-77.8,70,1
AL031910,UNNAMED,1910,09,09,06,00,19,-79.2,70,1
AL031910,UNNAMED,1910,09,09,12,00,19.5,-80.7,70,1
AL031910,UNNAMED,1910,09,09,18,00,20,-81.8,70,1
AL031910,UNNAMED,1910,09,10,00,00,20.5,-82.9,70,1
AL031910,UNNAMED,1910,09,10,06,00,20.9,-83.8,75,1
AL031910,UNNAMED,1910,09,10,12,00,21.3,-84.7,80,1
AL031910,UNNAMED,1910,09,10,18,00,21.7,-85.1,80,1
AL031910,UNNAMED,1910,09,11,00,00,22.1,-85.6,85,2
AL031910,UNNAMED,1910,09,11,06,00,22.5,-86.2,85,2
AL031910,UNNAMED,1910,09,11,12,00,22.9,-87,85,2
AL031910,UNNAMED,1910,09,11,18,00,23.2,-87.6,85,2
AL031910,UNNAMED,1910,09,12,00,00,23.6,-88.3,90,2
AL031910,UNNAMED,1910,09,12,06,00,24,-88.9,90,2
AL031910,UNNAMED,1910,09,12,12,00,24.4,-89.5,95,2
AL031910,UNNAMED,1910,09,12,18,00,24.9,-90.3,95,2
AL031910,UNNAMED,1910,09,13,00,00,25.3,-91.2,95,2
AL031910,UNNAMED,1910,09,13,06,00,25.7,-91.8,95,2
AL031910,UNNAMED,1910,09,13,12,00,26,-92.5,95,2
AL031910,UNNAMED,1910,09,13,18,00,26.2,-93.4,95,2
AL031910,UNNAMED,1910,09,14,00,00,26.3,-94.3,90,2
AL031910,UNNAMED,1910,09,14,06,00,26.5,-95.3,90,2
AL031910,UNNAMED,1910,09,14,12,00,26.6,-96.3,90,2
AL031910,UNNAMED,1910,09,14,18,00,26.8,-96.9,90,2
AL031910,UNNAMED,1910,09,14,22,00,26.9,-97.4,90,2
AL031910,UNNAMED,1910,09,15,00,00,26.9,-97.6,65,1
AL031910,UNNAMED,1910,09,15,06,00,27,-98.3,45,0
AL031910,UNNAMED,1910,09,15,12,00,27,-99,35,0
AL031910,UNNAMED,1910,09,15,18,00,27,-99.6,30,0
