AL031889	UNNAMED	1889	08	19	06	00	16.8	-69.2	35	0
AL031889	UNNAMED	1889	08	19	12	00	17.3	-69.6	40	0
AL031889	UNNAMED	1889	08	19	18	00	17.8	-69.9	50	0
AL031889	UNNAMED	1889	08	20	00	00	18.3	-70.3	50	0
AL031889	UNNAMED	1889	08	20	06	00	18.7	-70.6	35	0
AL031889	UNNAMED	1889	08	20	12	00	19.2	-70.9	30	0
AL031889	UNNAMED	1889	08	20	18	00	19.6	-71.2	30	0
AL031889	UNNAMED	1889	08	21	00	00	20	-71.5	35	0
AL031889	UNNAMED	1889	08	21	06	00	20.4	-71.8	50	0
AL031889	UNNAMED	1889	08	21	12	00	20.8	-72.1	55	0
AL031889	UNNAMED	1889	08	21	18	00	21.3	-72.5	60	0
AL031889	UNNAMED	1889	08	22	00	00	21.8	-72.8	60	0
AL031889	UNNAMED	1889	08	22	06	00	22.3	-73.2	60	0
AL031889	UNNAMED	1889	08	22	12	00	23	-73.6	60	0
AL031889	UNNAMED	1889	08	22	18	00	23.7	-74	60	0
AL031889	UNNAMED	1889	08	23	00	00	24.5	-74.4	60	0
AL031889	UNNAMED	1889	08	23	06	00	25.3	-74.8	60	0
AL031889	UNNAMED	1889	08	23	12	00	26.2	-75.2	60	0
AL031889	UNNAMED	1889	08	23	18	00	27.1	-75.5	60	0
AL031889	UNNAMED	1889	08	24	00	00	28	-75.7	60	0
AL031889	UNNAMED	1889	08	24	06	00	28.9	-75.7	60	0
AL031889	UNNAMED	1889	08	24	12	00	29.8	-75.5	60	0
AL031889	UNNAMED	1889	08	24	18	00	30.7	-75.1	60	0
AL031889	UNNAMED	1889	08	25	00	00	31.5	-74.5	60	0
AL031889	UNNAMED	1889	08	25	06	00	32.2	-73.9	60	0
AL031889	UNNAMED	1889	08	25	12	00	32.9	-73.4	60	0
AL031889	UNNAMED	1889	08	25	18	00	33.5	-73	60	0
AL031889	UNNAMED	1889	08	26	00	00	34.1	-72.6	60	0
AL031889	UNNAMED	1889	08	26	06	00	34.5	-72.3	60	0
AL031889	UNNAMED	1889	08	26	12	00	35	-72	65	1
AL031889	UNNAMED	1889	08	26	18	00	35.4	-71.8	65	1
AL031889	UNNAMED	1889	08	27	00	00	35.9	-71.7	70	1
AL031889	UNNAMED	1889	08	27	06	00	36.2	-71.6	70	1
AL031889	UNNAMED	1889	08	27	12	00	36.6	-71.5	70	1
AL031889	UNNAMED	1889	08	27	18	00	37.1	-71.5	70	1
AL031889	UNNAMED	1889	08	28	00	00	37.5	-71.5	65	1
AL031889	UNNAMED	1889	08	28	06	00	38	-71.5	60	0
AL031889	UNNAMED	1889	08	28	12	00	38.5	-71.5	50	0
AL031889	UNNAMED	1889	08	28	18	00	39	-71.5	40	0
