AL031985	CLAUDETTE	1985	08	09	18	00	31.5	-80.5	25	0
AL031985	CLAUDETTE	1985	08	10	00	00	32	-79	25	0
AL031985	CLAUDETTE	1985	08	10	06	00	32.5	-77.5	25	0
AL031985	CLAUDETTE	1985	08	10	12	00	33	-76.5	30	0
AL031985	CLAUDETTE	1985	08	10	18	00	33.5	-75.3	30	0
AL031985	CLAUDETTE	1985	08	11	00	00	34	-74	35	0
AL031985	CLAUDETTE	1985	08	11	06	00	34.3	-72.7	35	0
AL031985	CLAUDETTE	1985	08	11	12	00	34.5	-71.5	35	0
AL031985	CLAUDETTE	1985	08	11	18	00	34.7	-70.3	40	0
AL031985	CLAUDETTE	1985	08	12	00	00	34.8	-69.1	40	0
AL031985	CLAUDETTE	1985	08	12	06	00	34.7	-67.7	45	0
AL031985	CLAUDETTE	1985	08	12	12	00	34.5	-66.4	45	0
AL031985	CLAUDETTE	1985	08	12	18	00	34.4	-64.9	50	0
AL031985	CLAUDETTE	1985	08	13	00	00	34.5	-63.2	50	0
AL031985	CLAUDETTE	1985	08	13	06	00	35.1	-61.5	55	0
AL031985	CLAUDETTE	1985	08	13	12	00	35.5	-59.5	55	0
AL031985	CLAUDETTE	1985	08	13	18	00	35.3	-57.5	60	0
AL031985	CLAUDETTE	1985	08	14	00	00	35.1	-55	60	0
AL031985	CLAUDETTE	1985	08	14	06	00	35.2	-52.5	65	1
AL031985	CLAUDETTE	1985	08	14	12	00	35.3	-50.1	65	1
AL031985	CLAUDETTE	1985	08	14	18	00	35.5	-47.8	65	1
AL031985	CLAUDETTE	1985	08	15	00	00	35.6	-45.2	70	1
AL031985	CLAUDETTE	1985	08	15	06	00	35.7	-42.6	70	1
AL031985	CLAUDETTE	1985	08	15	12	00	35.8	-40	75	1
AL031985	CLAUDETTE	1985	08	15	18	00	36.4	-37	75	1
AL031985	CLAUDETTE	1985	08	16	00	00	37.5	-34.5	60	0
AL031985	CLAUDETTE	1985	08	16	06	00	39.2	-31.6	45	0
AL031985	CLAUDETTE	1985	08	16	12	00	40.7	-28.7	40	0
AL031985	CLAUDETTE	1985	08	16	18	00	42.6	-25.7	40	0
AL031985	CLAUDETTE	1985	08	17	00	00	44.5	-22.5	40	0
