AL031955	DIANE	1955	08	07	06	00	17	-43	25	0
AL031955	DIANE	1955	08	07	12	00	17.1	-44	25	0
AL031955	DIANE	1955	08	07	18	00	17.2	-45.1	25	0
AL031955	DIANE	1955	08	08	00	00	17.3	-46.1	25	0
AL031955	DIANE	1955	08	08	06	00	17.5	-46.9	25	0
AL031955	DIANE	1955	08	08	12	00	17.7	-47.8	25	0
AL031955	DIANE	1955	08	08	18	00	17.9	-49	25	0
AL031955	DIANE	1955	08	09	00	00	18	-50.2	25	0
AL031955	DIANE	1955	08	09	06	00	18.2	-51.4	30	0
AL031955	DIANE	1955	08	09	12	00	18.5	-52.6	30	0
AL031955	DIANE	1955	08	09	18	00	18.9	-54.3	35	0
AL031955	DIANE	1955	08	10	00	00	19.3	-55.9	35	0
AL031955	DIANE	1955	08	10	06	00	19.8	-57	35	0
AL031955	DIANE	1955	08	10	12	00	20.3	-58	35	0
AL031955	DIANE	1955	08	10	18	00	21.1	-58.9	40	0
AL031955	DIANE	1955	08	11	00	00	22	-59.8	45	0
AL031955	DIANE	1955	08	11	06	00	22.7	-60.4	50	0
AL031955	DIANE	1955	08	11	12	00	23.3	-60.8	55	0
AL031955	DIANE	1955	08	11	18	00	23.6	-61.1	60	0
AL031955	DIANE	1955	08	12	00	00	24	-61.1	65	1
AL031955	DIANE	1955	08	12	06	00	24.7	-61	90	2
AL031955	DIANE	1955	08	12	12	00	25.3	-60.8	105	3
AL031955	DIANE	1955	08	12	18	00	25.9	-60.7	105	3
AL031955	DIANE	1955	08	13	00	00	26.4	-60.5	105	3
AL031955	DIANE	1955	08	13	06	00	26.9	-60.5	105	3
AL031955	DIANE	1955	08	13	12	00	27.4	-61	105	3
AL031955	DIANE	1955	08	13	18	00	27.4	-62.2	105	3
AL031955	DIANE	1955	08	14	00	00	27.2	-63.4	105	3
AL031955	DIANE	1955	08	14	06	00	27.3	-64.4	105	3
AL031955	DIANE	1955	08	14	12	00	27.4	-65.4	105	3
AL031955	DIANE	1955	08	14	18	00	27.6	-66.7	105	3
AL031955	DIANE	1955	08	15	00	00	28	-68.1	100	3
AL031955	DIANE	1955	08	15	06	00	28.5	-69.4	95	2
AL031955	DIANE	1955	08	15	12	00	29.1	-70.6	95	2
AL031955	DIANE	1955	08	15	18	00	29.6	-72	90	2
AL031955	DIANE	1955	08	16	00	00	30.2	-73.4	85	2
AL031955	DIANE	1955	08	16	06	00	30.7	-74.3	85	2
AL031955	DIANE	1955	08	16	12	00	31.2	-75	85	2
AL031955	DIANE	1955	08	16	18	00	32	-76	80	1
AL031955	DIANE	1955	08	17	00	00	32.8	-76.9	75	1
AL031955	DIANE	1955	08	17	06	00	33.5	-77.5	75	1
AL031955	DIANE	1955	08	17	12	00	34.3	-78	60	0
AL031955	DIANE	1955	08	17	18	00	35.4	-78.5	60	0
AL031955	DIANE	1955	08	18	00	00	36.6	-79	60	0
AL031955	DIANE	1955	08	18	06	00	37.7	-79	55	0
AL031955	DIANE	1955	08	18	12	00	38.8	-78.1	50	0
AL031955	DIANE	1955	08	18	18	00	39.6	-76.8	45	0
AL031955	DIANE	1955	08	19	00	00	40.2	-75.3	40	0
AL031955	DIANE	1955	08	19	06	00	40.7	-73.7	40	0
AL031955	DIANE	1955	08	19	12	00	41	-72.1	35	0
AL031955	DIANE	1955	08	19	18	00	41.3	-70.4	35	0
AL031955	DIANE	1955	08	20	00	00	41.5	-68.6	35	0
AL031955	DIANE	1955	08	20	06	00	41.8	-66.6	35	0
AL031955	DIANE	1955	08	20	12	00	42.1	-64	35	0
AL031955	DIANE	1955	08	20	18	00	42.6	-60.7	35	0
AL031955	DIANE	1955	08	21	00	00	43.3	-57	35	0
AL031955	DIANE	1955	08	21	06	00	44.2	-53.2	35	0
AL031955	DIANE	1955	08	21	12	00	45	-49.3	35	0
AL031955	DIANE	1955	08	21	18	00	46.2	-45.9	30	0
