AL032007	CHANTAL	2007	07	31	00	00	35.5	-66.5	30	0
AL032007	CHANTAL	2007	07	31	06	00	37.1	-65.5	35	0
AL032007	CHANTAL	2007	07	31	12	00	39.1	-64.2	45	0
AL032007	CHANTAL	2007	07	31	18	00	40.7	-62.3	45	0
AL032007	CHANTAL	2007	08	01	00	00	42.5	-60	45	0
AL032007	CHANTAL	2007	08	01	06	00	44	-57.5	45	0
AL032007	CHANTAL	2007	08	01	12	00	46	-54.5	55	0
AL032007	CHANTAL	2007	08	01	18	00	49	-49.5	60	0
AL032007	CHANTAL	2007	08	02	00	00	53	-43	60	0
AL032007	CHANTAL	2007	08	02	06	00	55.5	-38.5	50	0
AL032007	CHANTAL	2007	08	02	12	00	57.5	-35.4	50	0
AL032007	CHANTAL	2007	08	02	18	00	58.6	-33.9	55	0
AL032007	CHANTAL	2007	08	03	00	00	58.9	-32.1	60	0
AL032007	CHANTAL	2007	08	03	06	00	58.9	-30.4	60	0
AL032007	CHANTAL	2007	08	03	12	00	58.9	-28	60	0
AL032007	CHANTAL	2007	08	03	18	00	58.9	-25.2	55	0
AL032007	CHANTAL	2007	08	04	00	00	59.1	-22.6	55	0
AL032007	CHANTAL	2007	08	04	06	00	59.5	-19.1	50	0
AL032007	CHANTAL	2007	08	04	12	00	60.7	-16.3	50	0
AL032007	CHANTAL	2007	08	04	18	00	61.7	-14	45	0
AL032007	CHANTAL	2007	08	05	00	00	62.7	-12	45	0
AL032007	CHANTAL	2007	08	05	06	00	64	-9.5	45	0
AL032007	CHANTAL	2007	08	05	12	00	66	-7	35	0
