id,name,year,month,day,hour,minute,lat,lon,max_sustained_wind_kts,sshws
AL031931,UNNAMED,1931,08,10,18,00,13.5,-61,30,0
AL031931,UNNAMED,1931,08,11,00,00,14.5,-62.9,30,0
AL031931,UNNAMED,1931,08,11,06,00,15.2,-64.6,35,0
AL031931,UNNAMED,1931,08,11,12,00,15.7,-66,40,0
AL031931,UNNAMED,1931,08,11,18,00,16,-67.2,40,0
AL031931,UNNAMED,1931,08,12,00,00,16,-68.5,45,0
AL031931,UNNAMED,1931,08,12,06,00,16,-69.8,45,0
AL031931,UNNAMED,1931,08,12,12,00,16,-71,45,0
AL031931,UNNAMED,1931,08,12,18,00,16,-72.1,50,0
AL031931,UNNAMED,1931,08,13,00,00,16,-73.2,50,0
AL031931,UNNAMED,1931,08,13,06,00,16,-74.3,50,0
AL031931,UNNAMED,1931,08,13,12,00,16,-75.5,50,0
AL031931,UNNAMED,1931,08,13,18,00,16,-76.8,50,0
AL031931,UNNAMED,1931,08,14,00,00,16.1,-78.3,50,0
AL031931,UNNAMED,1931,08,14,06,00,16.2,-79.8,50,0
AL031931,UNNAMED,1931,08,14,12,00,16.3,-81.3,50,0
AL031931,UNNAMED,1931,08,14,18,00,16.4,-82.8,50,0
AL031931,UNNAMED,1931,08,15,00,00,16.6,-84.3,50,0
AL031931,UNNAMED,1931,08,15,06,00,16.8,-85.8,45,0
AL031931,UNNAMED,1931,08,15,12,00,17,-87,45,0
AL031931,UNNAMED,1931,08,15,18,00,17.2,-88,45,0
AL031931,UNNAMED,1931,08,16,00,00,17.4,-88.8,40,0
AL031931,UNNAMED,1931,08,16,06,00,17.6,-89.4,35,0
AL031931,UNNAMED,1931,08,16,12,00,17.8,-90,35,0
AL031931,UNNAMED,1931,08,16,18,00,18,-90.6,30,0
AL031931,UNNAMED,1931,08,17,00,00,18.3,-91.2,30,0
AL031931,UNNAMED,1931,08,17,06,00,18.6,-91.9,35,0
AL031931,UNNAMED,1931,08,17,12,00,18.9,-92.6,50,0
AL031931,UNNAMED,1931,08,17,18,00,19.1,-93.3,50,0
AL031931,UNNAMED,1931,08,18,00,00,19.3,-94.2,50,0
AL031931,UNNAMED,1931,08,18,06,00,19.5,-95.2,50,0
AL031931,UNNAMED,1931,08,18,12,00,19.6,-96.3,50,0
AL031931,UNNAMED,1931,08,18,18,00,19.7,-97.2,35,0
AL031931,UNNAMED,1931,08,19,00,00,19.8,-98,25,0
