id,name,year,month,day,hour,minute,lat,lon,max_sustained_wind_kts,sshws
AL031853,UNNAMED,1853,08,30,00,00,12.1,-23.2,40,0
AL031853,UNNAMED,1853,08,30,06,00,12.3,-25.1,40,0
AL031853,UNNAMED,1853,08,30,12,00,12.5,-27,40,0
AL031853,UNNAMED,1853,08,30,18,00,12.8,-28.9,40,0
AL031853,UNNAMED,1853,08,31,00,00,13,-30.9,50,0
AL031853,UNNAMED,1853,08,31,06,00,13.3,-33,50,0
AL031853,UNNAMED,1853,08,31,12,00,13.6,-35,60,0
AL031853,UNNAMED,1853,08,31,18,00,13.9,-36.8,60,0
AL031853,UNNAMED,1853,09,01,00,00,14.2,-38.5,70,1
AL031853,UNNAMED,1853,09,01,06,00,14.6,-40.5,70,1
AL031853,UNNAMED,1853,09,01,12,00,14.9,-42.3,80,1
AL031853,UNNAMED,1853,09,01,18,00,15.2,-43.9,80,1
AL031853,UNNAMED,1853,09,02,00,00,15.7,-45.7,90,2
AL031853,UNNAMED,1853,09,02,06,00,16.2,-47.3,90,2
AL031853,UNNAMED,1853,09,02,12,00,16.7,-49,100,3
AL031853,UNNAMED,1853,09,02,18,00,17.4,-51,110,3
AL031853,UNNAMED,1853,09,03,00,00,18.2,-52.8,120,4
AL031853,UNNAMED,1853,09,03,06,00,19.1,-54.6,130,4
AL031853,UNNAMED,1853,09,03,12,00,19.7,-56.2,130,4
AL031853,UNNAMED,1853,09,03,18,00,20.7,-58,130,4
AL031853,UNNAMED,1853,09,04,00,00,21.2,-59.9,120,4
AL031853,UNNAMED,1853,09,04,06,00,22,-61.8,120,4
AL031853,UNNAMED,1853,09,04,12,00,22.7,-63.7,120,4
AL031853,UNNAMED,1853,09,04,18,00,23.4,-65.3,120,4
AL031853,UNNAMED,1853,09,05,00,00,24.2,-67.1,120,4
AL031853,UNNAMED,1853,09,05,06,00,25,-68.6,120,4
AL031853,UNNAMED,1853,09,05,12,00,25.8,-70.1,120,4
AL031853,UNNAMED,1853,09,05,18,00,26.6,-71.1,120,4
AL031853,UNNAMED,1853,09,06,00,00,27.3,-72,120,4
AL031853,UNNAMED,1853,09,06,06,00,28.2,-72.9,120,4
AL031853,UNNAMED,1853,09,06,12,00,29.1,-73.5,120,4
AL031853,UNNAMED,1853,09,06,18,00,30.2,-74,120,4
AL031853,UNNAMED,1853,09,07,00,00,31.2,-74.3,110,3
AL031853,UNNAMED,1853,09,07,06,00,32.5,-74.1,110,3
AL031853,UNNAMED,1853,09,07,12,00,33.7,-73.9,100,3
AL031853,UNNAMED,1853,09,07,18,00,34.9,-72.9,100,3
AL031853,UNNAMED,1853,09,08,00,00,36,-71.6,100,3
AL031853,UNNAMED,1853,09,08,06,00,36.8,-69.9,100,3
AL031853,UNNAMED,1853,09,08,12,00,37.5,-67.9,100,3
AL031853,UNNAMED,1853,09,08,18,00,38.2,-65.4,100,3
AL031853,UNNAMED,1853,09,09,00,00,39,-62.3,100,3
AL031853,UNNAMED,1853,09,09,06,00,39.9,-59.4,90,2
AL031853,UNNAMED,1853,09,09,12,00,40.8,-56.8,80,1
AL031853,UNNAMED,1853,09,09,18,00,41.9,-53.4,70,1
AL031853,UNNAMED,1853,09,10,00,00,42.9,-49.5,70,1
AL031853,UNNAMED,1853,09,10,06,00,43.9,-45.5,70,1
AL031853,UNNAMED,1853,09,10,12,00,45,-41.2,70,1
AL031853,UNNAMED,1853,09,10,18,00,46.2,-36.2,70,1
