AL031960	BRENDA	1960	07	28	18	00	27	-86	30	0
AL031960	BRENDA	1960	07	29	00	00	29	-83.4	30	0
AL031960	BRENDA	1960	07	29	06	00	30.3	-82.5	30	0
AL031960	BRENDA	1960	07	29	12	00	31.5	-81.5	45	0
AL031960	BRENDA	1960	07	29	18	00	32.9	-79.7	45	0
AL031960	BRENDA	1960	07	30	00	00	34.6	-78	50	0
AL031960	BRENDA	1960	07	30	06	00	37	-76.3	45	0
AL031960	BRENDA	1960	07	30	12	00	39.5	-74.8	45	0
AL031960	BRENDA	1960	07	30	18	00	41.6	-73	45	0
AL031960	BRENDA	1960	07	31	00	00	43.9	-71.1	40	0
AL031960	BRENDA	1960	07	31	06	00	47	-69.8	35	0
AL031960	BRENDA	1960	07	31	12	00	50.5	-69	30	0
AL031960	BRENDA	1960	07	31	18	00	54.1	-69	30	0
AL031960	BRENDA	1960	08	01	00	00	57.8	-68.9	30	0
