AL031952	BAKER	1952	08	31	06	00	16.7	-58.4	60	0
AL031952	BAKER	1952	08	31	12	00	17.3	-58.7	60	0
AL031952	BAKER	1952	08	31	18	00	17.8	-59	60	0
AL031952	BAKER	1952	09	01	00	00	18.2	-59.3	65	1
AL031952	BAKER	1952	09	01	06	00	18.6	-59.5	70	1
AL031952	BAKER	1952	09	01	12	00	19	-59.8	75	1
AL031952	BAKER	1952	09	01	18	00	19.9	-60.3	80	1
AL031952	BAKER	1952	09	02	00	00	21	-61	85	2
AL031952	BAKER	1952	09	02	06	00	21.9	-61.9	90	2
AL031952	BAKER	1952	09	02	12	00	22.8	-63	95	2
AL031952	BAKER	1952	09	02	18	00	23.7	-64.2	95	2
AL031952	BAKER	1952	09	03	00	00	24.5	-65.3	100	3
AL031952	BAKER	1952	09	03	06	00	25.2	-66.4	100	3
AL031952	BAKER	1952	09	03	12	00	25.9	-67.4	100	3
AL031952	BAKER	1952	09	03	18	00	26.8	-68.4	105	3
AL031952	BAKER	1952	09	04	00	00	27.7	-69.4	105	3
AL031952	BAKER	1952	09	04	06	00	28.7	-70.2	105	3
AL031952	BAKER	1952	09	04	12	00	29.7	-70.7	105	3
AL031952	BAKER	1952	09	04	18	00	30.7	-71.1	105	3
AL031952	BAKER	1952	09	05	00	00	31.6	-71.3	105	3
AL031952	BAKER	1952	09	05	06	00	32.4	-71.2	105	3
AL031952	BAKER	1952	09	05	12	00	33	-71	105	3
AL031952	BAKER	1952	09	05	18	00	33.5	-70.6	100	3
AL031952	BAKER	1952	09	06	00	00	33.9	-70.2	100	3
AL031952	BAKER	1952	09	06	06	00	34.3	-69.9	100	3
AL031952	BAKER	1952	09	06	12	00	34.8	-69.6	95	2
AL031952	BAKER	1952	09	06	18	00	35.8	-68.6	95	2
AL031952	BAKER	1952	09	07	00	00	36.9	-67.1	90	2
AL031952	BAKER	1952	09	07	06	00	38	-65.7	85	2
AL031952	BAKER	1952	09	07	12	00	39	-64	80	1
AL031952	BAKER	1952	09	07	18	00	40.4	-61.1	75	1
AL031952	BAKER	1952	09	08	00	00	42.5	-57.4	70	1
AL031952	BAKER	1952	09	08	06	00	45.6	-51.7	65	1
AL031952	BAKER	1952	09	08	12	00	47.8	-49.3	60	0
AL031952	BAKER	1952	09	08	18	00	50	-47.7	55	0
AL031952	BAKER	1952	09	09	00	00	52	-47	50	0
AL031952	BAKER	1952	09	09	06	00	53.9	-46.5	50	0
AL031952	BAKER	1952	09	09	12	00	55.8	-45.9	45	0
AL031952	BAKER	1952	09	09	18	00	57.6	-45.8	45	0
