id,name,year,month,day,hour,minute,lat,lon,max_sustained_wind_kts,sshws
AL031967,UNNAMED,1967,06,14,12,00,27,-76,-99,0
AL031967,UNNAMED,1967,06,14,18,00,27.2,-75.7,-99,0
AL031967,UNNAMED,1967,06,15,00,00,28,-75.2,-99,0
AL031967,UNNAMED,1967,06,15,06,00,28.3,-75,-99,0
AL031967,UNNAMED,1967,06,15,12,00,29,-75,-99,0
AL031967,UNNAMED,1967,06,15,18,00,29.7,-75.2,-99,0
AL031967,UNNAMED,1967,06,16,00,00,30.1,-75.6,-99,0
AL031967,UNNAMED,1967,06,16,06,00,30.5,-75.8,-99,0
AL031967,UNNAMED,1967,06,16,12,00,31.1,-75.9,-99,0
AL031967,UNNAMED,1967,06,16,18,00,31.6,-76.8,-99,0
AL031967,UNNAMED,1967,06,17,00,00,32,-77.1,-99,0
AL031967,UNNAMED,1967,06,17,06,00,32.2,-78,-99,0
AL031967,UNNAMED,1967,06,17,12,00,32.8,-78.5,-99,0
AL031967,UNNAMED,1967,06,17,18,00,33.1,-78.9,-99,0
AL031967,UNNAMED,1967,06,18,00,00,33.5,-78,-99,0
AL031967,UNNAMED,1967,06,18,06,00,34.1,-78,-99,0
