id,name,year,month,day,hour,minute,lat,lon,max_sustained_wind_kts,sshws
AL031877,UNNAMED,1877,09,16,00,00,25.5,-50.5,70,1
AL031877,UNNAMED,1877,09,16,06,00,26,-51.8,70,1
AL031877,UNNAMED,1877,09,16,12,00,26.8,-53,70,1
AL031877,UNNAMED,1877,09,16,18,00,27.5,-54.1,70,1
AL031877,UNNAMED,1877,09,17,00,00,28.1,-54.9,70,1
AL031877,UNNAMED,1877,09,17,06,00,28.9,-55.8,70,1
AL031877,UNNAMED,1877,09,17,12,00,29.5,-56.5,70,1
AL031877,UNNAMED,1877,09,17,18,00,30.2,-57.3,70,1
AL031877,UNNAMED,1877,09,18,00,00,30.7,-57.9,70,1
AL031877,UNNAMED,1877,09,18,06,00,31.2,-58.6,70,1
AL031877,UNNAMED,1877,09,18,12,00,31.7,-59.3,70,1
AL031877,UNNAMED,1877,09,18,18,00,32.3,-60,70,1
AL031877,UNNAMED,1877,09,19,00,00,32.9,-60.7,70,1
AL031877,UNNAMED,1877,09,19,06,00,33.5,-61.5,70,1
AL031877,UNNAMED,1877,09,19,12,00,34,-62,70,1
AL031877,UNNAMED,1877,09,19,18,00,34.5,-62.7,70,1
AL031877,UNNAMED,1877,09,20,00,00,35,-63.2,70,1
AL031877,UNNAMED,1877,09,20,06,00,35.5,-63.7,70,1
AL031877,UNNAMED,1877,09,20,12,00,36,-64,70,1
AL031877,UNNAMED,1877,09,20,18,00,36.7,-64.1,70,1
AL031877,UNNAMED,1877,09,21,00,00,37.5,-64.1,70,1
AL031877,UNNAMED,1877,09,21,06,00,38,-64.1,70,1
AL031877,UNNAMED,1877,09,21,12,00,38.7,-64,70,1
AL031877,UNNAMED,1877,09,21,18,00,40.3,-63.6,70,1
AL031877,UNNAMED,1877,09,22,00,00,42.2,-62.5,60,0
AL031877,UNNAMED,1877,09,22,06,00,43.8,-61.1,60,0
AL031877,UNNAMED,1877,09,22,12,00,45.3,-59.5,60,0
AL031877,UNNAMED,1877,09,22,18,00,46.9,-56.7,60,0
