AL031857	UNNAMED	1857	09	22	00	00	32.5	-73.5	70	1
AL031857	UNNAMED	1857	09	22	06	00	32.5	-73.5	70	1
AL031857	UNNAMED	1857	09	22	12	00	32.5	-73.5	70	1
AL031857	UNNAMED	1857	09	22	18	00	32.5	-73.5	70	1
AL031857	UNNAMED	1857	09	23	00	00	32.5	-73.5	70	1
AL031857	UNNAMED	1857	09	23	06	00	32.5	-73.5	70	1
AL031857	UNNAMED	1857	09	23	12	00	32.5	-73.5	70	1
AL031857	UNNAMED	1857	09	23	18	00	32.5	-73.5	70	1
AL031857	UNNAMED	1857	09	24	00	00	32.5	-73.5	70	1
AL031857	UNNAMED	1857	09	24	06	00	32.5	-73.5	70	1
AL031857	UNNAMED	1857	09	24	12	00	32.5	-73.5	70	1
AL031857	UNNAMED	1857	09	24	18	00	32.5	-73.5	70	1
AL031857	UNNAMED	1857	09	25	00	00	32.5	-73.5	70	1
AL031857	UNNAMED	1857	09	25	06	00	32.5	-73.5	70	1
AL031857	UNNAMED	1857	09	25	12	00	32.5	-73.5	70	1
AL031857	UNNAMED	1857	09	25	18	00	32.5	-73.5	70	1
AL031857	UNNAMED	1857	09	26	00	00	32.5	-73.5	70	1
AL031857	UNNAMED	1857	09	26	06	00	32.5	-73.5	70	1
AL031857	UNNAMED	1857	09	26	12	00	32.5	-73.5	70	1
AL031857	UNNAMED	1857	09	26	18	00	32.5	-73.5	70	1
