AL031993	BRET	1993	08	04	12	00	10.4	-40.3	30	0
AL031993	BRET	1993	08	04	18	00	10.4	-41.7	30	0
AL031993	BRET	1993	08	05	00	00	10.4	-43.4	35	0
AL031993	BRET	1993	08	05	06	00	10.3	-45.3	40	0
AL031993	BRET	1993	08	05	12	00	10.3	-47.3	45	0
AL031993	BRET	1993	08	05	18	00	10.3	-49.2	45	0
AL031993	BRET	1993	08	06	00	00	10.2	-51	45	0
AL031993	BRET	1993	08	06	06	00	10.1	-52.9	50	0
AL031993	BRET	1993	08	06	12	00	10	-54.9	50	0
AL031993	BRET	1993	08	06	18	00	10.1	-56.8	50	0
AL031993	BRET	1993	08	07	00	00	10.4	-58.6	50	0
AL031993	BRET	1993	08	07	06	00	10.7	-60.5	50	0
AL031993	BRET	1993	08	07	07	00	10.8	-60.8	50	0
AL031993	BRET	1993	08	07	10	00	10.8	-61.8	50	0
AL031993	BRET	1993	08	07	12	00	10.8	-62.4	50	0
AL031993	BRET	1993	08	07	18	00	10.8	-64.1	45	0
AL031993	BRET	1993	08	08	00	00	10.8	-65.7	40	0
AL031993	BRET	1993	08	08	06	00	11	-67.6	40	0
AL031993	BRET	1993	08	08	08	00	11	-68.3	40	0
AL031993	BRET	1993	08	08	12	00	11	-69.7	40	0
AL031993	BRET	1993	08	08	18	00	11	-71.8	40	0
AL031993	BRET	1993	08	09	00	00	10.9	-73.8	40	0
AL031993	BRET	1993	08	09	06	00	10.7	-75.8	35	0
AL031993	BRET	1993	08	09	12	00	10.7	-77.8	30	0
AL031993	BRET	1993	08	09	18	00	10.7	-79.2	30	0
AL031993	BRET	1993	08	10	00	00	10.8	-80.3	30	0
AL031993	BRET	1993	08	10	06	00	11	-81.4	35	0
AL031993	BRET	1993	08	10	12	00	11.1	-82.6	40	0
AL031993	BRET	1993	08	10	17	00	11.1	-83.8	40	0
AL031993	BRET	1993	08	10	18	00	11.1	-84	35	0
AL031993	BRET	1993	08	11	00	00	11.4	-85	25	0
AL031993	BRET	1993	08	11	06	00	11.7	-85.8	20	0
AL031993	BRET	1993	08	11	12	00	12.2	-86.8	20	0
