id,name,year,month,day,hour,minute,lat,lon,max_sustained_wind_kts,sshws
AL031888,UNNAMED,1888,08,14,12,00,23,-71,35,0
AL031888,UNNAMED,1888,08,14,18,00,23.3,-72.1,40,0
AL031888,UNNAMED,1888,08,15,00,00,23.8,-73.4,50,0
AL031888,UNNAMED,1888,08,15,06,00,24.1,-74.5,60,0
AL031888,UNNAMED,1888,08,15,12,00,24.3,-75.5,70,1
AL031888,UNNAMED,1888,08,15,18,00,24.6,-76.5,80,1
AL031888,UNNAMED,1888,08,16,00,00,24.8,-77.4,90,2
AL031888,UNNAMED,1888,08,16,06,00,25.1,-78.2,100,3
AL031888,UNNAMED,1888,08,16,12,00,25.3,-79,110,3
AL031888,UNNAMED,1888,08,16,18,00,25.7,-79.9,110,3
AL031888,UNNAMED,1888,08,16,19,00,25.8,-80.1,110,3
AL031888,UNNAMED,1888,08,17,00,00,26.2,-80.9,85,2
AL031888,UNNAMED,1888,08,17,06,00,26.6,-82,70,1
AL031888,UNNAMED,1888,08,17,12,00,26.9,-83.3,80,1
AL031888,UNNAMED,1888,08,17,18,00,27.1,-84.7,90,2
AL031888,UNNAMED,1888,08,18,00,00,27.1,-86.2,95,2
AL031888,UNNAMED,1888,08,18,06,00,27.2,-87.6,95,2
AL031888,UNNAMED,1888,08,18,12,00,27.3,-88.6,95,2
AL031888,UNNAMED,1888,08,18,18,00,27.6,-89.4,95,2
AL031888,UNNAMED,1888,08,19,00,00,27.9,-90,95,2
AL031888,UNNAMED,1888,08,19,06,00,28.3,-90.4,95,2
AL031888,UNNAMED,1888,08,19,12,00,28.8,-90.6,95,2
AL031888,UNNAMED,1888,08,19,16,00,29.1,-90.7,95,2
AL031888,UNNAMED,1888,08,19,18,00,29.3,-90.8,85,2
AL031888,UNNAMED,1888,08,20,00,00,29.9,-90.9,75,1
AL031888,UNNAMED,1888,08,20,06,00,30.7,-91,70,1
AL031888,UNNAMED,1888,08,20,12,00,31.8,-91,65,1
AL031888,UNNAMED,1888,08,20,18,00,33.2,-90.8,60,0
AL031888,UNNAMED,1888,08,21,00,00,34.8,-90.1,55,0
AL031888,UNNAMED,1888,08,21,06,00,36.5,-87.8,50,0
AL031888,UNNAMED,1888,08,21,12,00,38,-85,45,0
AL031888,UNNAMED,1888,08,21,18,00,39.3,-81.3,45,0
AL031888,UNNAMED,1888,08,22,00,00,40.6,-76.5,40,0
AL031888,UNNAMED,1888,08,22,06,00,41.9,-71.8,40,0
AL031888,UNNAMED,1888,08,22,12,00,43.2,-68.1,50,0
AL031888,UNNAMED,1888,08,22,18,00,44.7,-65.3,50,0
AL031888,UNNAMED,1888,08,23,00,00,46.2,-62.8,50,0
AL031888,UNNAMED,1888,08,23,06,00,47.7,-60.5,50,0
AL031888,UNNAMED,1888,08,23,12,00,49.2,-59,45,0
AL031888,UNNAMED,1888,08,23,18,00,50.6,-57.1,45,0
AL031888,UNNAMED,1888,08,24,00,00,51.8,-55.8,40,0
AL031888,UNNAMED,1888,08,24,06,00,53,-55,40,0
AL031888,UNNAMED,1888,08,24,12,00,54,-54,35,0
AL031888,UNNAMED,1888,08,24,18,00,55.2,-53,35,0
