id,name,year,month,day,hour,minute,lat,lon,max_sustained_wind_kts,sshws
AL031930,UNNAMED,1930,10,18,12,00,20,-95.5,30,0
AL031930,UNNAMED,1930,10,18,18,00,20,-95.2,35,0
AL031930,UNNAMED,1930,10,19,00,00,20,-94.9,45,0
AL031930,UNNAMED,1930,10,19,06,00,20.1,-94.7,60,0
AL031930,UNNAMED,1930,10,19,12,00,20.3,-94.5,60,0
AL031930,UNNAMED,1930,10,19,18,00,20.5,-94.3,60,0
AL031930,UNNAMED,1930,10,20,00,00,20.8,-94.2,55,0
AL031930,UNNAMED,1930,10,20,06,00,21.1,-94.1,50,0
AL031930,UNNAMED,1930,10,20,12,00,21.5,-94,45,0
AL031930,UNNAMED,1930,10,20,18,00,22,-94,40,0
AL031930,UNNAMED,1930,10,21,00,00,22.6,-94,35,0
AL031930,UNNAMED,1930,10,21,06,00,23.3,-94,30,0
