AL031880	UNNAMED	1880	08	15	00	00	14.1	-58.8	40	0
AL031880	UNNAMED	1880	08	15	06	00	14.1	-59.5	40	0
AL031880	UNNAMED	1880	08	15	12	00	14	-60.3	40	0
AL031880	UNNAMED	1880	08	15	18	00	13.9	-61.3	40	0
AL031880	UNNAMED	1880	08	16	00	00	13.9	-62.5	40	0
AL031880	UNNAMED	1880	08	16	06	00	13.8	-63.7	40	0
AL031880	UNNAMED	1880	08	16	12	00	13.8	-65.1	50	0
AL031880	UNNAMED	1880	08	16	18	00	13.9	-66.6	50	0
AL031880	UNNAMED	1880	08	17	00	00	14.1	-68	60	0
AL031880	UNNAMED	1880	08	17	06	00	14.3	-69.5	60	0
AL031880	UNNAMED	1880	08	17	12	00	14.5	-70.6	60	0
AL031880	UNNAMED	1880	08	17	18	00	14.7	-71.6	60	0
AL031880	UNNAMED	1880	08	18	00	00	15.1	-72.5	70	1
AL031880	UNNAMED	1880	08	18	06	00	15.4	-73.3	70	1
AL031880	UNNAMED	1880	08	18	12	00	15.8	-74	70	1
AL031880	UNNAMED	1880	08	18	18	00	16.5	-75.3	70	1
AL031880	UNNAMED	1880	08	19	00	00	17.6	-76.6	80	1
AL031880	UNNAMED	1880	08	19	06	00	19	-77.3	70	1
AL031880	UNNAMED	1880	08	19	12	00	20.2	-77.5	60	0
AL031880	UNNAMED	1880	08	19	18	00	21.5	-77.6	50	0
AL031880	UNNAMED	1880	08	20	00	00	22.7	-77.3	40	0
AL031880	UNNAMED	1880	08	20	06	00	24	-76.9	40	0
AL031880	UNNAMED	1880	08	20	12	00	25.5	-76.3	40	0
AL031880	UNNAMED	1880	08	20	18	00	27.3	-75.3	40	0
