id,name,year,month,day,hour,minute,lat,lon,max_sustained_wind_kts,sshws
AL031865,UNNAMED,1865,08,20,00,00,30.3,-78.3,50,0
AL031865,UNNAMED,1865,08,20,06,00,30.6,-78.1,50,0
AL031865,UNNAMED,1865,08,20,12,00,31,-77.9,50,0
AL031865,UNNAMED,1865,08,20,18,00,31.4,-77.5,50,0
AL031865,UNNAMED,1865,08,21,00,00,31.9,-77,50,0
AL031865,UNNAMED,1865,08,21,06,00,32.4,-76.6,50,0
AL031865,UNNAMED,1865,08,21,12,00,32.9,-76.3,50,0
AL031865,UNNAMED,1865,08,21,18,00,33.2,-75.9,50,0
AL031865,UNNAMED,1865,08,22,00,00,33.5,-75.6,50,0
AL031865,UNNAMED,1865,08,22,06,00,33.8,-75.3,50,0
AL031865,UNNAMED,1865,08,22,12,00,34,-75,60,0
AL031865,UNNAMED,1865,08,22,18,00,34.5,-74.6,60,0
AL031865,UNNAMED,1865,08,23,00,00,34.9,-74.1,60,0
AL031865,UNNAMED,1865,08,23,06,00,35.4,-73.6,60,0
AL031865,UNNAMED,1865,08,23,12,00,35.9,-73.1,60,0
AL031865,UNNAMED,1865,08,23,18,00,36.4,-72.4,60,0
AL031865,UNNAMED,1865,08,24,00,00,37,-71.5,60,0
AL031865,UNNAMED,1865,08,24,06,00,37.5,-70.8,60,0
AL031865,UNNAMED,1865,08,24,12,00,38.3,-70,60,0
AL031865,UNNAMED,1865,08,24,18,00,39.3,-69,60,0
