AL031871	UNNAMED	1871	08	14	00	00	26.5	-72.4	80	1
AL031871	UNNAMED	1871	08	14	06	00	26.6	-73	80	1
AL031871	UNNAMED	1871	08	14	12	00	26.7	-73.6	80	1
AL031871	UNNAMED	1871	08	14	18	00	26.7	-74.3	80	1
AL031871	UNNAMED	1871	08	15	00	00	26.8	-75	90	2
AL031871	UNNAMED	1871	08	15	06	00	26.8	-75.8	90	2
AL031871	UNNAMED	1871	08	15	12	00	26.8	-76.7	100	3
AL031871	UNNAMED	1871	08	15	18	00	26.8	-77.7	100	3
AL031871	UNNAMED	1871	08	16	00	00	26.8	-78.5	100	3
AL031871	UNNAMED	1871	08	16	06	00	26.8	-79.1	100	3
AL031871	UNNAMED	1871	08	16	12	00	26.8	-79.5	100	3
AL031871	UNNAMED	1871	08	16	18	00	26.9	-79.8	100	3
AL031871	UNNAMED	1871	08	17	00	00	27	-80.1	100	3
AL031871	UNNAMED	1871	08	17	02	00	27.1	-80.2	100	3
AL031871	UNNAMED	1871	08	17	06	00	27.2	-80.5	90	2
AL031871	UNNAMED	1871	08	17	12	00	27.6	-81.1	80	1
AL031871	UNNAMED	1871	08	17	18	00	28.3	-81.7	70	1
AL031871	UNNAMED	1871	08	18	00	00	29	-82.1	70	1
AL031871	UNNAMED	1871	08	18	06	00	29.7	-82.5	60	0
AL031871	UNNAMED	1871	08	18	12	00	30.4	-82.3	60	0
AL031871	UNNAMED	1871	08	18	18	00	30.8	-81.9	50	0
AL031871	UNNAMED	1871	08	19	00	00	31.3	-81.4	50	0
AL031871	UNNAMED	1871	08	19	06	00	31.8	-80.8	60	0
AL031871	UNNAMED	1871	08	19	12	00	32.1	-80.2	60	0
AL031871	UNNAMED	1871	08	19	18	00	32.3	-79.6	60	0
AL031871	UNNAMED	1871	08	20	00	00	32.5	-78.8	60	0
AL031871	UNNAMED	1871	08	20	06	00	32.7	-77.6	60	0
AL031871	UNNAMED	1871	08	20	12	00	32.6	-76.8	60	0
AL031871	UNNAMED	1871	08	20	18	00	32.4	-76.4	60	0
AL031871	UNNAMED	1871	08	21	00	00	32	-76.1	60	0
AL031871	UNNAMED	1871	08	21	06	00	31.7	-76.3	60	0
AL031871	UNNAMED	1871	08	21	12	00	31.4	-76.5	60	0
AL031871	UNNAMED	1871	08	21	18	00	31.2	-77.1	60	0
AL031871	UNNAMED	1871	08	22	00	00	31.1	-78	60	0
AL031871	UNNAMED	1871	08	22	06	00	31	-78.6	60	0
AL031871	UNNAMED	1871	08	22	12	00	31	-79.5	60	0
AL031871	UNNAMED	1871	08	22	18	00	31.1	-80.4	60	0
AL031871	UNNAMED	1871	08	23	00	00	31.2	-81.4	60	0
AL031871	UNNAMED	1871	08	23	06	00	31.3	-82.4	50	0
AL031871	UNNAMED	1871	08	23	12	00	31.4	-83.5	40	0
AL031871	UNNAMED	1871	08	23	18	00	31.4	-84.5	30	0
