id,name,year,month,day,hour,minute,lat,lon,max_sustained_wind_kts,sshws
AL031902,UNNAMED,1902,09,16,06,00,7.7,-30.8,35,0
AL031902,UNNAMED,1902,09,16,12,00,8,-32,35,0
AL031902,UNNAMED,1902,09,16,18,00,8.5,-33.2,35,0
AL031902,UNNAMED,1902,09,17,00,00,9.2,-34.5,35,0
AL031902,UNNAMED,1902,09,17,06,00,9.8,-36,35,0
AL031902,UNNAMED,1902,09,17,12,00,10.4,-37.5,35,0
AL031902,UNNAMED,1902,09,17,18,00,10.9,-38.9,35,0
AL031902,UNNAMED,1902,09,18,00,00,11.4,-40.3,40,0
AL031902,UNNAMED,1902,09,18,06,00,11.9,-41.7,40,0
AL031902,UNNAMED,1902,09,18,12,00,12.3,-43,40,0
AL031902,UNNAMED,1902,09,18,18,00,12.6,-44.4,45,0
AL031902,UNNAMED,1902,09,19,00,00,13.1,-46.1,50,0
AL031902,UNNAMED,1902,09,19,06,00,13.6,-47.7,50,0
AL031902,UNNAMED,1902,09,19,12,00,14.3,-49.3,55,0
AL031902,UNNAMED,1902,09,19,18,00,15.3,-50.9,60,0
AL031902,UNNAMED,1902,09,20,00,00,16.8,-52.3,65,1
AL031902,UNNAMED,1902,09,20,06,00,18.9,-53,70,1
AL031902,UNNAMED,1902,09,20,12,00,21,-53,75,1
AL031902,UNNAMED,1902,09,20,18,00,22.9,-52.6,80,1
AL031902,UNNAMED,1902,09,21,00,00,24.7,-51.7,85,2
AL031902,UNNAMED,1902,09,21,06,00,26.5,-50.5,85,2
AL031902,UNNAMED,1902,09,21,12,00,28.3,-49.5,85,2
AL031902,UNNAMED,1902,09,21,18,00,30.2,-48.4,85,2
AL031902,UNNAMED,1902,09,22,00,00,32.1,-47.3,80,1
AL031902,UNNAMED,1902,09,22,06,00,33.6,-46,75,1
AL031902,UNNAMED,1902,09,22,12,00,34.8,-44.8,75,1
AL031902,UNNAMED,1902,09,22,18,00,35.8,-42.9,70,1
AL031902,UNNAMED,1902,09,23,00,00,36.8,-41.4,65,1
AL031902,UNNAMED,1902,09,23,06,00,37.8,-39.9,65,1
AL031902,UNNAMED,1902,09,23,12,00,38.7,-38.5,60,0
AL031902,UNNAMED,1902,09,23,18,00,39.5,-37.1,55,0
AL031902,UNNAMED,1902,09,24,00,00,40.4,-35.8,55,0
AL031902,UNNAMED,1902,09,24,06,00,41.3,-34.5,50,0
AL031902,UNNAMED,1902,09,24,12,00,42.3,-33.1,50,0
AL031902,UNNAMED,1902,09,24,18,00,44,-31.7,45,0
AL031902,UNNAMED,1902,09,25,00,00,45.7,-30.4,45,0
AL031902,UNNAMED,1902,09,25,06,00,47.6,-29.6,45,0
AL031902,UNNAMED,1902,09,25,12,00,49.8,-28.8,40,0
AL031902,UNNAMED,1902,09,25,18,00,51.6,-29.2,40,0
