AL031982	BERYL	1982	08	28	12	00	13.7	-22.2	30	0
AL031982	BERYL	1982	08	28	18	00	13.9	-22.7	35	0
AL031982	BERYL	1982	08	29	00	00	14.1	-23.6	35	0
AL031982	BERYL	1982	08	29	06	00	14.5	-24.9	40	0
AL031982	BERYL	1982	08	29	12	00	14.9	-26.3	45	0
AL031982	BERYL	1982	08	29	18	00	15.3	-27.7	45	0
AL031982	BERYL	1982	08	30	00	00	15.7	-29.1	50	0
AL031982	BERYL	1982	08	30	06	00	16	-30.6	50	0
AL031982	BERYL	1982	08	30	12	00	16.3	-32.1	50	0
AL031982	BERYL	1982	08	30	18	00	16.7	-33.6	55	0
AL031982	BERYL	1982	08	31	00	00	17	-35	55	0
AL031982	BERYL	1982	08	31	06	00	17.2	-36.4	60	0
AL031982	BERYL	1982	08	31	12	00	17.7	-37.8	60	0
AL031982	BERYL	1982	08	31	18	00	18	-39	60	0
AL031982	BERYL	1982	09	01	00	00	18.3	-40	60	0
AL031982	BERYL	1982	09	01	06	00	18.6	-40.9	60	0
AL031982	BERYL	1982	09	01	12	00	18.8	-41.7	60	0
AL031982	BERYL	1982	09	01	18	00	19	-42.4	60	0
AL031982	BERYL	1982	09	02	00	00	19.2	-43.2	55	0
AL031982	BERYL	1982	09	02	06	00	19.4	-44.1	45	0
AL031982	BERYL	1982	09	02	12	00	19.7	-45.1	35	0
AL031982	BERYL	1982	09	02	18	00	19.9	-46.2	30	0
AL031982	BERYL	1982	09	03	00	00	20.1	-47.4	30	0
AL031982	BERYL	1982	09	03	06	00	20.1	-48.6	30	0
AL031982	BERYL	1982	09	03	12	00	20	-49.8	30	0
AL031982	BERYL	1982	09	03	18	00	20	-51	30	0
AL031982	BERYL	1982	09	04	00	00	19.9	-51.9	30	0
AL031982	BERYL	1982	09	04	06	00	19.9	-52.9	30	0
AL031982	BERYL	1982	09	04	12	00	19.8	-53.8	30	0
AL031982	BERYL	1982	09	04	18	00	19.7	-54.9	30	0
AL031982	BERYL	1982	09	05	00	00	19.6	-55.9	30	0
AL031982	BERYL	1982	09	05	06	00	19.4	-57	25	0
AL031982	BERYL	1982	09	05	12	00	19.4	-58.3	25	0
AL031982	BERYL	1982	09	05	18	00	19.5	-59.7	30	0
AL031982	BERYL	1982	09	06	00	00	19.7	-61	30	0
AL031982	BERYL	1982	09	06	06	00	19.8	-62.3	30	0
AL031982	BERYL	1982	09	06	12	00	20	-63.6	25	0
