AL031988	CHRIS	1988	08	21	12	00	14.9	-43.3	25	0
AL031988	CHRIS	1988	08	21	18	00	14.6	-45.7	25	0
AL031988	CHRIS	1988	08	22	00	00	14.6	-47.8	25	0
AL031988	CHRIS	1988	08	22	06	00	14.7	-49.9	25	0
AL031988	CHRIS	1988	08	22	12	00	14.8	-51.9	30	0
AL031988	CHRIS	1988	08	22	18	00	15.1	-54	30	0
AL031988	CHRIS	1988	08	23	00	00	15.3	-55.7	30	0
AL031988	CHRIS	1988	08	23	06	00	15.6	-57.5	30	0
AL031988	CHRIS	1988	08	23	12	00	16	-59.2	30	0
AL031988	CHRIS	1988	08	23	18	00	16.3	-61	30	0
AL031988	CHRIS	1988	08	24	00	00	16.7	-62.4	30	0
AL031988	CHRIS	1988	08	24	06	00	16.9	-63.8	30	0
AL031988	CHRIS	1988	08	24	12	00	17.2	-65.2	30	0
AL031988	CHRIS	1988	08	24	18	00	17.5	-66.7	30	0
AL031988	CHRIS	1988	08	25	00	00	17.8	-67.8	30	0
AL031988	CHRIS	1988	08	25	06	00	18.2	-68.8	30	0
AL031988	CHRIS	1988	08	25	12	00	18.5	-69.8	30	0
AL031988	CHRIS	1988	08	25	18	00	19.1	-70.9	30	0
AL031988	CHRIS	1988	08	26	00	00	19.8	-72.1	30	0
AL031988	CHRIS	1988	08	26	06	00	20.5	-73.2	30	0
AL031988	CHRIS	1988	08	26	12	00	21.5	-74.2	30	0
AL031988	CHRIS	1988	08	26	18	00	22.5	-75.4	30	0
AL031988	CHRIS	1988	08	27	00	00	23.3	-76.2	30	0
AL031988	CHRIS	1988	08	27	06	00	24.1	-77.2	30	0
AL031988	CHRIS	1988	08	27	12	00	24.9	-78.1	30	0
AL031988	CHRIS	1988	08	27	18	00	25.8	-79	30	0
AL031988	CHRIS	1988	08	28	00	00	26.8	-79.7	30	0
AL031988	CHRIS	1988	08	28	06	00	28.2	-80	40	0
AL031988	CHRIS	1988	08	28	12	00	30.8	-80.8	45	0
AL031988	CHRIS	1988	08	28	15	00	32	-80.9	40	0
AL031988	CHRIS	1988	08	28	18	00	32.8	-81.1	35	0
AL031988	CHRIS	1988	08	29	00	00	34.1	-81.1	25	0
AL031988	CHRIS	1988	08	29	06	00	35.8	-80.6	20	0
AL031988	CHRIS	1988	08	29	12	00	37.5	-79.5	20	0
AL031988	CHRIS	1988	08	29	18	00	39.2	-77.6	20	0
AL031988	CHRIS	1988	08	30	00	00	41.2	-73.6	20	0
AL031988	CHRIS	1988	08	30	06	00	43.5	-69.9	20	0
AL031988	CHRIS	1988	08	30	12	00	45	-65	25	0
AL031988	CHRIS	1988	08	30	18	00	46.5	-60	25	0
