AL031884	UNNAMED	1884	09	10	00	00	28.7	-79.1	40	0
AL031884	UNNAMED	1884	09	10	06	00	29.7	-80.1	40	0
AL031884	UNNAMED	1884	09	10	12	00	30.6	-80.6	40	0
AL031884	UNNAMED	1884	09	10	18	00	31	-80.9	40	0
AL031884	UNNAMED	1884	09	11	00	00	31.5	-81.1	40	0
AL031884	UNNAMED	1884	09	11	01	00	31.6	-81.2	40	0
AL031884	UNNAMED	1884	09	11	06	00	31.9	-81.5	40	0
AL031884	UNNAMED	1884	09	11	12	00	32.5	-81.6	30	0
AL031884	UNNAMED	1884	09	11	18	00	33	-81.3	30	0
AL031884	UNNAMED	1884	09	12	00	00	33.2	-81	30	0
AL031884	UNNAMED	1884	09	12	06	00	33.2	-80.4	30	0
AL031884	UNNAMED	1884	09	12	12	00	33	-79.9	30	0
AL031884	UNNAMED	1884	09	12	18	00	32.2	-79.6	40	0
AL031884	UNNAMED	1884	09	13	00	00	31.4	-79.1	50	0
AL031884	UNNAMED	1884	09	13	06	00	30.5	-78.5	50	0
AL031884	UNNAMED	1884	09	13	12	00	30.3	-77.3	50	0
AL031884	UNNAMED	1884	09	13	18	00	30.5	-76.4	50	0
AL031884	UNNAMED	1884	09	14	00	00	30.7	-75.5	60	0
AL031884	UNNAMED	1884	09	14	06	00	30.5	-74.4	60	0
AL031884	UNNAMED	1884	09	14	12	00	30	-74	60	0
AL031884	UNNAMED	1884	09	14	18	00	29.6	-73.9	70	1
AL031884	UNNAMED	1884	09	15	00	00	29.3	-73.9	70	1
AL031884	UNNAMED	1884	09	15	06	00	28.8	-74	70	1
AL031884	UNNAMED	1884	09	15	12	00	28.4	-74.4	70	1
AL031884	UNNAMED	1884	09	15	18	00	28.1	-74.9	70	1
AL031884	UNNAMED	1884	09	16	00	00	27.9	-75.4	70	1
AL031884	UNNAMED	1884	09	16	06	00	27.8	-76	70	1
AL031884	UNNAMED	1884	09	16	12	00	27.8	-75.8	70	1
AL031884	UNNAMED	1884	09	16	18	00	27.9	-75.5	70	1
AL031884	UNNAMED	1884	09	17	00	00	28.1	-75.1	80	1
AL031884	UNNAMED	1884	09	17	06	00	28.4	-74.6	80	1
AL031884	UNNAMED	1884	09	17	12	00	28.8	-73.5	80	1
AL031884	UNNAMED	1884	09	17	18	00	29.2	-71.5	80	1
AL031884	UNNAMED	1884	09	18	00	00	29.6	-68	80	1
AL031884	UNNAMED	1884	09	18	06	00	30.2	-65.3	80	1
AL031884	UNNAMED	1884	09	18	12	00	31.4	-61.3	80	1
AL031884	UNNAMED	1884	09	18	18	00	34	-58.5	80	1
AL031884	UNNAMED	1884	09	19	00	00	39	-56	70	1
AL031884	UNNAMED	1884	09	19	06	00	42.7	-53.5	70	1
AL031884	UNNAMED	1884	09	19	12	00	44.5	-50.5	70	1
AL031884	UNNAMED	1884	09	19	18	00	46	-45.8	70	1
AL031884	UNNAMED	1884	09	20	00	00	47.7	-40.4	60	0
AL031884	UNNAMED	1884	09	20	06	00	49.5	-34.5	60	0
AL031884	UNNAMED	1884	09	20	12	00	51	-29	50	0
AL031884	UNNAMED	1884	09	20	18	00	53	-23	50	0
