AL032006	BERYL	2006	07	18	12	00	32.3	-73.3	30	0
AL032006	BERYL	2006	07	18	18	00	33	-73.3	35	0
AL032006	BERYL	2006	07	19	00	00	33.8	-73.5	35	0
AL032006	BERYL	2006	07	19	06	00	34.5	-73.7	35	0
AL032006	BERYL	2006	07	19	12	00	35.2	-73.6	40	0
AL032006	BERYL	2006	07	19	18	00	35.9	-73.5	50	0
AL032006	BERYL	2006	07	20	00	00	36.6	-73.2	50	0
AL032006	BERYL	2006	07	20	06	00	37.4	-73.2	50	0
AL032006	BERYL	2006	07	20	12	00	38.3	-73	50	0
AL032006	BERYL	2006	07	20	18	00	39.1	-72.5	45	0
AL032006	BERYL	2006	07	21	00	00	39.8	-71.8	45	0
AL032006	BERYL	2006	07	21	06	00	41	-70.5	45	0
AL032006	BERYL	2006	07	21	06	45	41.3	-70.1	45	0
AL032006	BERYL	2006	07	21	12	00	42.4	-68.4	40	0
AL032006	BERYL	2006	07	21	18	00	43.8	-66.3	35	0
AL032006	BERYL	2006	07	22	00	00	45.5	-63.3	35	0
AL032006	BERYL	2006	07	22	06	00	47.2	-60	35	0
AL032006	BERYL	2006	07	22	12	00	48.5	-56.5	30	0
