id,name,year,month,day,hour,minute,lat,lon,max_sustained_wind_kts,sshws
AL031883,UNNAMED,1883,09,04,00,00,14,-57.9,110,3
AL031883,UNNAMED,1883,09,04,06,00,14.4,-59.2,110,3
AL031883,UNNAMED,1883,09,04,12,00,14.7,-60.3,110,3
AL031883,UNNAMED,1883,09,04,18,00,15,-61.5,110,3
AL031883,UNNAMED,1883,09,05,00,00,15.4,-62.8,110,3
AL031883,UNNAMED,1883,09,05,06,00,15.9,-64.1,110,3
AL031883,UNNAMED,1883,09,05,12,00,16.2,-65.5,110,3
AL031883,UNNAMED,1883,09,05,18,00,16.7,-66.8,110,3
AL031883,UNNAMED,1883,09,06,00,00,17.4,-68.3,110,3
AL031883,UNNAMED,1883,09,06,06,00,18,-69.9,110,3
AL031883,UNNAMED,1883,09,06,12,00,18.7,-71.5,80,1
AL031883,UNNAMED,1883,09,06,18,00,19.7,-72.6,70,1
AL031883,UNNAMED,1883,09,07,00,00,20.7,-73.7,70,1
AL031883,UNNAMED,1883,09,07,06,00,21.4,-74.8,70,1
AL031883,UNNAMED,1883,09,07,12,00,22,-75.5,70,1
AL031883,UNNAMED,1883,09,07,18,00,22.5,-76,70,1
AL031883,UNNAMED,1883,09,08,00,00,23,-76.3,80,1
AL031883,UNNAMED,1883,09,08,06,00,23.5,-76.6,80,1
AL031883,UNNAMED,1883,09,08,12,00,24,-76.9,90,2
AL031883,UNNAMED,1883,09,08,18,00,24.7,-77.2,90,2
AL031883,UNNAMED,1883,09,09,00,00,25.5,-77.5,90,2
AL031883,UNNAMED,1883,09,09,06,00,26.4,-77.8,90,2
AL031883,UNNAMED,1883,09,09,12,00,27.3,-78,90,2
AL031883,UNNAMED,1883,09,09,18,00,28,-78.1,90,2
AL031883,UNNAMED,1883,09,10,00,00,28.7,-78.2,90,2
AL031883,UNNAMED,1883,09,10,06,00,29.5,-78.3,90,2
AL031883,UNNAMED,1883,09,10,12,00,30.2,-78.4,90,2
AL031883,UNNAMED,1883,09,10,18,00,31.2,-78.5,90,2
AL031883,UNNAMED,1883,09,11,00,00,32.2,-78.6,90,2
AL031883,UNNAMED,1883,09,11,06,00,33,-78.6,90,2
AL031883,UNNAMED,1883,09,11,12,00,33.8,-78.5,90,2
AL031883,UNNAMED,1883,09,11,13,00,33.9,-78.5,90,2
AL031883,UNNAMED,1883,09,11,18,00,34.4,-78.4,70,1
AL031883,UNNAMED,1883,09,12,00,00,35,-78.3,50,0
AL031883,UNNAMED,1883,09,12,06,00,35.4,-78.2,50,0
AL031883,UNNAMED,1883,09,12,12,00,36,-78.1,40,0
AL031883,UNNAMED,1883,09,12,18,00,37,-77.9,40,0
AL031883,UNNAMED,1883,09,13,00,00,38,-77.6,30,0
AL031883,UNNAMED,1883,09,13,06,00,39.3,-77.3,30,0
