id,name,year,month,day,hour,minute,lat,lon,max_sustained_wind_kts,sshws
AL031872,UNNAMED,1872,09,09,00,00,12.5,-59.4,40,0
AL031872,UNNAMED,1872,09,09,06,00,12.8,-59.7,40,0
AL031872,UNNAMED,1872,09,09,12,00,13.3,-60,40,0
AL031872,UNNAMED,1872,09,09,18,00,13.9,-60.3,40,0
AL031872,UNNAMED,1872,09,10,00,00,14.4,-60.6,50,0
AL031872,UNNAMED,1872,09,10,06,00,15.2,-61,50,0
AL031872,UNNAMED,1872,09,10,12,00,16,-61.5,50,0
AL031872,UNNAMED,1872,09,10,18,00,16.9,-62.1,50,0
AL031872,UNNAMED,1872,09,11,00,00,17.7,-62.7,60,0
AL031872,UNNAMED,1872,09,11,06,00,18.7,-63.1,60,0
AL031872,UNNAMED,1872,09,11,12,00,19.7,-63.5,60,0
AL031872,UNNAMED,1872,09,11,18,00,20.9,-63.7,60,0
AL031872,UNNAMED,1872,09,12,00,00,21.6,-63.8,70,1
AL031872,UNNAMED,1872,09,12,06,00,22.5,-63.8,70,1
AL031872,UNNAMED,1872,09,12,12,00,23.2,-63.7,70,1
AL031872,UNNAMED,1872,09,12,18,00,24,-63.6,70,1
AL031872,UNNAMED,1872,09,13,00,00,24.7,-63.5,70,1
AL031872,UNNAMED,1872,09,13,06,00,25.4,-63.3,70,1
AL031872,UNNAMED,1872,09,13,12,00,26.1,-63.2,70,1
AL031872,UNNAMED,1872,09,13,18,00,26.8,-63.1,70,1
AL031872,UNNAMED,1872,09,14,00,00,27.4,-63,70,1
AL031872,UNNAMED,1872,09,14,06,00,28.1,-62.8,70,1
AL031872,UNNAMED,1872,09,14,12,00,28.7,-62.7,70,1
AL031872,UNNAMED,1872,09,14,18,00,29.6,-62.5,70,1
AL031872,UNNAMED,1872,09,15,00,00,30.3,-62.4,70,1
AL031872,UNNAMED,1872,09,15,06,00,31,-62.3,70,1
AL031872,UNNAMED,1872,09,15,12,00,31.7,-62.2,70,1
AL031872,UNNAMED,1872,09,15,18,00,32.2,-62.1,70,1
AL031872,UNNAMED,1872,09,16,00,00,32.8,-61.9,70,1
AL031872,UNNAMED,1872,09,16,06,00,33.5,-61.8,70,1
AL031872,UNNAMED,1872,09,16,12,00,34,-61.7,70,1
AL031872,UNNAMED,1872,09,16,18,00,34.5,-61.5,70,1
AL031872,UNNAMED,1872,09,17,00,00,35.3,-61.1,70,1
AL031872,UNNAMED,1872,09,17,06,00,36,-60.7,70,1
AL031872,UNNAMED,1872,09,17,12,00,37,-60.1,70,1
AL031872,UNNAMED,1872,09,17,18,00,37.7,-59.7,70,1
AL031872,UNNAMED,1872,09,18,00,00,38.3,-59.4,70,1
AL031872,UNNAMED,1872,09,18,06,00,38.9,-59.1,70,1
AL031872,UNNAMED,1872,09,18,12,00,39.5,-58.7,70,1
AL031872,UNNAMED,1872,09,18,18,00,40,-58.4,70,1
AL031872,UNNAMED,1872,09,19,00,00,40.9,-58,70,1
AL031872,UNNAMED,1872,09,19,06,00,41.5,-57.4,70,1
AL031872,UNNAMED,1872,09,19,12,00,42,-56.9,70,1
AL031872,UNNAMED,1872,09,19,18,00,42.5,-56.4,70,1
AL031872,UNNAMED,1872,09,20,00,00,43,-56,70,1
AL031872,UNNAMED,1872,09,20,06,00,43.3,-55.5,70,1
AL031872,UNNAMED,1872,09,20,12,00,43.7,-55,70,1
AL031872,UNNAMED,1872,09,20,18,00,44.2,-54.5,70,1
