AL031949	UNNAMED	1949	08	30	18	00	11.9	-55.8	30	0
AL031949	UNNAMED	1949	08	31	00	00	12.2	-56.5	30	0
AL031949	UNNAMED	1949	08	31	06	00	12.6	-57.3	35	0
AL031949	UNNAMED	1949	08	31	12	00	13	-58.1	35	0
AL031949	UNNAMED	1949	08	31	18	00	13.3	-59	40	0
AL031949	UNNAMED	1949	09	01	00	00	13.6	-60	40	0
AL031949	UNNAMED	1949	09	01	06	00	13.9	-61	40	0
AL031949	UNNAMED	1949	09	01	12	00	14.2	-62	40	0
AL031949	UNNAMED	1949	09	01	18	00	14.7	-63.2	40	0
AL031949	UNNAMED	1949	09	02	00	00	15	-64.4	40	0
AL031949	UNNAMED	1949	09	02	06	00	15.2	-65.2	40	0
AL031949	UNNAMED	1949	09	02	12	00	15.3	-66	40	0
AL031949	UNNAMED	1949	09	02	18	00	15.3	-66.9	30	0
AL031949	UNNAMED	1949	09	03	00	00	15.3	-68	25	0
