AL031962	CELIA	1962	09	12	00	00	15.9	-45.9	25	0
AL031962	CELIA	1962	09	12	06	00	16	-46.7	25	0
AL031962	CELIA	1962	09	12	12	00	16.2	-47.5	30	0
AL031962	CELIA	1962	09	12	18	00	16.4	-48.7	35	0
AL031962	CELIA	1962	09	13	00	00	16.6	-49.8	40	0
AL031962	CELIA	1962	09	13	06	00	17	-51.2	50	0
AL031962	CELIA	1962	09	13	12	00	17.5	-52.6	60	0
AL031962	CELIA	1962	09	13	18	00	17.9	-53.9	50	0
AL031962	CELIA	1962	09	14	00	00	18.4	-55.1	45	0
AL031962	CELIA	1962	09	14	06	00	18.8	-56.2	45	0
AL031962	CELIA	1962	09	14	12	00	19.3	-57.3	45	0
AL031962	CELIA	1962	09	14	18	00	19.7	-58	45	0
AL031962	CELIA	1962	09	15	00	00	20.1	-58.6	40	0
AL031962	CELIA	1962	09	15	06	00	20.8	-59.4	35	0
AL031962	CELIA	1962	09	15	12	00	21.6	-60.1	30	0
AL031962	CELIA	1962	09	15	18	00	23.1	-60.5	30	0
AL031962	CELIA	1962	09	16	00	00	24.6	-60.5	25	0
AL031962	CELIA	1962	09	16	06	00	26	-60.5	25	0
AL031962	CELIA	1962	09	16	12	00	27.5	-60.3	25	0
AL031962	CELIA	1962	09	16	18	00	28.7	-59.7	25	0
AL031962	CELIA	1962	09	17	00	00	29.7	-58.9	25	0
AL031962	CELIA	1962	09	17	06	00	30.1	-57.6	25	0
AL031962	CELIA	1962	09	17	12	00	29.8	-56.3	25	0
AL031962	CELIA	1962	09	17	18	00	30	-55	25	0
AL031962	CELIA	1962	09	18	00	00	30.3	-53.6	25	0
AL031962	CELIA	1962	09	18	06	00	30.5	-52.5	25	0
AL031962	CELIA	1962	09	18	12	00	30	-51.6	30	0
AL031962	CELIA	1962	09	18	18	00	29.6	-51.8	30	0
AL031962	CELIA	1962	09	19	00	00	29.1	-52.2	30	0
AL031962	CELIA	1962	09	19	06	00	29.2	-52.5	35	0
AL031962	CELIA	1962	09	19	12	00	29.2	-52.8	40	0
AL031962	CELIA	1962	09	19	18	00	29.3	-53.6	40	0
AL031962	CELIA	1962	09	20	00	00	29.6	-54.4	40	0
AL031962	CELIA	1962	09	20	06	00	30.7	-55.2	30	0
AL031962	CELIA	1962	09	20	12	00	31.9	-55.5	25	0
AL031962	CELIA	1962	09	20	18	00	32.7	-55.2	25	0
AL031962	CELIA	1962	09	21	00	00	33.6	-54.8	25	0
AL031962	CELIA	1962	09	21	06	00	35.8	-53.7	25	0
AL031962	CELIA	1962	09	21	12	00	38	-52.6	25	0
AL031962	CELIA	1962	09	21	18	00	40.7	-52.1	25	0
