AL031909	UNNAMED	1909	06	26	12	00	21	-72	30	0
AL031909	UNNAMED	1909	06	26	18	00	21.2	-73.1	30	0
AL031909	UNNAMED	1909	06	27	00	00	21.4	-74.1	30	0
AL031909	UNNAMED	1909	06	27	06	00	21.7	-75.1	30	0
AL031909	UNNAMED	1909	06	27	12	00	22	-76	35	0
AL031909	UNNAMED	1909	06	27	18	00	22.7	-76.9	35	0
AL031909	UNNAMED	1909	06	28	00	00	23.4	-77.6	35	0
AL031909	UNNAMED	1909	06	28	06	00	24.2	-78.5	40	0
AL031909	UNNAMED	1909	06	28	12	00	25	-79.3	45	0
AL031909	UNNAMED	1909	06	28	18	00	25.8	-79.9	45	0
AL031909	UNNAMED	1909	06	28	20	00	26	-80.1	45	0
AL031909	UNNAMED	1909	06	29	00	00	26.5	-80.5	40	0
AL031909	UNNAMED	1909	06	29	06	00	27.3	-81.1	35	0
AL031909	UNNAMED	1909	06	29	12	00	28	-81.7	35	0
AL031909	UNNAMED	1909	06	29	18	00	28.4	-82.2	35	0
AL031909	UNNAMED	1909	06	30	00	00	29	-82.9	35	0
AL031909	UNNAMED	1909	06	30	06	00	29.5	-83.4	35	0
AL031909	UNNAMED	1909	06	30	12	00	30	-84	35	0
AL031909	UNNAMED	1909	06	30	14	00	30.1	-84.1	35	0
AL031909	UNNAMED	1909	06	30	18	00	30.2	-84.3	30	0
AL031909	UNNAMED	1909	07	01	00	00	30.4	-84.5	30	0
AL031909	UNNAMED	1909	07	01	06	00	30.6	-84.6	30	0
AL031909	UNNAMED	1909	07	01	12	00	31	-84.7	30	0
AL031909	UNNAMED	1909	07	01	18	00	31.3	-84.6	25	0
AL031909	UNNAMED	1909	07	02	00	00	31.6	-84.3	25	0
AL031909	UNNAMED	1909	07	02	06	00	31.9	-83.8	25	0
AL031909	UNNAMED	1909	07	02	12	00	32	-83.5	25	0
AL031909	UNNAMED	1909	07	02	18	00	32.2	-82.8	25	0
AL031909	UNNAMED	1909	07	03	00	00	32.4	-81.7	25	0
AL031909	UNNAMED	1909	07	03	06	00	32.4	-80.7	30	0
AL031909	UNNAMED	1909	07	03	12	00	32.3	-79.7	30	0
AL031909	UNNAMED	1909	07	03	18	00	32	-78.3	30	0
AL031909	UNNAMED	1909	07	04	00	00	31.5	-77	30	0
AL031909	UNNAMED	1909	07	04	06	00	31	-75.7	30	0
AL031909	UNNAMED	1909	07	04	12	00	30.3	-74.5	30	0
AL031909	UNNAMED	1909	07	04	18	00	29.6	-73.2	30	0
