AL031858	UNNAMED	1858	09	14	00	00	25.2	-84.6	60	0
AL031858	UNNAMED	1858	09	14	06	00	26	-83.9	60	0
AL031858	UNNAMED	1858	09	14	12	00	26.9	-83.1	60	0
AL031858	UNNAMED	1858	09	14	15	00	27.6	-82.7	60	0
AL031858	UNNAMED	1858	09	14	18	00	27.9	-82	50	0
AL031858	UNNAMED	1858	09	15	00	00	28.9	-80.8	50	0
AL031858	UNNAMED	1858	09	15	06	00	30	-79.6	60	0
AL031858	UNNAMED	1858	09	15	12	00	31.2	-78.5	80	1
AL031858	UNNAMED	1858	09	15	18	00	32.4	-77.3	90	2
AL031858	UNNAMED	1858	09	16	00	00	34	-75.8	90	2
AL031858	UNNAMED	1858	09	16	06	00	36	-74.6	90	2
AL031858	UNNAMED	1858	09	16	12	00	38.5	-73.3	80	1
AL031858	UNNAMED	1858	09	16	17	00	40.9	-72.2	80	1
AL031858	UNNAMED	1858	09	16	18	00	41.4	-72	70	1
AL031858	UNNAMED	1858	09	17	00	00	45.5	-70	50	0
AL031858	UNNAMED	1858	09	17	06	00	50	-67	40	0
