id,name,year,month,day,hour,minute,lat,lon,max_sustained_wind_kts,sshws
AL041981,UNNAMED,1981,06,03,06,00,19.4,-94.3,20,0
AL041981,UNNAMED,1981,06,03,12,00,20,-95,25,0
AL041981,UNNAMED,1981,06,03,18,00,20.9,-95.3,25,0
AL041981,UNNAMED,1981,06,04,00,00,21.8,-95.8,30,0
AL041981,UNNAMED,1981,06,04,06,00,22.8,-96,30,0
AL041981,UNNAMED,1981,06,04,12,00,23.6,-96.4,30,0
AL041981,UNNAMED,1981,06,04,18,00,25,-96.3,30,0
AL041981,UNNAMED,1981,06,05,00,00,26.2,-96.2,30,0
AL041981,UNNAMED,1981,06,05,06,00,27.7,-96.1,30,0
AL041981,UNNAMED,1981,06,05,12,00,29,-96,25,0
AL041981,UNNAMED,1981,06,05,18,00,30.3,-95.3,-99,0
