AL041873	UNNAMED	1873	09	22	00	00	22.2	-86.1	40	0
AL041873	UNNAMED	1873	09	22	06	00	23.2	-86	40	0
AL041873	UNNAMED	1873	09	22	12	00	24.2	-85.5	40	0
AL041873	UNNAMED	1873	09	22	18	00	25	-85	40	0
AL041873	UNNAMED	1873	09	23	00	00	26	-84.1	50	0
AL041873	UNNAMED	1873	09	23	06	00	27	-83.4	50	0
AL041873	UNNAMED	1873	09	23	10	00	27.8	-82.8	50	0
AL041873	UNNAMED	1873	09	23	12	00	28.1	-82.6	50	0
AL041873	UNNAMED	1873	09	23	18	00	29.3	-81.3	40	0
AL041873	UNNAMED	1873	09	24	00	00	31.1	-79	40	0
AL041873	UNNAMED	1873	09	24	06	00	32.9	-76.8	40	0
AL041873	UNNAMED	1873	09	24	12	00	34.9	-73.6	50	0
AL041873	UNNAMED	1873	09	24	18	00	36.7	-70	50	0
