AL041891	UNNAMED	1891	09	02	06	00	19.3	-58.2	35	0
AL041891	UNNAMED	1891	09	02	12	00	19.7	-59.2	40	0
AL041891	UNNAMED	1891	09	02	18	00	19.9	-60	40	0
AL041891	UNNAMED	1891	09	03	00	00	20.1	-60.7	45	0
AL041891	UNNAMED	1891	09	03	06	00	20.4	-61.5	50	0
AL041891	UNNAMED	1891	09	03	12	00	20.8	-62.3	55	0
AL041891	UNNAMED	1891	09	03	18	00	21.3	-63.1	60	0
AL041891	UNNAMED	1891	09	04	00	00	21.8	-63.9	70	1
AL041891	UNNAMED	1891	09	04	06	00	22.3	-64.7	75	1
AL041891	UNNAMED	1891	09	04	12	00	22.8	-65.5	80	1
AL041891	UNNAMED	1891	09	04	18	00	23.4	-66.2	85	2
AL041891	UNNAMED	1891	09	05	00	00	23.9	-66.9	85	2
AL041891	UNNAMED	1891	09	05	06	00	24.6	-67.6	85	2
AL041891	UNNAMED	1891	09	05	12	00	25.2	-68.3	85	2
AL041891	UNNAMED	1891	09	05	18	00	26	-69	85	2
AL041891	UNNAMED	1891	09	06	00	00	27.1	-69.7	85	2
AL041891	UNNAMED	1891	09	06	06	00	28.3	-70.3	85	2
AL041891	UNNAMED	1891	09	06	12	00	29.6	-71	85	2
AL041891	UNNAMED	1891	09	06	18	00	31	-71.4	85	2
AL041891	UNNAMED	1891	09	07	00	00	32.7	-71.5	85	2
AL041891	UNNAMED	1891	09	07	06	00	34.7	-71.3	85	2
AL041891	UNNAMED	1891	09	07	12	00	36.8	-70.3	85	2
AL041891	UNNAMED	1891	09	07	18	00	39.5	-68	85	2
AL041891	UNNAMED	1891	09	08	00	00	42.6	-64.6	80	1
AL041891	UNNAMED	1891	09	08	06	00	45.8	-60.9	75	1
AL041891	UNNAMED	1891	09	08	12	00	48.6	-57.9	70	1
AL041891	UNNAMED	1891	09	08	18	00	50.9	-55.5	65	1
AL041891	UNNAMED	1891	09	09	00	00	52.9	-53.3	60	0
AL041891	UNNAMED	1891	09	09	06	00	54.7	-51.1	55	0
AL041891	UNNAMED	1891	09	09	12	00	56.2	-49.2	50	0
AL041891	UNNAMED	1891	09	09	18	00	57.5	-47.5	45	0
AL041891	UNNAMED	1891	09	10	00	00	58.5	-45.9	40	0
AL041891	UNNAMED	1891	09	10	06	00	59.2	-44.5	35	0
AL041891	UNNAMED	1891	09	10	12	00	59.7	-43.3	30	0
