AL042013	DORIAN	2013	07	22	18	00	11.3	-20	25	0
AL042013	DORIAN	2013	07	23	00	00	11.5	-20.9	25	0
AL042013	DORIAN	2013	07	23	06	00	11.7	-21.8	25	0
AL042013	DORIAN	2013	07	23	12	00	12	-22.8	25	0
AL042013	DORIAN	2013	07	23	18	00	12.4	-23.9	25	0
AL042013	DORIAN	2013	07	24	00	00	13	-25.4	30	0
AL042013	DORIAN	2013	07	24	06	00	13.5	-27.1	35	0
AL042013	DORIAN	2013	07	24	12	00	13.9	-29	40	0
AL042013	DORIAN	2013	07	24	18	00	14.4	-30.8	45	0
AL042013	DORIAN	2013	07	25	00	00	14.9	-32.4	45	0
AL042013	DORIAN	2013	07	25	06	00	15.3	-33.9	50	0
AL042013	DORIAN	2013	07	25	12	00	15.7	-35.5	50	0
AL042013	DORIAN	2013	07	25	18	00	16	-37.1	50	0
AL042013	DORIAN	2013	07	26	00	00	16.4	-38.7	45	0
AL042013	DORIAN	2013	07	26	06	00	16.9	-40.7	45	0
AL042013	DORIAN	2013	07	26	12	00	17.3	-42.8	45	0
AL042013	DORIAN	2013	07	26	18	00	17.6	-45	40	0
AL042013	DORIAN	2013	07	27	00	00	17.8	-47.1	35	0
AL042013	DORIAN	2013	07	27	06	00	18	-49.2	35	0
AL042013	DORIAN	2013	07	27	12	00	18.3	-51.1	35	0
AL042013	DORIAN	2013	07	27	18	00	18.6	-53	35	0
AL042013	DORIAN	2013	07	28	00	00	19	-54.9	35	0
AL042013	DORIAN	2013	07	28	06	00	19.4	-56.8	35	0
AL042013	DORIAN	2013	07	28	12	00	19.8	-58.6	35	0
AL042013	DORIAN	2013	07	28	18	00	20.1	-60.3	30	0
AL042013	DORIAN	2013	07	29	00	00	20.4	-62	25	0
AL042013	DORIAN	2013	07	29	06	00	20.6	-63.7	25	0
AL042013	DORIAN	2013	07	29	12	00	20.8	-65.3	25	0
AL042013	DORIAN	2013	07	29	18	00	21	-66.9	25	0
AL042013	DORIAN	2013	07	30	00	00	21.3	-68.5	25	0
AL042013	DORIAN	2013	07	30	06	00	21.5	-69.8	25	0
AL042013	DORIAN	2013	07	30	12	00	21.7	-71	25	0
AL042013	DORIAN	2013	07	30	18	00	21.9	-72.2	25	0
AL042013	DORIAN	2013	07	31	00	00	22.1	-73.3	25	0
AL042013	DORIAN	2013	07	31	06	00	22.4	-74.4	25	0
AL042013	DORIAN	2013	07	31	12	00	22.6	-75.3	25	0
AL042013	DORIAN	2013	07	31	18	00	22.8	-75.9	25	0
AL042013	DORIAN	2013	08	01	00	00	23	-76.5	25	0
AL042013	DORIAN	2013	08	01	06	00	23.3	-77	25	0
AL042013	DORIAN	2013	08	01	12	00	23.7	-77.7	25	0
AL042013	DORIAN	2013	08	01	18	00	24.2	-78.4	25	0
AL042013	DORIAN	2013	08	02	00	00	24.9	-79	25	0
AL042013	DORIAN	2013	08	02	06	00	25.7	-79.3	25	0
AL042013	DORIAN	2013	08	02	12	00	26.5	-79.4	25	0
AL042013	DORIAN	2013	08	02	18	00	27.4	-79.4	25	0
AL042013	DORIAN	2013	08	03	00	00	28.4	-79.3	30	0
AL042013	DORIAN	2013	08	03	06	00	29.4	-79.1	30	0
AL042013	DORIAN	2013	08	03	12	00	30.3	-78.8	30	0
AL042013	DORIAN	2013	08	03	18	00	31.1	-78.1	30	0
AL042013	DORIAN	2013	08	04	00	00	31.8	-77.2	30	0
AL042013	DORIAN	2013	08	04	06	00	32.4	-75.6	30	0
