id,name,year,month,day,hour,minute,lat,lon,max_sustained_wind_kts,sshws
AL041971,UNNAMED,1971,08,03,12,00,31,-63.5,15,0
AL041971,UNNAMED,1971,08,03,18,00,31.5,-64,15,0
AL041971,UNNAMED,1971,08,04,00,00,32,-64.5,15,0
AL041971,UNNAMED,1971,08,04,06,00,32.6,-64.9,15,0
AL041971,UNNAMED,1971,08,04,12,00,33.5,-65,15,0
AL041971,UNNAMED,1971,08,04,18,00,34.6,-64.6,15,0
AL041971,UNNAMED,1971,08,05,00,00,36,-63.5,20,0
AL041971,UNNAMED,1971,08,05,06,00,37.7,-61.8,25,0
AL041971,UNNAMED,1971,08,05,12,00,39.5,-60,30,0
AL041971,UNNAMED,1971,08,05,18,00,40.5,-58.5,40,0
AL041971,UNNAMED,1971,08,06,00,00,41.5,-56,50,0
AL041971,UNNAMED,1971,08,06,06,00,43.4,-52.6,60,0
AL041971,UNNAMED,1971,08,06,12,00,46,-49,75,1
AL041971,UNNAMED,1971,08,06,18,00,50,-46,70,1
AL041971,UNNAMED,1971,08,07,00,00,53,-45,70,1
AL041971,UNNAMED,1971,08,07,06,00,55.7,-43.8,70,1
AL041971,UNNAMED,1971,08,07,12,00,58,-43,70,1
