AL041892	UNNAMED	1892	09	08	18	00	22	-92.8	35	0
AL041892	UNNAMED	1892	09	09	00	00	22.7	-93.2	35	0
AL041892	UNNAMED	1892	09	09	06	00	23.4	-93.7	35	0
AL041892	UNNAMED	1892	09	09	12	00	24.1	-94.2	40	0
AL041892	UNNAMED	1892	09	09	18	00	24.9	-94.4	45	0
AL041892	UNNAMED	1892	09	10	00	00	25.6	-94.2	50	0
AL041892	UNNAMED	1892	09	10	06	00	26.1	-93.9	50	0
AL041892	UNNAMED	1892	09	10	12	00	26.6	-93.6	50	0
AL041892	UNNAMED	1892	09	10	18	00	26.9	-93.3	50	0
AL041892	UNNAMED	1892	09	11	00	00	27.1	-92.9	50	0
AL041892	UNNAMED	1892	09	11	06	00	27.4	-92.4	50	0
AL041892	UNNAMED	1892	09	11	12	00	27.6	-92	50	0
AL041892	UNNAMED	1892	09	11	18	00	27.9	-91.6	50	0
AL041892	UNNAMED	1892	09	12	00	00	28.3	-91.2	50	0
AL041892	UNNAMED	1892	09	12	06	00	28.9	-90.7	50	0
AL041892	UNNAMED	1892	09	12	07	00	29	-90.6	50	0
AL041892	UNNAMED	1892	09	12	12	00	29.7	-90.1	45	0
AL041892	UNNAMED	1892	09	12	18	00	30.9	-88.9	40	0
AL041892	UNNAMED	1892	09	13	00	00	32.7	-87.7	35	0
AL041892	UNNAMED	1892	09	13	06	00	34.7	-86.5	35	0
AL041892	UNNAMED	1892	09	13	12	00	36.8	-85.4	40	0
AL041892	UNNAMED	1892	09	13	18	00	39.2	-84.3	45	0
AL041892	UNNAMED	1892	09	14	00	00	41.9	-83.1	50	0
AL041892	UNNAMED	1892	09	14	06	00	44.3	-82	50	0
AL041892	UNNAMED	1892	09	14	12	00	46.2	-80.8	45	0
AL041892	UNNAMED	1892	09	14	18	00	47.6	-79.2	45	0
AL041892	UNNAMED	1892	09	15	00	00	48.9	-77.1	40	0
AL041892	UNNAMED	1892	09	15	06	00	50.2	-74.6	40	0
AL041892	UNNAMED	1892	09	15	12	00	51.4	-72	35	0
AL041892	UNNAMED	1892	09	15	18	00	52.6	-68.9	35	0
AL041892	UNNAMED	1892	09	16	00	00	53.9	-65.2	35	0
AL041892	UNNAMED	1892	09	16	06	00	55.1	-61.5	35	0
AL041892	UNNAMED	1892	09	16	12	00	56.3	-58.4	35	0
AL041892	UNNAMED	1892	09	16	18	00	57.4	-56	35	0
AL041892	UNNAMED	1892	09	17	00	00	58.4	-54.2	35	0
AL041892	UNNAMED	1892	09	17	06	00	59.4	-52.8	35	0
AL041892	UNNAMED	1892	09	17	12	00	60.3	-51.9	35	0
