id,name,year,month,day,hour,minute,lat,lon,max_sustained_wind_kts,sshws
AL041940,UNNAMED,1940,08,26,12,00,26.2,-65.3,25,0
AL041940,UNNAMED,1940,08,26,18,00,26.4,-65.5,25,0
AL041940,UNNAMED,1940,08,27,00,00,26.6,-65.8,25,0
AL041940,UNNAMED,1940,08,27,06,00,26.8,-66,25,0
AL041940,UNNAMED,1940,08,27,12,00,27,-66.3,25,0
AL041940,UNNAMED,1940,08,27,18,00,27.2,-66.6,25,0
AL041940,UNNAMED,1940,08,28,00,00,27.4,-66.9,25,0
AL041940,UNNAMED,1940,08,28,06,00,27.5,-67.1,30,0
AL041940,UNNAMED,1940,08,28,12,00,27.6,-67.4,30,0
AL041940,UNNAMED,1940,08,28,18,00,27.8,-67.7,35,0
AL041940,UNNAMED,1940,08,29,00,00,28,-68,40,0
AL041940,UNNAMED,1940,08,29,06,00,28.2,-68.4,45,0
AL041940,UNNAMED,1940,08,29,12,00,28.4,-68.8,50,0
AL041940,UNNAMED,1940,08,29,18,00,28.6,-69.3,55,0
AL041940,UNNAMED,1940,08,30,00,00,28.9,-69.8,60,0
AL041940,UNNAMED,1940,08,30,06,00,29.4,-70.4,65,1
AL041940,UNNAMED,1940,08,30,12,00,30.1,-71.1,75,1
AL041940,UNNAMED,1940,08,30,18,00,30.8,-72,80,1
AL041940,UNNAMED,1940,08,31,00,00,31.5,-72.8,80,1
AL041940,UNNAMED,1940,08,31,06,00,32,-73.3,80,1
AL041940,UNNAMED,1940,08,31,12,00,32.4,-73.7,85,2
AL041940,UNNAMED,1940,08,31,18,00,33,-73.9,85,2
AL041940,UNNAMED,1940,09,01,00,00,33.7,-74.2,90,2
AL041940,UNNAMED,1940,09,01,06,00,34.5,-74.3,95,2
AL041940,UNNAMED,1940,09,01,12,00,35.2,-73.5,95,2
AL041940,UNNAMED,1940,09,01,18,00,36.5,-72.5,90,2
AL041940,UNNAMED,1940,09,02,00,00,38.1,-71.3,90,2
AL041940,UNNAMED,1940,09,02,06,00,39.8,-70,80,1
AL041940,UNNAMED,1940,09,02,12,00,41.7,-68.5,70,1
AL041940,UNNAMED,1940,09,02,18,00,43.5,-66.8,60,0
AL041940,UNNAMED,1940,09,03,00,00,45.3,-65.7,55,0
AL041940,UNNAMED,1940,09,03,06,00,47.1,-65,45,0
AL041940,UNNAMED,1940,09,03,12,00,48.9,-64.4,35,0
AL041940,UNNAMED,1940,09,03,18,00,50.8,-63.2,25,0
