AL041867	UNNAMED	1867	08	31	00	00	30.8	-71.6	70	1
AL041867	UNNAMED	1867	08	31	06	00	31.6	-71.6	70	1
AL041867	UNNAMED	1867	08	31	12	00	32.4	-71.6	70	1
AL041867	UNNAMED	1867	08	31	18	00	33.2	-71.5	70	1
AL041867	UNNAMED	1867	09	01	00	00	34	-71.3	70	1
AL041867	UNNAMED	1867	09	01	06	00	35	-71.1	70	1
AL041867	UNNAMED	1867	09	01	12	00	35.9	-71	70	1
AL041867	UNNAMED	1867	09	01	18	00	36.8	-70.6	70	1
AL041867	UNNAMED	1867	09	02	00	00	37.8	-70.3	60	0
AL041867	UNNAMED	1867	09	02	06	00	38.7	-70	60	0
AL041867	UNNAMED	1867	09	02	12	00	39.7	-69.5	60	0
AL041867	UNNAMED	1867	09	02	18	00	40.7	-68.6	60	0
AL041867	UNNAMED	1867	09	03	00	00	41.5	-67.3	60	0
AL041867	UNNAMED	1867	09	03	06	00	42.2	-65.8	60	0
AL041867	UNNAMED	1867	09	03	12	00	42.7	-64.3	60	0
AL041867	UNNAMED	1867	09	03	18	00	43.2	-62.2	60	0
