id,name,year,month,day,hour,minute,lat,lon,max_sustained_wind_kts,sshws
AL041961,DEBBIE,1961,09,06,18,00,15.1,-24.1,50,0
AL041961,DEBBIE,1961,09,07,00,00,15.2,-25.4,65,1
AL041961,DEBBIE,1961,09,07,06,00,15.4,-26.7,70,1
AL041961,DEBBIE,1961,09,07,12,00,15.7,-28.1,70,1
AL041961,DEBBIE,1961,09,07,18,00,16.1,-29.4,70,1
AL041961,DEBBIE,1961,09,08,00,00,16.5,-30.7,70,1
AL041961,DEBBIE,1961,09,08,06,00,17,-32,70,1
AL041961,DEBBIE,1961,09,08,12,00,17.5,-33.2,70,1
AL041961,DEBBIE,1961,09,08,18,00,18,-34.5,70,1
AL041961,DEBBIE,1961,09,09,00,00,18.5,-35.7,70,1
AL041961,DEBBIE,1961,09,09,06,00,19.1,-37,70,1
AL041961,DEBBIE,1961,09,09,12,00,19.7,-38.2,70,1
AL041961,DEBBIE,1961,09,09,18,00,20.4,-39.4,70,1
AL041961,DEBBIE,1961,09,10,00,00,21.2,-40.6,70,1
AL041961,DEBBIE,1961,09,10,06,00,22,-41.8,70,1
AL041961,DEBBIE,1961,09,10,12,00,22.8,-43,75,1
AL041961,DEBBIE,1961,09,10,18,00,23.8,-44.1,75,1
AL041961,DEBBIE,1961,09,11,00,00,25,-45,80,1
AL041961,DEBBIE,1961,09,11,06,00,26.6,-45.7,90,2
AL041961,DEBBIE,1961,09,11,12,00,27.9,-45.9,100,3
AL041961,DEBBIE,1961,09,11,18,00,29.3,-45.9,105,3
AL041961,DEBBIE,1961,09,12,00,00,30.5,-45.9,105,3
AL041961,DEBBIE,1961,09,12,06,00,31.5,-45.9,105,3
AL041961,DEBBIE,1961,09,12,12,00,32.2,-45.8,105,3
AL041961,DEBBIE,1961,09,12,18,00,33,-45.6,105,3
AL041961,DEBBIE,1961,09,13,00,00,33.9,-45.3,100,3
AL041961,DEBBIE,1961,09,13,06,00,34.7,-45.1,85,2
AL041961,DEBBIE,1961,09,13,12,00,35.2,-44.2,75,1
AL041961,DEBBIE,1961,09,13,18,00,35.5,-43.1,70,1
AL041961,DEBBIE,1961,09,14,00,00,35.9,-41.1,70,1
AL041961,DEBBIE,1961,09,14,06,00,36.2,-38.9,70,1
AL041961,DEBBIE,1961,09,14,12,00,36.6,-36.5,70,1
AL041961,DEBBIE,1961,09,14,18,00,37,-34.1,70,1
AL041961,DEBBIE,1961,09,15,00,00,37.8,-31,70,1
AL041961,DEBBIE,1961,09,15,06,00,39.5,-26.4,70,1
AL041961,DEBBIE,1961,09,15,12,00,41.7,-22.2,70,1
AL041961,DEBBIE,1961,09,15,18,00,44.6,-18.2,70,1
AL041961,DEBBIE,1961,09,16,00,00,48,-14.8,70,1
AL041961,DEBBIE,1961,09,16,06,00,51.9,-11.6,70,1
AL041961,DEBBIE,1961,09,16,12,00,55.7,-8.5,70,1
