AL041911	UNNAMED	1911	09	03	12	00	12	-57	30	0
AL041911	UNNAMED	1911	09	03	18	00	12.2	-58.4	30	0
AL041911	UNNAMED	1911	09	04	00	00	12.4	-59.8	30	0
AL041911	UNNAMED	1911	09	04	06	00	12.6	-61.2	30	0
AL041911	UNNAMED	1911	09	04	12	00	12.8	-62.5	35	0
AL041911	UNNAMED	1911	09	04	18	00	12.9	-63.7	35	0
AL041911	UNNAMED	1911	09	05	00	00	13	-64.8	35	0
AL041911	UNNAMED	1911	09	05	06	00	13	-65.9	35	0
AL041911	UNNAMED	1911	09	05	12	00	13	-67	35	0
AL041911	UNNAMED	1911	09	05	18	00	13	-68	40	0
AL041911	UNNAMED	1911	09	06	00	00	13	-69	40	0
AL041911	UNNAMED	1911	09	06	06	00	13	-70	45	0
AL041911	UNNAMED	1911	09	06	12	00	13	-71	45	0
AL041911	UNNAMED	1911	09	06	18	00	12.9	-71.8	50	0
AL041911	UNNAMED	1911	09	07	00	00	12.8	-72.4	50	0
AL041911	UNNAMED	1911	09	07	06	00	12.7	-73	55	0
AL041911	UNNAMED	1911	09	07	12	00	12.5	-73.5	55	0
AL041911	UNNAMED	1911	09	07	18	00	12.3	-74.1	60	0
AL041911	UNNAMED	1911	09	08	00	00	12.2	-74.7	60	0
AL041911	UNNAMED	1911	09	08	06	00	12.1	-75.3	65	1
AL041911	UNNAMED	1911	09	08	12	00	12	-76	70	1
AL041911	UNNAMED	1911	09	08	18	00	12	-76.8	70	1
AL041911	UNNAMED	1911	09	09	00	00	12.1	-77.7	75	1
AL041911	UNNAMED	1911	09	09	06	00	12.2	-78.7	80	1
AL041911	UNNAMED	1911	09	09	12	00	12.3	-79.7	85	2
AL041911	UNNAMED	1911	09	09	18	00	12.4	-80.9	85	2
AL041911	UNNAMED	1911	09	10	00	00	12.6	-82.2	85	2
AL041911	UNNAMED	1911	09	10	06	00	12.8	-83.4	85	2
AL041911	UNNAMED	1911	09	10	12	00	13	-84.6	60	0
AL041911	UNNAMED	1911	09	10	18	00	13.2	-85.7	45	0
AL041911	UNNAMED	1911	09	11	00	00	13.3	-86.8	40	0
AL041911	UNNAMED	1911	09	11	06	00	13.4	-87.9	40	0
AL041911	UNNAMED	1911	09	11	12	00	13.4	-89	35	0
AL041911	UNNAMED	1911	09	11	18	00	13.6	-90.2	35	0
AL041911	UNNAMED	1911	09	12	00	00	13.8	-91.6	35	0
AL041911	UNNAMED	1911	09	12	06	00	14	-93.1	35	0
AL041911	UNNAMED	1911	09	12	12	00	14	-93.5	30	0
AL041911	UNNAMED	1911	09	12	18	00	14.1	-94	30	0
