AL041958	DAISY	1958	08	24	12	00	25.2	-73.6	35	0
AL041958	DAISY	1958	08	24	18	00	25.9	-74.6	40	0
AL041958	DAISY	1958	08	25	00	00	26.4	-75.3	50	0
AL041958	DAISY	1958	08	25	06	00	26.7	-75.7	55	0
AL041958	DAISY	1958	08	25	12	00	27	-76	65	1
AL041958	DAISY	1958	08	25	18	00	27.2	-76.3	65	1
AL041958	DAISY	1958	08	26	00	00	27.4	-76.5	65	1
AL041958	DAISY	1958	08	26	06	00	27.8	-76.8	65	1
AL041958	DAISY	1958	08	26	12	00	28.1	-77	70	1
AL041958	DAISY	1958	08	26	18	00	28.5	-77.1	75	1
AL041958	DAISY	1958	08	27	00	00	28.8	-76.9	80	1
AL041958	DAISY	1958	08	27	06	00	29.1	-76.6	85	2
AL041958	DAISY	1958	08	27	12	00	29.4	-76.2	90	2
AL041958	DAISY	1958	08	27	18	00	29.8	-75.7	95	2
AL041958	DAISY	1958	08	28	00	00	30.4	-75.1	105	3
AL041958	DAISY	1958	08	28	06	00	31.5	-74.6	110	3
AL041958	DAISY	1958	08	28	12	00	33	-74.2	110	3
AL041958	DAISY	1958	08	28	18	00	34.6	-74.1	110	3
AL041958	DAISY	1958	08	29	00	00	36.2	-74	110	3
AL041958	DAISY	1958	08	29	06	00	38	-72.9	110	3
AL041958	DAISY	1958	08	29	12	00	39.8	-70.8	105	3
AL041958	DAISY	1958	08	29	18	00	41.2	-68.3	90	2
AL041958	DAISY	1958	08	30	00	00	42	-65	85	2
AL041958	DAISY	1958	08	30	06	00	43	-60.5	55	0
AL041958	DAISY	1958	08	30	12	00	42.2	-56.1	50	0
AL041958	DAISY	1958	08	30	18	00	41.5	-52.9	50	0
AL041958	DAISY	1958	08	31	00	00	41	-49.6	45	0
AL041958	DAISY	1958	08	31	06	00	41	-45.9	40	0
AL041958	DAISY	1958	08	31	12	00	41	-42.2	35	0
AL041958	DAISY	1958	08	31	18	00	41.7	-38.9	30	0
