id,name,year,month,day,hour,minute,lat,lon,max_sustained_wind_kts,sshws
AL041855,UNNAMED,1855,08,24,00,00,12,-55.9,50,0
AL041855,UNNAMED,1855,08,24,06,00,12,-57.1,50,0
AL041855,UNNAMED,1855,08,24,12,00,12.1,-58.3,50,0
AL041855,UNNAMED,1855,08,24,18,00,12.3,-59.5,50,0
AL041855,UNNAMED,1855,08,25,00,00,12.8,-60.7,60,0
AL041855,UNNAMED,1855,08,25,06,00,13.5,-61.9,60,0
AL041855,UNNAMED,1855,08,25,12,00,14.1,-62.8,60,0
AL041855,UNNAMED,1855,08,25,18,00,14.8,-63.7,60,0
AL041855,UNNAMED,1855,08,26,00,00,15.6,-64.4,60,0
AL041855,UNNAMED,1855,08,26,06,00,16.4,-65.4,60,0
AL041855,UNNAMED,1855,08,26,12,00,17.1,-66.5,60,0
AL041855,UNNAMED,1855,08,26,18,00,17.7,-67.9,60,0
AL041855,UNNAMED,1855,08,27,00,00,18.4,-69.5,50,0
AL041855,UNNAMED,1855,08,27,06,00,19.2,-71.1,50,0
AL041855,UNNAMED,1855,08,27,12,00,19.5,-72.3,40,0
AL041855,UNNAMED,1855,08,27,18,00,19.7,-73.6,40,0
