id,name,year,month,day,hour,minute,lat,lon,max_sustained_wind_kts,sshws
AL041912,UNNAMED,1912,09,10,12,00,29,-84,30,0
AL041912,UNNAMED,1912,09,10,18,00,29,-84.3,35,0
AL041912,UNNAMED,1912,09,11,00,00,29,-84.5,40,0
AL041912,UNNAMED,1912,09,11,06,00,29,-84.8,45,0
AL041912,UNNAMED,1912,09,11,12,00,29,-85,50,0
AL041912,UNNAMED,1912,09,11,18,00,28.9,-85.2,55,0
AL041912,UNNAMED,1912,09,12,00,00,28.7,-85.4,60,0
AL041912,UNNAMED,1912,09,12,06,00,28.6,-85.7,65,1
AL041912,UNNAMED,1912,09,12,12,00,28.5,-86,70,1
AL041912,UNNAMED,1912,09,12,18,00,28.5,-86.3,75,1
AL041912,UNNAMED,1912,09,13,00,00,28.6,-86.7,80,1
AL041912,UNNAMED,1912,09,13,06,00,28.8,-87.1,80,1
AL041912,UNNAMED,1912,09,13,12,00,29,-87.5,80,1
AL041912,UNNAMED,1912,09,13,18,00,29.3,-87.8,75,1
AL041912,UNNAMED,1912,09,14,00,00,29.7,-88.1,70,1
AL041912,UNNAMED,1912,09,14,06,00,30.1,-88.3,65,1
AL041912,UNNAMED,1912,09,14,08,00,30.3,-88.4,65,1
AL041912,UNNAMED,1912,09,14,12,00,30.8,-88.5,50,0
AL041912,UNNAMED,1912,09,14,18,00,31.8,-88.5,40,0
AL041912,UNNAMED,1912,09,15,00,00,33,-88.5,35,0
AL041912,UNNAMED,1912,09,15,06,00,35,-88.5,30,0
