id,name,year,month,day,hour,minute,lat,lon,max_sustained_wind_kts,sshws
AL041963,CINDY,1963,09,16,12,00,26.7,-93.7,40,0
AL041963,CINDY,1963,09,16,18,00,27.3,-93.9,60,0
AL041963,CINDY,1963,09,17,00,00,28,-93.9,70,1
AL041963,CINDY,1963,09,17,06,00,28.7,-94.1,65,1
AL041963,CINDY,1963,09,17,12,00,29.4,-94.4,65,1
AL041963,CINDY,1963,09,17,18,00,29.8,-94.4,65,1
AL041963,CINDY,1963,09,18,00,00,30,-94.6,65,1
AL041963,CINDY,1963,09,18,06,00,30.1,-94.9,35,0
AL041963,CINDY,1963,09,18,12,00,30.1,-95.2,30,0
AL041963,CINDY,1963,09,18,18,00,29.9,-95.6,25,0
AL041963,CINDY,1963,09,19,00,00,29.5,-96,25,0
AL041963,CINDY,1963,09,19,06,00,29.2,-96.4,25,0
AL041963,CINDY,1963,09,19,12,00,28.7,-97,25,0
AL041963,CINDY,1963,09,19,18,00,28.4,-97.4,25,0
AL041963,CINDY,1963,09,20,00,00,27.8,-98.1,25,0
