id,name,year,month,day,hour,minute,lat,lon,max_sustained_wind_kts,sshws
AL041923,UNNAMED,1923,09,10,00,00,27,-73,25,0
AL041923,UNNAMED,1923,09,10,06,00,28,-72.5,25,0
AL041923,UNNAMED,1923,09,10,12,00,29,-72,30,0
AL041923,UNNAMED,1923,09,10,18,00,30,-71.4,30,0
AL041923,UNNAMED,1923,09,11,00,00,31,-70.7,35,0
AL041923,UNNAMED,1923,09,11,06,00,32,-69.9,35,0
AL041923,UNNAMED,1923,09,11,12,00,33,-69,40,0
AL041923,UNNAMED,1923,09,11,18,00,34,-68,45,0
AL041923,UNNAMED,1923,09,12,00,00,35,-67,50,0
AL041923,UNNAMED,1923,09,12,06,00,36,-65.8,60,0
AL041923,UNNAMED,1923,09,12,12,00,37,-64.5,70,1
AL041923,UNNAMED,1923,09,12,18,00,39,-62.8,70,1
AL041923,UNNAMED,1923,09,13,00,00,42,-61,70,1
AL041923,UNNAMED,1923,09,13,06,00,45,-58.8,60,0
AL041923,UNNAMED,1923,09,13,12,00,47.5,-56,50,0
AL041923,UNNAMED,1923,09,13,18,00,48.5,-52.5,45,0
AL041923,UNNAMED,1923,09,14,00,00,49,-48,40,0
AL041923,UNNAMED,1923,09,14,06,00,48.8,-42.5,35,0
AL041923,UNNAMED,1923,09,14,12,00,48.5,-38,30,0
AL041923,UNNAMED,1923,09,14,18,00,48,-36,30,0
AL041923,UNNAMED,1923,09,15,00,00,47.5,-35,30,0
