AL041960	CLEO	1960	08	17	18	00	24.4	-75.5	35	0
AL041960	CLEO	1960	08	18	00	00	25.1	-74.5	40	0
AL041960	CLEO	1960	08	18	06	00	25.9	-73.4	55	0
AL041960	CLEO	1960	08	18	12	00	26.7	-72.7	60	0
AL041960	CLEO	1960	08	18	18	00	27.8	-71.8	65	1
AL041960	CLEO	1960	08	19	00	00	29.3	-71	70	1
AL041960	CLEO	1960	08	19	06	00	31	-70.2	75	1
AL041960	CLEO	1960	08	19	12	00	33.1	-69.4	75	1
AL041960	CLEO	1960	08	19	18	00	35.4	-68.6	75	1
AL041960	CLEO	1960	08	20	00	00	37.7	-67.8	80	1
AL041960	CLEO	1960	08	20	06	00	40	-66.8	80	1
AL041960	CLEO	1960	08	20	12	00	42.2	-65.4	60	0
AL041960	CLEO	1960	08	20	18	00	43.6	-63.4	55	0
AL041960	CLEO	1960	08	21	00	00	44.2	-60.5	35	0
AL041960	CLEO	1960	08	21	06	00	44.4	-58	30	0
