id,name,year,month,day,hour,minute,lat,lon,max_sustained_wind_kts,sshws
AL041990,CESAR,1990,07,31,00,00,10.1,-22.2,25,0
AL041990,CESAR,1990,07,31,06,00,10.4,-23.3,25,0
AL041990,CESAR,1990,07,31,12,00,10.8,-24.5,25,0
AL041990,CESAR,1990,07,31,18,00,11.1,-25.6,25,0
AL041990,CESAR,1990,08,01,00,00,11.5,-26.9,25,0
AL041990,CESAR,1990,08,01,06,00,12.2,-28.3,25,0
AL041990,CESAR,1990,08,01,12,00,13.4,-29.7,30,0
AL041990,CESAR,1990,08,01,18,00,14.6,-31.2,30,0
AL041990,CESAR,1990,08,02,00,00,15.4,-32.3,35,0
AL041990,CESAR,1990,08,02,06,00,16.1,-33.5,45,0
AL041990,CESAR,1990,08,02,12,00,16.7,-34.7,45,0
AL041990,CESAR,1990,08,02,18,00,17.4,-35.9,45,0
AL041990,CESAR,1990,08,03,00,00,18.1,-37.1,45,0
AL041990,CESAR,1990,08,03,06,00,18.8,-38.4,45,0
AL041990,CESAR,1990,08,03,12,00,19.3,-39.7,45,0
AL041990,CESAR,1990,08,03,18,00,19.8,-40.8,45,0
AL041990,CESAR,1990,08,04,00,00,20.4,-41.9,45,0
AL041990,CESAR,1990,08,04,06,00,21.2,-42.8,45,0
AL041990,CESAR,1990,08,04,12,00,22,-43.5,45,0
AL041990,CESAR,1990,08,04,18,00,22.8,-44,45,0
AL041990,CESAR,1990,08,05,00,00,23.6,-44.5,45,0
AL041990,CESAR,1990,08,05,06,00,24.4,-45.1,45,0
AL041990,CESAR,1990,08,05,12,00,25.3,-45.7,45,0
AL041990,CESAR,1990,08,05,18,00,26.1,-46.3,40,0
AL041990,CESAR,1990,08,06,00,00,26.6,-46.7,40,0
AL041990,CESAR,1990,08,06,06,00,26.8,-46.8,35,0
AL041990,CESAR,1990,08,06,12,00,26.9,-46.8,30,0
AL041990,CESAR,1990,08,06,18,00,26.9,-46.6,30,0
AL041990,CESAR,1990,08,07,00,00,26.9,-46.4,25,0
AL041990,CESAR,1990,08,07,06,00,26.9,-46.3,25,0
AL041990,CESAR,1990,08,07,12,00,26.8,-46.3,25,0
