AL041993	CINDY	1993	08	14	12	00	14.1	-59.5	30	0
AL041993	CINDY	1993	08	14	18	00	14.5	-60.9	35	0
AL041993	CINDY	1993	08	15	00	00	14.9	-62.2	35	0
AL041993	CINDY	1993	08	15	06	00	15.2	-63.5	35	0
AL041993	CINDY	1993	08	15	12	00	15.4	-64.8	35	0
AL041993	CINDY	1993	08	15	18	00	15.8	-66	35	0
AL041993	CINDY	1993	08	16	00	00	16.4	-66.9	35	0
AL041993	CINDY	1993	08	16	06	00	17	-68	35	0
AL041993	CINDY	1993	08	16	12	00	17.3	-69.3	40	0
AL041993	CINDY	1993	08	16	18	00	17.9	-70.6	35	0
AL041993	CINDY	1993	08	16	21	00	18.3	-71	30	0
AL041993	CINDY	1993	08	17	00	00	18.8	-71.3	30	0
