id,name,year,month,day,hour,minute,lat,lon,max_sustained_wind_kts,sshws
AL041972,UNNAMED,1972,07,10,12,00,27,-78.5,20,0
AL041972,UNNAMED,1972,07,10,18,00,28.1,-78.5,25,0
AL041972,UNNAMED,1972,07,11,00,00,29.2,-78.5,25,0
AL041972,UNNAMED,1972,07,11,06,00,30.3,-78.5,25,0
AL041972,UNNAMED,1972,07,11,12,00,31.5,-78.5,25,0
AL041972,UNNAMED,1972,07,11,18,00,32.1,-78.4,25,0
AL041972,UNNAMED,1972,07,12,00,00,32.7,-78.3,25,0
AL041972,UNNAMED,1972,07,12,06,00,33.3,-78.2,25,0
AL041972,UNNAMED,1972,07,12,12,00,34,-78,25,0
AL041972,UNNAMED,1972,07,12,18,00,34.8,-77.5,-99,0
