id,name,year,month,day,hour,minute,lat,lon,max_sustained_wind_kts,sshws
AL041948,UNNAMED,1948,08,30,18,00,12.9,-55.4,50,0
AL041948,UNNAMED,1948,08,31,00,00,13.1,-56.6,50,0
AL041948,UNNAMED,1948,08,31,06,00,13.3,-57.8,50,0
AL041948,UNNAMED,1948,08,31,12,00,13.5,-59,45,0
AL041948,UNNAMED,1948,08,31,18,00,13.7,-60.2,40,0
AL041948,UNNAMED,1948,08,31,22,00,13.8,-60.9,40,0
AL041948,UNNAMED,1948,09,01,00,00,13.9,-61.3,40,0
AL041948,UNNAMED,1948,09,01,06,00,14.1,-62.3,35,0
AL041948,UNNAMED,1948,09,01,12,00,14.2,-63.1,30,0
AL041948,UNNAMED,1948,09,01,18,00,14.3,-64,25,0
