id,name,year,month,day,hour,minute,lat,lon,max_sustained_wind_kts,sshws
AL041860,UNNAMED,1860,09,11,00,00,25.1,-83.8,90,2
AL041860,UNNAMED,1860,09,11,06,00,25.2,-84.1,90,2
AL041860,UNNAMED,1860,09,11,12,00,25.2,-84.5,90,2
AL041860,UNNAMED,1860,09,11,18,00,25.2,-84.8,90,2
AL041860,UNNAMED,1860,09,12,00,00,25.2,-85.2,90,2
AL041860,UNNAMED,1860,09,12,06,00,25.3,-85.6,90,2
AL041860,UNNAMED,1860,09,12,12,00,25.4,-86,90,2
AL041860,UNNAMED,1860,09,12,18,00,25.5,-86.6,90,2
AL041860,UNNAMED,1860,09,13,00,00,25.6,-87.1,90,2
AL041860,UNNAMED,1860,09,13,06,00,25.7,-87.6,90,2
AL041860,UNNAMED,1860,09,13,12,00,25.9,-88.1,90,2
AL041860,UNNAMED,1860,09,13,18,00,26.2,-88.6,90,2
AL041860,UNNAMED,1860,09,14,00,00,26.7,-89.3,90,2
AL041860,UNNAMED,1860,09,14,06,00,27.2,-89.6,90,2
AL041860,UNNAMED,1860,09,14,12,00,27.7,-89.8,90,2
AL041860,UNNAMED,1860,09,14,18,00,28.3,-89.8,90,2
AL041860,UNNAMED,1860,09,15,00,00,28.9,-89.7,90,2
AL041860,UNNAMED,1860,09,15,04,00,29.3,-89.6,90,2
AL041860,UNNAMED,1860,09,15,06,00,29.5,-89.6,90,2
AL041860,UNNAMED,1860,09,15,12,00,30.1,-89.4,90,2
AL041860,UNNAMED,1860,09,15,18,00,30.8,-89.1,70,1
AL041860,UNNAMED,1860,09,16,00,00,31.8,-88.6,50,0
AL041860,UNNAMED,1860,09,16,06,00,33,-88,40,0
