id,name,year,month,day,hour,minute,lat,lon,max_sustained_wind_kts,sshws
AL041942,UNNAMED,1942,08,25,06,00,27.5,-62.5,65,1
AL041942,UNNAMED,1942,08,25,12,00,28.6,-63,65,1
AL041942,UNNAMED,1942,08,25,18,00,30,-63.4,75,1
AL041942,UNNAMED,1942,08,26,00,00,31.4,-63.5,90,2
AL041942,UNNAMED,1942,08,26,06,00,32.3,-63.1,95,2
AL041942,UNNAMED,1942,08,26,12,00,33.2,-62.2,95,2
AL041942,UNNAMED,1942,08,26,18,00,34.2,-60.4,95,2
AL041942,UNNAMED,1942,08,27,00,00,35.1,-58.7,90,2
AL041942,UNNAMED,1942,08,27,06,00,35.6,-57.8,90,2
AL041942,UNNAMED,1942,08,27,12,00,35.9,-57.2,85,2
AL041942,UNNAMED,1942,08,27,18,00,36.3,-56.7,85,2
AL041942,UNNAMED,1942,08,28,00,00,36.8,-56.2,80,1
AL041942,UNNAMED,1942,08,28,06,00,37.3,-55.7,80,1
AL041942,UNNAMED,1942,08,28,12,00,37.8,-55.2,75,1
AL041942,UNNAMED,1942,08,28,18,00,38.2,-54.5,75,1
AL041942,UNNAMED,1942,08,29,00,00,38.6,-53.9,70,1
AL041942,UNNAMED,1942,08,29,06,00,38.9,-53.4,70,1
AL041942,UNNAMED,1942,08,29,12,00,39,-53,65,1
AL041942,UNNAMED,1942,08,29,18,00,39.1,-52.7,60,0
AL041942,UNNAMED,1942,08,30,00,00,39.1,-52.4,55,0
AL041942,UNNAMED,1942,08,30,06,00,39,-52.2,55,0
AL041942,UNNAMED,1942,08,30,12,00,39,-52,50,0
AL041942,UNNAMED,1942,08,30,18,00,38.8,-52,45,0
AL041942,UNNAMED,1942,08,31,00,00,38.5,-52.2,45,0
AL041942,UNNAMED,1942,08,31,06,00,38.2,-52.6,45,0
AL041942,UNNAMED,1942,08,31,12,00,38,-53,45,0
AL041942,UNNAMED,1942,08,31,18,00,37.8,-53.2,45,0
AL041942,UNNAMED,1942,09,01,00,00,37.6,-53.4,40,0
AL041942,UNNAMED,1942,09,01,06,00,37.3,-53.6,40,0
AL041942,UNNAMED,1942,09,01,12,00,37,-54,35,0
AL041942,UNNAMED,1942,09,01,18,00,36.4,-54.7,35,0
AL041942,UNNAMED,1942,09,02,00,00,36,-55.2,35,0
AL041942,UNNAMED,1942,09,02,06,00,35.6,-56.5,35,0
AL041942,UNNAMED,1942,09,02,12,00,35.2,-57.9,35,0
AL041942,UNNAMED,1942,09,02,18,00,34.8,-59.2,35,0
AL041942,UNNAMED,1942,09,03,00,00,34.3,-60.2,30,0
AL041942,UNNAMED,1942,09,03,06,00,33.7,-60.7,30,0
AL041942,UNNAMED,1942,09,03,12,00,33,-61,25,0
AL041942,UNNAMED,1942,09,03,18,00,32.5,-61.2,25,0
