AL041931	UNNAMED	1931	08	16	06	00	14.2	-59.3	25	0
AL041931	UNNAMED	1931	08	16	12	00	15	-60.5	25	0
AL041931	UNNAMED	1931	08	16	18	00	15.9	-61.6	30	0
AL041931	UNNAMED	1931	08	17	00	00	16.8	-62.7	30	0
AL041931	UNNAMED	1931	08	17	06	00	17.7	-63.8	35	0
AL041931	UNNAMED	1931	08	17	12	00	18.5	-65	35	0
AL041931	UNNAMED	1931	08	17	18	00	19.3	-66.2	35	0
AL041931	UNNAMED	1931	08	18	00	00	20.1	-67.3	35	0
AL041931	UNNAMED	1931	08	18	06	00	20.8	-68.4	30	0
AL041931	UNNAMED	1931	08	18	12	00	21.5	-69.5	30	0
AL041931	UNNAMED	1931	08	18	18	00	22.1	-70.4	30	0
AL041931	UNNAMED	1931	08	19	00	00	22.6	-71	30	0
AL041931	UNNAMED	1931	08	19	06	00	23.1	-71.4	30	0
AL041931	UNNAMED	1931	08	19	12	00	23.5	-71.5	30	0
AL041931	UNNAMED	1931	08	19	18	00	23.9	-71.5	30	0
AL041931	UNNAMED	1931	08	20	00	00	24.3	-71.4	30	0
AL041931	UNNAMED	1931	08	20	06	00	24.7	-71.2	30	0
AL041931	UNNAMED	1931	08	20	12	00	25	-70.8	25	0
AL041931	UNNAMED	1931	08	20	18	00	25.5	-70.3	25	0
AL041931	UNNAMED	1931	08	21	00	00	26.3	-69.8	25	0
AL041931	UNNAMED	1931	08	21	06	00	27.3	-69.3	25	0
