id,name,year,month,day,hour,minute,lat,lon,max_sustained_wind_kts,sshws
AL041874,UNNAMED,1874,09,02,00,00,20.4,-94.6,40,0
AL041874,UNNAMED,1874,09,02,06,00,20.7,-95,40,0
AL041874,UNNAMED,1874,09,02,12,00,21.2,-95.3,40,0
AL041874,UNNAMED,1874,09,02,18,00,21.5,-95.6,40,0
AL041874,UNNAMED,1874,09,03,00,00,22,-95.9,40,0
AL041874,UNNAMED,1874,09,03,06,00,22.4,-96.2,40,0
AL041874,UNNAMED,1874,09,03,12,00,22.9,-96.5,40,0
AL041874,UNNAMED,1874,09,03,18,00,23.4,-96.8,40,0
AL041874,UNNAMED,1874,09,04,00,00,23.9,-97.1,50,0
AL041874,UNNAMED,1874,09,04,06,00,24.4,-97.4,50,0
AL041874,UNNAMED,1874,09,04,12,00,25,-97.6,50,0
AL041874,UNNAMED,1874,09,04,18,00,25.5,-97.8,50,0
AL041874,UNNAMED,1874,09,05,00,00,26.1,-98,40,0
AL041874,UNNAMED,1874,09,05,06,00,26.7,-98.1,40,0
AL041874,UNNAMED,1874,09,05,12,00,27.3,-98.2,30,0
AL041874,UNNAMED,1874,09,05,18,00,27.8,-98.3,30,0
AL041874,UNNAMED,1874,09,06,00,00,28.3,-98.4,30,0
AL041874,UNNAMED,1874,09,06,06,00,28.8,-98.5,30,0
AL041874,UNNAMED,1874,09,06,12,00,29.2,-98.5,30,0
AL041874,UNNAMED,1874,09,06,18,00,29.7,-98.5,30,0
AL041874,UNNAMED,1874,09,07,00,00,30.3,-98.5,30,0
AL041874,UNNAMED,1874,09,07,06,00,31,-98.4,30,0
AL041874,UNNAMED,1874,09,07,12,00,31.7,-98.4,30,0
AL041874,UNNAMED,1874,09,07,18,00,32.5,-98.3,30,0
