AL041945	UNNAMED	1945	08	17	18	00	17.4	-53.5	35	0
AL041945	UNNAMED	1945	08	18	00	00	17.7	-54.9	45	0
AL041945	UNNAMED	1945	08	18	06	00	17.9	-56.4	55	0
AL041945	UNNAMED	1945	08	18	12	00	18.2	-58	60	0
AL041945	UNNAMED	1945	08	18	18	00	18.5	-59.7	60	0
AL041945	UNNAMED	1945	08	19	00	00	18.8	-61.5	60	0
AL041945	UNNAMED	1945	08	19	06	00	19.2	-63.3	55	0
AL041945	UNNAMED	1945	08	19	12	00	19.6	-65	50	0
AL041945	UNNAMED	1945	08	19	18	00	20.1	-66.7	50	0
AL041945	UNNAMED	1945	08	20	00	00	20.6	-68.3	45	0
AL041945	UNNAMED	1945	08	20	06	00	21.1	-69.9	40	0
AL041945	UNNAMED	1945	08	20	12	00	21.4	-71.8	40	0
AL041945	UNNAMED	1945	08	20	18	00	21.6	-73.8	35	0
AL041945	UNNAMED	1945	08	21	00	00	21.8	-75.6	30	0
AL041945	UNNAMED	1945	08	21	06	00	22	-77.2	25	0
