AL041932	UNNAMED	1932	08	30	18	00	18.8	-63.6	30	0
AL041932	UNNAMED	1932	08	31	00	00	19.3	-64.4	30	0
AL041932	UNNAMED	1932	08	31	06	00	19.8	-65.2	35	0
AL041932	UNNAMED	1932	08	31	12	00	20.2	-66	40	0
AL041932	UNNAMED	1932	08	31	18	00	20.4	-66.6	45	0
AL041932	UNNAMED	1932	09	01	00	00	20.6	-67.1	50	0
AL041932	UNNAMED	1932	09	01	06	00	20.7	-67.6	50	0
AL041932	UNNAMED	1932	09	01	12	00	20.9	-68	50	0
AL041932	UNNAMED	1932	09	01	18	00	21.1	-68.3	50	0
AL041932	UNNAMED	1932	09	02	00	00	21.3	-68.6	55	0
AL041932	UNNAMED	1932	09	02	06	00	21.5	-68.9	55	0
AL041932	UNNAMED	1932	09	02	12	00	21.7	-69.2	60	0
AL041932	UNNAMED	1932	09	02	18	00	21.9	-69.7	65	1
AL041932	UNNAMED	1932	09	03	00	00	22	-70.3	70	1
AL041932	UNNAMED	1932	09	03	06	00	22.2	-71	80	1
AL041932	UNNAMED	1932	09	03	12	00	22.4	-71.5	85	2
AL041932	UNNAMED	1932	09	03	18	00	22.7	-71.9	95	2
AL041932	UNNAMED	1932	09	04	00	00	23	-72.2	100	3
AL041932	UNNAMED	1932	09	04	06	00	23.5	-72.6	110	3
AL041932	UNNAMED	1932	09	04	12	00	24	-73.2	115	4
AL041932	UNNAMED	1932	09	04	18	00	24.4	-74	120	4
AL041932	UNNAMED	1932	09	05	00	00	24.7	-74.8	125	4
AL041932	UNNAMED	1932	09	05	06	00	25.1	-75.6	130	4
AL041932	UNNAMED	1932	09	05	12	00	25.5	-76.4	135	4
AL041932	UNNAMED	1932	09	05	18	00	26	-77	140	5
AL041932	UNNAMED	1932	09	06	00	00	26.5	-77.4	140	5
AL041932	UNNAMED	1932	09	06	06	00	27	-77.6	140	5
AL041932	UNNAMED	1932	09	06	12	00	27.5	-77.4	140	5
AL041932	UNNAMED	1932	09	06	18	00	28.1	-77.2	135	4
AL041932	UNNAMED	1932	09	07	00	00	28.7	-76.9	135	4
AL041932	UNNAMED	1932	09	07	06	00	29.3	-76.5	130	4
AL041932	UNNAMED	1932	09	07	12	00	29.8	-76	130	4
AL041932	UNNAMED	1932	09	07	18	00	30.5	-75	125	4
AL041932	UNNAMED	1932	09	08	00	00	31.7	-73.6	115	4
AL041932	UNNAMED	1932	09	08	06	00	33.5	-71.8	110	3
AL041932	UNNAMED	1932	09	08	12	00	35.5	-70.1	100	3
AL041932	UNNAMED	1932	09	08	18	00	37.2	-69.5	90	2
AL041932	UNNAMED	1932	09	09	00	00	38.6	-69.2	85	2
AL041932	UNNAMED	1932	09	09	06	00	39.5	-68.2	85	2
AL041932	UNNAMED	1932	09	09	12	00	40.3	-67	80	1
AL041932	UNNAMED	1932	09	09	18	00	41.4	-65	80	1
AL041932	UNNAMED	1932	09	10	00	00	42.4	-62.5	75	1
AL041932	UNNAMED	1932	09	10	06	00	42.9	-61	75	1
AL041932	UNNAMED	1932	09	10	12	00	43.4	-59.6	70	1
AL041932	UNNAMED	1932	09	10	18	00	43.7	-58.6	70	1
AL041932	UNNAMED	1932	09	11	00	00	43.8	-57.8	65	1
AL041932	UNNAMED	1932	09	11	06	00	44	-57	65	1
AL041932	UNNAMED	1932	09	11	12	00	44.7	-56	60	0
AL041932	UNNAMED	1932	09	11	18	00	46	-54	60	0
AL041932	UNNAMED	1932	09	12	00	00	47.8	-51	60	0
AL041932	UNNAMED	1932	09	12	06	00	50	-47	55	0
AL041932	UNNAMED	1932	09	12	12	00	52	-43	55	0
AL041932	UNNAMED	1932	09	12	18	00	53.7	-40.2	55	0
AL041932	UNNAMED	1932	09	13	00	00	55.2	-38.5	50	0
AL041932	UNNAMED	1932	09	13	06	00	56.5	-36.8	50	0
AL041932	UNNAMED	1932	09	13	12	00	57.8	-35	50	0
AL041932	UNNAMED	1932	09	13	18	00	59.3	-32.5	50	0
AL041932	UNNAMED	1932	09	14	00	00	61	-30	50	0
AL041932	UNNAMED	1932	09	14	06	00	63	-27	50	0
AL041932	UNNAMED	1932	09	14	12	00	65	-24	50	0
AL041932	UNNAMED	1932	09	14	18	00	67	-19	50	0
AL041932	UNNAMED	1932	09	15	00	00	69	-12	50	0
AL041932	UNNAMED	1932	09	15	06	00	70.8	-4	50	0
AL041932	UNNAMED	1932	09	15	12	00	72	5	50	0
AL041932	UNNAMED	1932	09	15	18	00	72.5	14	50	0
AL041932	UNNAMED	1932	09	16	00	00	72.5	22	50	0
AL041932	UNNAMED	1932	09	16	06	00	72.3	28	50	0
AL041932	UNNAMED	1932	09	16	12	00	72	32	50	0
AL041932	UNNAMED	1932	09	16	18	00	71.5	35	45	0
AL041932	UNNAMED	1932	09	17	00	00	71	37	40	0
AL041932	UNNAMED	1932	09	17	06	00	70.5	38.5	35	0
AL041932	UNNAMED	1932	09	17	12	00	70	40	35	0
AL041932	UNNAMED	1932	09	17	18	00	69.5	41.5	30	0
