AL042000	UNNAMED	2000	08	08	12	00	28.2	-74.2	30	0
AL042000	UNNAMED	2000	08	08	18	00	28.1	-75.1	30	0
AL042000	UNNAMED	2000	08	09	00	00	28	-76	30	0
AL042000	UNNAMED	2000	08	09	06	00	27.9	-76.8	30	0
AL042000	UNNAMED	2000	08	09	12	00	27.9	-77.4	30	0
AL042000	UNNAMED	2000	08	09	18	00	27.9	-77.9	30	0
AL042000	UNNAMED	2000	08	10	00	00	28	-78.6	30	0
AL042000	UNNAMED	2000	08	10	06	00	28.3	-79.3	30	0
AL042000	UNNAMED	2000	08	10	12	00	28.7	-78.9	30	0
AL042000	UNNAMED	2000	08	10	18	00	28.9	-78.3	25	0
AL042000	UNNAMED	2000	08	11	00	00	29.2	-77.8	25	0
AL042000	UNNAMED	2000	08	11	06	00	29.4	-77.2	25	0
AL042000	UNNAMED	2000	08	11	12	00	29.6	-76.5	25	0
