AL041977	UNNAMED	1977	08	01	12	00	11.5	-17.5	20	0
AL041977	UNNAMED	1977	08	01	18	00	11.5	-19.5	25	0
AL041977	UNNAMED	1977	08	02	00	00	11.5	-21.5	25	0
AL041977	UNNAMED	1977	08	02	06	00	11.5	-23.5	30	0
AL041977	UNNAMED	1977	08	02	12	00	11.5	-25.5	30	0
AL041977	UNNAMED	1977	08	02	18	00	11.6	-27.1	30	0
AL041977	UNNAMED	1977	08	03	00	00	11.7	-28.7	30	0
AL041977	UNNAMED	1977	08	03	06	00	11.8	-30.3	30	0
AL041977	UNNAMED	1977	08	03	12	00	12	-32	30	0
AL041977	UNNAMED	1977	08	03	18	00	12.4	-33.5	30	0
AL041977	UNNAMED	1977	08	04	00	00	12.8	-35	25	0
AL041977	UNNAMED	1977	08	04	06	00	13.2	-36.5	25	0
AL041977	UNNAMED	1977	08	04	12	00	13.5	-38	20	0
