id,name,year,month,day,hour,minute,lat,lon,max_sustained_wind_kts,sshws
AL041882,UNNAMED,1882,09,21,00,00,28.5,-76.8,40,0
AL041882,UNNAMED,1882,09,21,06,00,29.2,-77.1,40,0
AL041882,UNNAMED,1882,09,21,12,00,30,-77.5,40,0
AL041882,UNNAMED,1882,09,21,18,00,30.8,-77.6,40,0
AL041882,UNNAMED,1882,09,22,00,00,31.5,-77.6,40,0
AL041882,UNNAMED,1882,09,22,06,00,32.2,-77.6,40,0
AL041882,UNNAMED,1882,09,22,12,00,33,-77.5,50,0
AL041882,UNNAMED,1882,09,22,18,00,34,-77.3,50,0
AL041882,UNNAMED,1882,09,22,22,00,34.7,-77,50,0
AL041882,UNNAMED,1882,09,23,00,00,35,-77,40,0
AL041882,UNNAMED,1882,09,23,06,00,36,-76.6,40,0
AL041882,UNNAMED,1882,09,23,12,00,37,-76.1,40,0
AL041882,UNNAMED,1882,09,23,18,00,38.2,-75.5,40,0
AL041882,UNNAMED,1882,09,24,00,00,39.4,-74.5,40,0
AL041882,UNNAMED,1882,09,24,05,00,40.7,-72.8,40,0
AL041882,UNNAMED,1882,09,24,06,00,41,-72.5,40,0
