id,name,year,month,day,hour,minute,lat,lon,max_sustained_wind_kts,sshws
AL041966,DOROTHY,1966,07,22,18,00,31,-41,25,0
AL041966,DOROTHY,1966,07,23,00,00,31.5,-41.5,25,0
AL041966,DOROTHY,1966,07,23,06,00,31.7,-41.7,25,0
AL041966,DOROTHY,1966,07,23,12,00,31.8,-41.9,40,0
AL041966,DOROTHY,1966,07,23,18,00,32,-42,40,0
AL041966,DOROTHY,1966,07,24,00,00,32.2,-42,55,0
AL041966,DOROTHY,1966,07,24,06,00,32.4,-42.1,60,0
AL041966,DOROTHY,1966,07,24,12,00,32.7,-42.2,60,0
AL041966,DOROTHY,1966,07,24,18,00,33,-42.1,65,1
AL041966,DOROTHY,1966,07,25,00,00,33.3,-41.8,65,1
AL041966,DOROTHY,1966,07,25,06,00,33.8,-41.1,65,1
AL041966,DOROTHY,1966,07,25,12,00,34.5,-40.5,65,1
AL041966,DOROTHY,1966,07,25,18,00,35.3,-40.5,65,1
AL041966,DOROTHY,1966,07,26,00,00,35.9,-40.8,65,1
AL041966,DOROTHY,1966,07,26,06,00,36.1,-41.4,65,1
AL041966,DOROTHY,1966,07,26,12,00,36.2,-41.9,65,1
AL041966,DOROTHY,1966,07,26,18,00,36.4,-42.2,65,1
AL041966,DOROTHY,1966,07,27,00,00,36.6,-42.2,65,1
AL041966,DOROTHY,1966,07,27,06,00,37.4,-41.9,65,1
AL041966,DOROTHY,1966,07,27,12,00,38.3,-41.4,65,1
AL041966,DOROTHY,1966,07,27,18,00,38.7,-40.8,70,1
AL041966,DOROTHY,1966,07,28,00,00,39.2,-40.1,75,1
AL041966,DOROTHY,1966,07,28,06,00,40.1,-39.2,70,1
AL041966,DOROTHY,1966,07,28,12,00,40.9,-38.5,70,1
AL041966,DOROTHY,1966,07,28,18,00,41.6,-38.2,70,1
AL041966,DOROTHY,1966,07,29,00,00,42.4,-38,65,1
AL041966,DOROTHY,1966,07,29,06,00,43.1,-37.7,60,0
AL041966,DOROTHY,1966,07,29,12,00,43.9,-37.4,55,0
AL041966,DOROTHY,1966,07,29,18,00,44.6,-37.4,50,0
AL041966,DOROTHY,1966,07,30,00,00,45.3,-37.4,50,0
AL041966,DOROTHY,1966,07,30,06,00,46,-37.3,45,0
AL041966,DOROTHY,1966,07,30,12,00,46.8,-37.1,45,0
AL041966,DOROTHY,1966,07,30,18,00,47.7,-36.4,45,0
AL041966,DOROTHY,1966,07,31,00,00,49,-36,40,0
AL041966,DOROTHY,1966,07,31,06,00,50.5,-36.5,40,0
AL041966,DOROTHY,1966,07,31,12,00,52,-37,35,0
AL041966,DOROTHY,1966,07,31,18,00,53.5,-38.5,35,0
