id,name,year,month,day,hour,minute,lat,lon,max_sustained_wind_kts,sshws
AL041998,DANIELLE,1998,08,24,06,00,13.4,-34.3,25,0
AL041998,DANIELLE,1998,08,24,12,00,13.8,-36.1,30,0
AL041998,DANIELLE,1998,08,24,18,00,14.2,-37.9,35,0
AL041998,DANIELLE,1998,08,25,00,00,14.8,-39.8,40,0
AL041998,DANIELLE,1998,08,25,06,00,15.3,-41.6,50,0
AL041998,DANIELLE,1998,08,25,12,00,16.2,-43.3,65,1
AL041998,DANIELLE,1998,08,25,18,00,16.9,-45.3,75,1
AL041998,DANIELLE,1998,08,26,00,00,17.6,-47.3,80,1
AL041998,DANIELLE,1998,08,26,06,00,18.4,-49.1,90,2
AL041998,DANIELLE,1998,08,26,12,00,19.1,-51.1,85,2
AL041998,DANIELLE,1998,08,26,18,00,19.7,-52.8,80,1
AL041998,DANIELLE,1998,08,27,00,00,20.1,-54.9,80,1
AL041998,DANIELLE,1998,08,27,06,00,20.6,-56.7,85,2
AL041998,DANIELLE,1998,08,27,12,00,21.2,-58.5,90,2
AL041998,DANIELLE,1998,08,27,18,00,21.8,-60.1,85,2
AL041998,DANIELLE,1998,08,28,00,00,22.4,-61.7,80,1
AL041998,DANIELLE,1998,08,28,06,00,22.7,-63.2,80,1
AL041998,DANIELLE,1998,08,28,12,00,23,-64.4,80,1
AL041998,DANIELLE,1998,08,28,18,00,23.4,-65.7,80,1
AL041998,DANIELLE,1998,08,29,00,00,23.9,-66.9,75,1
AL041998,DANIELLE,1998,08,29,06,00,24.3,-68.2,70,1
AL041998,DANIELLE,1998,08,29,12,00,24.8,-69.4,70,1
AL041998,DANIELLE,1998,08,29,18,00,25.4,-70.5,70,1
AL041998,DANIELLE,1998,08,30,00,00,25.9,-71.4,65,1
AL041998,DANIELLE,1998,08,30,06,00,26.4,-72.2,65,1
AL041998,DANIELLE,1998,08,30,12,00,26.9,-73.1,65,1
AL041998,DANIELLE,1998,08,30,18,00,27.5,-73.9,65,1
AL041998,DANIELLE,1998,08,31,00,00,27.9,-74.1,70,1
AL041998,DANIELLE,1998,08,31,06,00,28.4,-74.3,75,1
AL041998,DANIELLE,1998,08,31,12,00,29.2,-74.1,90,2
AL041998,DANIELLE,1998,08,31,18,00,30,-73.7,85,2
AL041998,DANIELLE,1998,09,01,00,00,30.9,-73.3,85,2
AL041998,DANIELLE,1998,09,01,06,00,31.7,-72.7,85,2
AL041998,DANIELLE,1998,09,01,12,00,32.2,-72,85,2
AL041998,DANIELLE,1998,09,01,18,00,32.9,-70.7,90,2
AL041998,DANIELLE,1998,09,02,00,00,33.7,-69.1,80,1
AL041998,DANIELLE,1998,09,02,06,00,34.6,-67.6,75,1
AL041998,DANIELLE,1998,09,02,12,00,36,-65.4,70,1
AL041998,DANIELLE,1998,09,02,18,00,37.9,-63.1,70,1
AL041998,DANIELLE,1998,09,03,00,00,39.9,-60.1,70,1
AL041998,DANIELLE,1998,09,03,06,00,42.1,-57.5,70,1
AL041998,DANIELLE,1998,09,03,12,00,43.4,-54.8,70,1
AL041998,DANIELLE,1998,09,03,18,00,44.6,-51.9,65,1
AL041998,DANIELLE,1998,09,04,00,00,44.8,-48.5,65,1
AL041998,DANIELLE,1998,09,04,06,00,44.9,-44,60,0
AL041998,DANIELLE,1998,09,04,12,00,45,-40.5,60,0
AL041998,DANIELLE,1998,09,04,18,00,45.3,-37,60,0
AL041998,DANIELLE,1998,09,05,00,00,45.9,-33,60,0
AL041998,DANIELLE,1998,09,05,06,00,46.5,-28,60,0
AL041998,DANIELLE,1998,09,05,12,00,47,-25,60,0
AL041998,DANIELLE,1998,09,05,18,00,48,-22,60,0
AL041998,DANIELLE,1998,09,06,00,00,50,-19,60,0
AL041998,DANIELLE,1998,09,06,06,00,51.5,-18,55,0
AL041998,DANIELLE,1998,09,06,12,00,52.8,-17.1,55,0
AL041998,DANIELLE,1998,09,06,18,00,53.3,-16.7,55,0
AL041998,DANIELLE,1998,09,07,00,00,53.8,-16.2,50,0
AL041998,DANIELLE,1998,09,07,06,00,54.5,-16,45,0
AL041998,DANIELLE,1998,09,07,12,00,55,-15,40,0
AL041998,DANIELLE,1998,09,07,18,00,55.8,-14,35,0
AL041998,DANIELLE,1998,09,08,00,00,56.4,-13.1,30,0
AL041998,DANIELLE,1998,09,08,06,00,57,-12,30,0
