AL041953	CAROL	1953	08	28	06	00	16	-20.5	25	0
AL041953	CAROL	1953	08	28	12	00	15.3	-21.6	30	0
AL041953	CAROL	1953	08	28	18	00	14.6	-22.8	30	0
AL041953	CAROL	1953	08	29	00	00	13.9	-24	30	0
AL041953	CAROL	1953	08	29	06	00	13.2	-25.3	30	0
AL041953	CAROL	1953	08	29	12	00	12.6	-26.7	30	0
AL041953	CAROL	1953	08	29	18	00	12	-28.1	30	0
AL041953	CAROL	1953	08	30	00	00	11.4	-29.5	30	0
AL041953	CAROL	1953	08	30	06	00	10.9	-30.7	30	0
AL041953	CAROL	1953	08	30	12	00	10.7	-32.1	30	0
AL041953	CAROL	1953	08	30	18	00	10.6	-33.9	30	0
AL041953	CAROL	1953	08	31	00	00	10.6	-35.8	30	0
AL041953	CAROL	1953	08	31	06	00	10.6	-37.7	35	0
AL041953	CAROL	1953	08	31	12	00	10.6	-39.6	35	0
AL041953	CAROL	1953	08	31	18	00	10.8	-41.4	40	0
AL041953	CAROL	1953	09	01	00	00	11.3	-43	40	0
AL041953	CAROL	1953	09	01	06	00	11.9	-44.3	45	0
AL041953	CAROL	1953	09	01	12	00	12.5	-45.6	50	0
AL041953	CAROL	1953	09	01	18	00	13.1	-46.9	55	0
AL041953	CAROL	1953	09	02	00	00	13.6	-48.1	60	0
AL041953	CAROL	1953	09	02	06	00	14.2	-49.5	70	1
AL041953	CAROL	1953	09	02	12	00	15	-51	75	1
AL041953	CAROL	1953	09	02	18	00	16.1	-53.7	85	2
AL041953	CAROL	1953	09	03	00	00	17.3	-56.3	115	4
AL041953	CAROL	1953	09	03	06	00	18.1	-57.5	125	4
AL041953	CAROL	1953	09	03	12	00	18.9	-58.7	130	4
AL041953	CAROL	1953	09	03	18	00	19.9	-60	130	4
AL041953	CAROL	1953	09	04	00	00	21	-61.3	130	4
AL041953	CAROL	1953	09	04	06	00	22.3	-62.5	130	4
AL041953	CAROL	1953	09	04	12	00	23.7	-63.5	130	4
AL041953	CAROL	1953	09	04	18	00	25	-64.3	125	4
AL041953	CAROL	1953	09	05	00	00	26.3	-65.1	120	4
AL041953	CAROL	1953	09	05	06	00	27.8	-66.1	115	4
AL041953	CAROL	1953	09	05	12	00	29.2	-67.1	105	3
AL041953	CAROL	1953	09	05	18	00	29.9	-67.6	100	3
AL041953	CAROL	1953	09	06	00	00	30.5	-68	95	2
AL041953	CAROL	1953	09	06	06	00	31.6	-68.8	90	2
AL041953	CAROL	1953	09	06	12	00	33	-69.6	85	2
AL041953	CAROL	1953	09	06	18	00	35	-70.6	80	1
AL041953	CAROL	1953	09	07	00	00	37.2	-70.8	80	1
AL041953	CAROL	1953	09	07	06	00	38.6	-70.3	75	1
AL041953	CAROL	1953	09	07	12	00	40.3	-69.3	70	1
AL041953	CAROL	1953	09	07	18	00	43.3	-67.3	65	1
AL041953	CAROL	1953	09	08	00	00	46.4	-65.2	60	0
AL041953	CAROL	1953	09	08	06	00	49.1	-63	55	0
AL041953	CAROL	1953	09	08	12	00	51.8	-60.8	50	0
AL041953	CAROL	1953	09	08	18	00	54.5	-58.4	50	0
AL041953	CAROL	1953	09	09	00	00	57	-56.2	45	0
AL041953	CAROL	1953	09	09	06	00	59.5	-54.1	45	0
AL041953	CAROL	1953	09	09	12	00	61.8	-52	45	0
