AL042008	DOLLY	2008	07	20	12	00	17.8	-83.6	40	0
AL042008	DOLLY	2008	07	20	18	00	18.6	-84.6	40	0
AL042008	DOLLY	2008	07	21	00	00	19.8	-85.8	45	0
AL042008	DOLLY	2008	07	21	05	30	20.8	-87	45	0
AL042008	DOLLY	2008	07	21	06	00	20.9	-87.2	45	0
AL042008	DOLLY	2008	07	21	12	00	21.8	-88.8	45	0
AL042008	DOLLY	2008	07	21	18	00	22.8	-90.4	45	0
AL042008	DOLLY	2008	07	22	00	00	23	-92	45	0
AL042008	DOLLY	2008	07	22	06	00	23.2	-93.3	45	0
AL042008	DOLLY	2008	07	22	12	00	23.7	-94.1	55	0
AL042008	DOLLY	2008	07	22	18	00	24.3	-94.9	60	0
AL042008	DOLLY	2008	07	23	00	00	24.9	-95.7	65	1
AL042008	DOLLY	2008	07	23	06	00	25.4	-96.2	70	1
AL042008	DOLLY	2008	07	23	12	00	25.9	-96.7	85	2
AL042008	DOLLY	2008	07	23	14	00	26	-96.8	85	2
AL042008	DOLLY	2008	07	23	18	00	26.4	-97.2	75	1
AL042008	DOLLY	2008	07	23	18	20	26.4	-97.2	75	1
AL042008	DOLLY	2008	07	23	20	00	26.4	-97.4	70	1
AL042008	DOLLY	2008	07	24	00	00	26.5	-97.8	65	1
AL042008	DOLLY	2008	07	24	06	00	26.7	-98.3	55	0
AL042008	DOLLY	2008	07	24	12	00	27.2	-98.9	45	0
AL042008	DOLLY	2008	07	24	18	00	27.9	-100	35	0
AL042008	DOLLY	2008	07	25	00	00	28.3	-101.4	25	0
AL042008	DOLLY	2008	07	25	06	00	28.5	-102.7	25	0
AL042008	DOLLY	2008	07	25	12	00	28.8	-104	25	0
AL042008	DOLLY	2008	07	25	18	00	29.4	-105	25	0
AL042008	DOLLY	2008	07	26	00	00	30	-105.7	20	0
AL042008	DOLLY	2008	07	26	06	00	30.5	-106	20	0
AL042008	DOLLY	2008	07	26	12	00	31	-106.3	20	0
AL042008	DOLLY	2008	07	26	18	00	31.9	-106.7	20	0
AL042008	DOLLY	2008	07	27	00	00	32.9	-106.3	20	0
