id,name,year,month,day,hour,minute,lat,lon,max_sustained_wind_kts,sshws
AL041926,UNNAMED,1926,09,01,00,00,13.8,-41.2,30,0
AL041926,UNNAMED,1926,09,01,06,00,13.9,-41.9,30,0
AL041926,UNNAMED,1926,09,01,12,00,14,-42.5,30,0
AL041926,UNNAMED,1926,09,01,18,00,14.1,-43.1,30,0
AL041926,UNNAMED,1926,09,02,00,00,14.2,-43.7,35,0
AL041926,UNNAMED,1926,09,02,06,00,14.3,-44.3,35,0
AL041926,UNNAMED,1926,09,02,12,00,14.5,-44.9,40,0
AL041926,UNNAMED,1926,09,02,18,00,14.6,-45.4,40,0
AL041926,UNNAMED,1926,09,03,00,00,14.8,-45.8,40,0
AL041926,UNNAMED,1926,09,03,06,00,14.9,-46.2,45,0
AL041926,UNNAMED,1926,09,03,12,00,15,-46.7,45,0
AL041926,UNNAMED,1926,09,03,18,00,15.1,-47.1,50,0
AL041926,UNNAMED,1926,09,04,00,00,15.2,-47.6,50,0
AL041926,UNNAMED,1926,09,04,06,00,15.3,-48,55,0
AL041926,UNNAMED,1926,09,04,12,00,15.5,-48.6,55,0
AL041926,UNNAMED,1926,09,04,18,00,15.7,-49.3,60,0
AL041926,UNNAMED,1926,09,05,00,00,15.9,-50,65,1
AL041926,UNNAMED,1926,09,05,06,00,16.1,-50.7,70,1
AL041926,UNNAMED,1926,09,05,12,00,16.4,-51.5,70,1
AL041926,UNNAMED,1926,09,05,18,00,16.7,-52.2,75,1
AL041926,UNNAMED,1926,09,06,00,00,17.2,-53,80,1
AL041926,UNNAMED,1926,09,06,06,00,17.6,-53.7,80,1
AL041926,UNNAMED,1926,09,06,12,00,18.2,-54.5,85,2
AL041926,UNNAMED,1926,09,06,18,00,18.8,-55.3,85,2
AL041926,UNNAMED,1926,09,07,00,00,19.5,-56.2,85,2
AL041926,UNNAMED,1926,09,07,06,00,20.2,-57.1,90,2
AL041926,UNNAMED,1926,09,07,12,00,20.8,-58,95,2
AL041926,UNNAMED,1926,09,07,18,00,21.5,-58.8,100,3
AL041926,UNNAMED,1926,09,08,00,00,22.2,-59.5,105,3
AL041926,UNNAMED,1926,09,08,06,00,23,-60.2,105,3
AL041926,UNNAMED,1926,09,08,12,00,23.6,-61,105,3
AL041926,UNNAMED,1926,09,08,18,00,24,-61.8,105,3
AL041926,UNNAMED,1926,09,09,00,00,24.2,-62.6,105,3
AL041926,UNNAMED,1926,09,09,06,00,24.3,-63.4,105,3
AL041926,UNNAMED,1926,09,09,12,00,24.4,-64,105,3
AL041926,UNNAMED,1926,09,09,18,00,24.7,-64.5,105,3
AL041926,UNNAMED,1926,09,10,00,00,25,-65,105,3
AL041926,UNNAMED,1926,09,10,06,00,25.3,-65.5,105,3
AL041926,UNNAMED,1926,09,10,12,00,25.6,-66,105,3
AL041926,UNNAMED,1926,09,10,18,00,26,-66.2,105,3
AL041926,UNNAMED,1926,09,11,00,00,26.6,-66.3,110,3
AL041926,UNNAMED,1926,09,11,06,00,27.3,-66.4,110,3
AL041926,UNNAMED,1926,09,11,12,00,28,-66.5,110,3
AL041926,UNNAMED,1926,09,11,18,00,28.6,-66.7,110,3
AL041926,UNNAMED,1926,09,12,00,00,29,-67,110,3
AL041926,UNNAMED,1926,09,12,06,00,29.3,-67.3,110,3
AL041926,UNNAMED,1926,09,12,12,00,29.5,-67.5,115,4
AL041926,UNNAMED,1926,09,12,18,00,29.8,-67.7,115,4
AL041926,UNNAMED,1926,09,13,00,00,30,-67.8,110,3
AL041926,UNNAMED,1926,09,13,06,00,30.3,-67.9,110,3
AL041926,UNNAMED,1926,09,13,12,00,30.5,-68,105,3
AL041926,UNNAMED,1926,09,13,18,00,30.7,-68.1,105,3
AL041926,UNNAMED,1926,09,14,00,00,30.9,-68.2,100,3
AL041926,UNNAMED,1926,09,14,06,00,31.1,-68.3,100,3
AL041926,UNNAMED,1926,09,14,12,00,31.3,-68.5,95,2
AL041926,UNNAMED,1926,09,14,18,00,31.5,-69,95,2
AL041926,UNNAMED,1926,09,15,00,00,31.7,-69.7,95,2
AL041926,UNNAMED,1926,09,15,06,00,32,-70.4,95,2
AL041926,UNNAMED,1926,09,15,12,00,32.5,-71,95,2
AL041926,UNNAMED,1926,09,15,18,00,33.2,-71.2,95,2
AL041926,UNNAMED,1926,09,16,00,00,34,-71.3,90,2
AL041926,UNNAMED,1926,09,16,06,00,34.9,-71.2,90,2
AL041926,UNNAMED,1926,09,16,12,00,35.8,-70.9,90,2
AL041926,UNNAMED,1926,09,16,18,00,36.8,-69.6,90,2
AL041926,UNNAMED,1926,09,17,00,00,37.8,-68,90,2
AL041926,UNNAMED,1926,09,17,06,00,38.8,-66.3,90,2
AL041926,UNNAMED,1926,09,17,12,00,39.6,-64.5,90,2
AL041926,UNNAMED,1926,09,17,18,00,39.9,-63,90,2
AL041926,UNNAMED,1926,09,18,00,00,39.7,-61.7,85,2
AL041926,UNNAMED,1926,09,18,06,00,39.4,-60.7,85,2
AL041926,UNNAMED,1926,09,18,12,00,39,-60.3,85,2
AL041926,UNNAMED,1926,09,18,18,00,38.8,-60,85,2
AL041926,UNNAMED,1926,09,19,00,00,38.7,-60.1,80,1
AL041926,UNNAMED,1926,09,19,06,00,38.6,-60.5,80,1
AL041926,UNNAMED,1926,09,19,12,00,38.5,-61,75,1
AL041926,UNNAMED,1926,09,19,18,00,38.3,-61.6,75,1
AL041926,UNNAMED,1926,09,20,00,00,38,-62.2,70,1
AL041926,UNNAMED,1926,09,20,06,00,37.7,-62.7,70,1
AL041926,UNNAMED,1926,09,20,12,00,37.5,-63,65,1
AL041926,UNNAMED,1926,09,20,18,00,37.5,-62.8,65,1
AL041926,UNNAMED,1926,09,21,00,00,37.7,-61.8,60,0
AL041926,UNNAMED,1926,09,21,06,00,38,-60.7,60,0
AL041926,UNNAMED,1926,09,21,12,00,38.5,-59.5,60,0
AL041926,UNNAMED,1926,09,21,18,00,39.5,-58.4,60,0
AL041926,UNNAMED,1926,09,22,00,00,40.7,-57.3,65,1
AL041926,UNNAMED,1926,09,22,06,00,42,-56.2,70,1
AL041926,UNNAMED,1926,09,22,12,00,43.4,-55.2,70,1
AL041926,UNNAMED,1926,09,22,18,00,44.7,-54.5,70,1
AL041926,UNNAMED,1926,09,23,00,00,46,-54.1,55,0
AL041926,UNNAMED,1926,09,23,06,00,47.3,-53.8,50,0
AL041926,UNNAMED,1926,09,23,12,00,48.8,-53.2,50,0
AL041926,UNNAMED,1926,09,23,18,00,50.7,-52.4,50,0
AL041926,UNNAMED,1926,09,24,00,00,52.9,-51.4,50,0
AL041926,UNNAMED,1926,09,24,06,00,55.4,-50.4,45,0
AL041926,UNNAMED,1926,09,24,12,00,58.2,-49.2,45,0
