id,name,year,month,day,hour,minute,lat,lon,max_sustained_wind_kts,sshws
AL041964,BRENDA,1964,08,07,18,00,32,-69,25,0
AL041964,BRENDA,1964,08,08,00,00,32.1,-67.6,30,0
AL041964,BRENDA,1964,08,08,06,00,32.2,-66.2,30,0
AL041964,BRENDA,1964,08,08,12,00,32.4,-64.9,45,0
AL041964,BRENDA,1964,08,08,18,00,32,-63.4,45,0
AL041964,BRENDA,1964,08,09,00,00,31.4,-62,45,0
AL041964,BRENDA,1964,08,09,06,00,31.5,-61.3,45,0
AL041964,BRENDA,1964,08,09,12,00,31.9,-60.6,45,0
AL041964,BRENDA,1964,08,09,18,00,32.9,-60.1,45,0
AL041964,BRENDA,1964,08,10,00,00,33.7,-59.2,45,0
AL041964,BRENDA,1964,08,10,06,00,34.4,-57.8,40,0
AL041964,BRENDA,1964,08,10,12,00,35.2,-56.5,40,0
AL041964,BRENDA,1964,08,10,18,00,36.1,-55.5,35,0
