id,name,year,month,day,hour,minute,lat,lon,max_sustained_wind_kts,sshws
AL041904,UNNAMED,1904,10,12,06,00,15.3,-75.7,35,0
AL041904,UNNAMED,1904,10,12,12,00,15.3,-76.4,35,0
AL041904,UNNAMED,1904,10,12,18,00,15.4,-77.1,35,0
AL041904,UNNAMED,1904,10,13,00,00,15.9,-77.7,35,0
AL041904,UNNAMED,1904,10,13,06,00,16.4,-78.2,35,0
AL041904,UNNAMED,1904,10,13,12,00,17,-78.7,40,0
AL041904,UNNAMED,1904,10,13,18,00,17.5,-79.1,40,0
AL041904,UNNAMED,1904,10,14,00,00,18,-79.3,40,0
AL041904,UNNAMED,1904,10,14,06,00,18.6,-79.5,40,0
AL041904,UNNAMED,1904,10,14,12,00,19.3,-79.7,45,0
AL041904,UNNAMED,1904,10,14,18,00,19.8,-79.8,50,0
AL041904,UNNAMED,1904,10,15,00,00,20.1,-79.9,55,0
AL041904,UNNAMED,1904,10,15,06,00,20.6,-79.9,60,0
AL041904,UNNAMED,1904,10,15,12,00,21,-80,65,1
AL041904,UNNAMED,1904,10,15,18,00,21.4,-80,65,1
AL041904,UNNAMED,1904,10,16,00,00,21.7,-80,65,1
AL041904,UNNAMED,1904,10,16,06,00,22,-80,55,0
AL041904,UNNAMED,1904,10,16,12,00,22.5,-80,50,0
AL041904,UNNAMED,1904,10,16,18,00,23.3,-79.9,55,0
AL041904,UNNAMED,1904,10,17,00,00,24.2,-79.9,65,1
AL041904,UNNAMED,1904,10,17,06,00,25.1,-80.1,70,1
AL041904,UNNAMED,1904,10,17,08,00,25.3,-80.3,70,1
AL041904,UNNAMED,1904,10,17,12,00,25.7,-80.7,60,0
AL041904,UNNAMED,1904,10,17,18,00,25.9,-80.9,50,0
AL041904,UNNAMED,1904,10,18,00,00,26.2,-81.1,45,0
AL041904,UNNAMED,1904,10,18,06,00,26.5,-81.4,40,0
AL041904,UNNAMED,1904,10,18,12,00,26.7,-81.7,40,0
AL041904,UNNAMED,1904,10,18,18,00,26.8,-82.3,35,0
AL041904,UNNAMED,1904,10,19,00,00,26.7,-82.5,35,0
AL041904,UNNAMED,1904,10,19,06,00,26.6,-82.6,35,0
AL041904,UNNAMED,1904,10,19,12,00,26.3,-82.7,35,0
AL041904,UNNAMED,1904,10,19,18,00,25.9,-82.6,35,0
AL041904,UNNAMED,1904,10,20,00,00,25.6,-82.2,35,0
AL041904,UNNAMED,1904,10,20,06,00,25.4,-81.6,35,0
AL041904,UNNAMED,1904,10,20,10,00,25.5,-81.2,35,0
AL041904,UNNAMED,1904,10,20,12,00,25.5,-81,35,0
AL041904,UNNAMED,1904,10,20,18,00,25.8,-80,30,0
AL041904,UNNAMED,1904,10,21,00,00,26.1,-79,25,0
AL041904,UNNAMED,1904,10,21,06,00,26.5,-78.2,20,0
AL041904,UNNAMED,1904,10,21,12,00,27,-77,20,0
AL041904,UNNAMED,1904,10,21,18,00,27.4,-75.9,20,0
