id,name,year,month,day,hour,minute,lat,lon,max_sustained_wind_kts,sshws
AL042011,DON,2011,07,27,06,00,21.6,-85.7,30,0
AL042011,DON,2011,07,27,12,00,21.8,-86.2,30,0
AL042011,DON,2011,07,27,18,00,22,-86.7,35,0
AL042011,DON,2011,07,28,00,00,22.3,-87.4,35,0
AL042011,DON,2011,07,28,06,00,22.9,-88.4,35,0
AL042011,DON,2011,07,28,12,00,23.7,-89.5,40,0
AL042011,DON,2011,07,28,18,00,24.2,-90.7,40,0
AL042011,DON,2011,07,29,00,00,24.6,-91.9,45,0
AL042011,DON,2011,07,29,06,00,25.1,-93.1,45,0
AL042011,DON,2011,07,29,12,00,25.8,-94.3,45,0
AL042011,DON,2011,07,29,18,00,26.4,-95.5,45,0
AL042011,DON,2011,07,30,00,00,27,-96.9,35,0
AL042011,DON,2011,07,30,02,30,27.3,-97.4,30,0
AL042011,DON,2011,07,30,06,00,27.8,-98.1,25,0
