AL041901	UNNAMED	1901	08	02	00	00	32.6	-38.4	25	0
AL041901	UNNAMED	1901	08	02	06	00	32.3	-39.1	25	0
AL041901	UNNAMED	1901	08	02	12	00	32	-40	25	0
AL041901	UNNAMED	1901	08	02	18	00	31.6	-41.1	25	0
AL041901	UNNAMED	1901	08	03	00	00	31.1	-42.3	25	0
AL041901	UNNAMED	1901	08	03	06	00	30.5	-43.7	25	0
AL041901	UNNAMED	1901	08	03	12	00	30	-45	25	0
AL041901	UNNAMED	1901	08	03	18	00	29.3	-46.3	25	0
AL041901	UNNAMED	1901	08	04	00	00	28.6	-47.3	30	0
AL041901	UNNAMED	1901	08	04	06	00	27.7	-48.8	30	0
AL041901	UNNAMED	1901	08	04	12	00	27	-50	30	0
AL041901	UNNAMED	1901	08	04	18	00	26.3	-51.6	30	0
AL041901	UNNAMED	1901	08	05	00	00	25.6	-53.2	30	0
AL041901	UNNAMED	1901	08	05	06	00	24.9	-54.8	30	0
AL041901	UNNAMED	1901	08	05	12	00	24.5	-56.5	30	0
AL041901	UNNAMED	1901	08	05	18	00	24.2	-57.9	30	0
AL041901	UNNAMED	1901	08	06	00	00	23.9	-59.3	30	0
AL041901	UNNAMED	1901	08	06	06	00	23.7	-60.8	30	0
AL041901	UNNAMED	1901	08	06	12	00	23.7	-62.3	30	0
AL041901	UNNAMED	1901	08	06	18	00	23.9	-63.9	30	0
AL041901	UNNAMED	1901	08	07	00	00	24.2	-65.7	30	0
AL041901	UNNAMED	1901	08	07	06	00	24.6	-67.5	30	0
AL041901	UNNAMED	1901	08	07	12	00	25	-69	30	0
AL041901	UNNAMED	1901	08	07	18	00	25.3	-70.2	30	0
AL041901	UNNAMED	1901	08	08	00	00	25.5	-71.6	30	0
AL041901	UNNAMED	1901	08	08	06	00	25.5	-72.7	30	0
AL041901	UNNAMED	1901	08	08	12	00	25.5	-74	30	0
AL041901	UNNAMED	1901	08	08	18	00	25.4	-74.5	30	0
AL041901	UNNAMED	1901	08	09	00	00	25	-75	35	0
AL041901	UNNAMED	1901	08	09	06	00	25	-75.6	35	0
AL041901	UNNAMED	1901	08	09	12	00	25.2	-76.4	40	0
AL041901	UNNAMED	1901	08	09	18	00	25.3	-77.1	40	0
AL041901	UNNAMED	1901	08	10	00	00	25.4	-77.8	40	0
AL041901	UNNAMED	1901	08	10	06	00	25.6	-78.4	40	0
AL041901	UNNAMED	1901	08	10	12	00	25.8	-79	40	0
AL041901	UNNAMED	1901	08	10	18	00	26.1	-79.6	40	0
AL041901	UNNAMED	1901	08	10	22	00	26.3	-80.1	40	0
AL041901	UNNAMED	1901	08	11	00	00	26.4	-80.4	35	0
AL041901	UNNAMED	1901	08	11	06	00	26.7	-81.3	35	0
AL041901	UNNAMED	1901	08	11	12	00	26.9	-82.1	40	0
AL041901	UNNAMED	1901	08	11	18	00	27	-82.7	45	0
AL041901	UNNAMED	1901	08	12	00	00	27.2	-83.2	50	0
AL041901	UNNAMED	1901	08	12	06	00	27.3	-83.7	55	0
AL041901	UNNAMED	1901	08	12	12	00	27.4	-84.2	65	1
AL041901	UNNAMED	1901	08	12	18	00	27.4	-84.8	70	1
AL041901	UNNAMED	1901	08	13	00	00	27.5	-85.4	75	1
AL041901	UNNAMED	1901	08	13	06	00	27.5	-86	80	1
AL041901	UNNAMED	1901	08	13	12	00	27.5	-86.7	80	1
AL041901	UNNAMED	1901	08	13	18	00	27.6	-87.6	80	1
AL041901	UNNAMED	1901	08	14	00	00	27.9	-88.7	80	1
AL041901	UNNAMED	1901	08	14	06	00	28.3	-89.3	80	1
AL041901	UNNAMED	1901	08	14	12	00	28.7	-89.7	75	1
AL041901	UNNAMED	1901	08	14	18	00	29.1	-89.8	75	1
AL041901	UNNAMED	1901	08	14	21	00	29.3	-89.6	75	1
AL041901	UNNAMED	1901	08	15	00	00	29.4	-89.5	75	1
AL041901	UNNAMED	1901	08	15	06	00	29.7	-89.2	75	1
AL041901	UNNAMED	1901	08	15	12	00	30	-89	75	1
AL041901	UNNAMED	1901	08	15	17	00	30.4	-88.8	75	1
AL041901	UNNAMED	1901	08	15	18	00	30.5	-88.7	70	1
AL041901	UNNAMED	1901	08	16	00	00	31	-88.3	60	0
AL041901	UNNAMED	1901	08	16	06	00	31.5	-88.1	45	0
AL041901	UNNAMED	1901	08	16	12	00	32	-88	40	0
AL041901	UNNAMED	1901	08	16	18	00	33	-88.7	35	0
AL041901	UNNAMED	1901	08	17	00	00	34	-89.5	30	0
AL041901	UNNAMED	1901	08	17	06	00	35	-90	30	0
AL041901	UNNAMED	1901	08	17	12	00	36.3	-89.9	25	0
AL041901	UNNAMED	1901	08	17	18	00	37.1	-89.3	25	0
AL041901	UNNAMED	1901	08	18	00	00	37.8	-88.7	25	0
AL041901	UNNAMED	1901	08	18	06	00	38.4	-87.8	25	0
AL041901	UNNAMED	1901	08	18	12	00	39	-86.8	25	0
AL041901	UNNAMED	1901	08	18	18	00	39.8	-85.4	25	0
