AL042002	DOLLY	2002	08	29	12	00	9.5	-31.2	30	0
AL042002	DOLLY	2002	08	29	18	00	9.7	-32.2	35	0
AL042002	DOLLY	2002	08	30	00	00	9.7	-33.1	40	0
AL042002	DOLLY	2002	08	30	06	00	10	-34.5	45	0
AL042002	DOLLY	2002	08	30	12	00	10.3	-36.3	50	0
AL042002	DOLLY	2002	08	30	18	00	10.8	-37.7	50	0
AL042002	DOLLY	2002	08	31	00	00	11.5	-39.1	45	0
AL042002	DOLLY	2002	08	31	06	00	12.1	-40.9	40	0
AL042002	DOLLY	2002	08	31	12	00	12.8	-42.9	35	0
AL042002	DOLLY	2002	08	31	18	00	13.2	-44.9	35	0
AL042002	DOLLY	2002	09	01	00	00	13.6	-46.8	35	0
AL042002	DOLLY	2002	09	01	06	00	14.1	-48.4	35	0
AL042002	DOLLY	2002	09	01	12	00	14.8	-49.9	35	0
AL042002	DOLLY	2002	09	01	18	00	15.6	-51.2	40	0
AL042002	DOLLY	2002	09	02	00	00	16.4	-52	40	0
AL042002	DOLLY	2002	09	02	06	00	17.1	-52.5	40	0
AL042002	DOLLY	2002	09	02	12	00	17.9	-52.9	45	0
AL042002	DOLLY	2002	09	02	18	00	18.5	-53.3	45	0
AL042002	DOLLY	2002	09	03	00	00	19.3	-53.7	40	0
AL042002	DOLLY	2002	09	03	06	00	19.6	-53.7	45	0
AL042002	DOLLY	2002	09	03	12	00	21	-52.9	45	0
AL042002	DOLLY	2002	09	03	18	00	22.2	-52.4	45	0
AL042002	DOLLY	2002	09	04	00	00	23.1	-52.4	45	0
AL042002	DOLLY	2002	09	04	06	00	23.5	-52.4	35	0
AL042002	DOLLY	2002	09	04	12	00	23.5	-52.5	25	0
AL042002	DOLLY	2002	09	04	18	00	24	-52.5	20	0
