id,name,year,month,day,hour,minute,lat,lon,max_sustained_wind_kts,sshws
AL041915,UNNAMED,1915,08,31,12,00,15,-79.5,30,0
AL041915,UNNAMED,1915,08,31,18,00,16,-80,35,0
AL041915,UNNAMED,1915,09,01,00,00,17,-80.4,40,0
AL041915,UNNAMED,1915,09,01,06,00,18,-80.8,45,0
AL041915,UNNAMED,1915,09,01,12,00,19,-81,50,0
AL041915,UNNAMED,1915,09,01,18,00,19.3,-81.1,55,0
AL041915,UNNAMED,1915,09,02,00,00,19.6,-81.2,60,0
AL041915,UNNAMED,1915,09,02,06,00,20,-81.3,65,1
AL041915,UNNAMED,1915,09,02,12,00,20.5,-81.5,75,1
AL041915,UNNAMED,1915,09,02,18,00,21.1,-82.1,85,2
AL041915,UNNAMED,1915,09,03,00,00,21.7,-82.8,85,2
AL041915,UNNAMED,1915,09,03,06,00,22.6,-83.6,80,1
AL041915,UNNAMED,1915,09,03,12,00,24,-84,80,1
AL041915,UNNAMED,1915,09,03,18,00,25.6,-84.4,80,1
AL041915,UNNAMED,1915,09,04,00,00,27.2,-84.8,80,1
AL041915,UNNAMED,1915,09,04,06,00,28.7,-85.2,80,1
AL041915,UNNAMED,1915,09,04,11,00,30,-85.4,80,1
AL041915,UNNAMED,1915,09,04,12,00,30.2,-85.4,70,1
AL041915,UNNAMED,1915,09,04,18,00,31.8,-85.3,50,0
AL041915,UNNAMED,1915,09,05,00,00,33.5,-85,35,0
AL041915,UNNAMED,1915,09,05,06,00,35.3,-84.7,30,0
AL041915,UNNAMED,1915,09,05,12,00,36.9,-84.6,30,0
AL041915,UNNAMED,1915,09,05,18,00,38.4,-84.6,25,0
AL041915,UNNAMED,1915,09,06,00,00,39.8,-84.6,25,0
AL041915,UNNAMED,1915,09,06,06,00,41.1,-84.7,25,0
AL041915,UNNAMED,1915,09,06,12,00,42.4,-84.9,25,0
AL041915,UNNAMED,1915,09,06,18,00,43.5,-85.2,20,0
