AL041943	UNNAMED	1943	09	01	06	00	24.5	-59.5	60	0
AL041943	UNNAMED	1943	09	01	12	00	25.3	-59.9	70	1
AL041943	UNNAMED	1943	09	01	18	00	26.4	-60.9	75	1
AL041943	UNNAMED	1943	09	02	00	00	27.6	-61.6	80	1
AL041943	UNNAMED	1943	09	02	06	00	28.8	-62	80	1
AL041943	UNNAMED	1943	09	02	12	00	30	-62.2	85	2
AL041943	UNNAMED	1943	09	02	18	00	30.6	-62.4	85	2
AL041943	UNNAMED	1943	09	03	00	00	31	-62.4	90	2
AL041943	UNNAMED	1943	09	03	06	00	31.4	-62.8	95	2
AL041943	UNNAMED	1943	09	03	12	00	31.8	-62.8	95	2
AL041943	UNNAMED	1943	09	03	18	00	32.2	-62.5	100	3
AL041943	UNNAMED	1943	09	04	00	00	32.4	-61.9	100	3
AL041943	UNNAMED	1943	09	04	06	00	32.5	-61.2	105	3
AL041943	UNNAMED	1943	09	04	12	00	32.7	-60.8	105	3
AL041943	UNNAMED	1943	09	04	18	00	32.9	-60.6	105	3
AL041943	UNNAMED	1943	09	05	00	00	33.2	-60.9	100	3
AL041943	UNNAMED	1943	09	05	06	00	33.5	-61.3	95	2
AL041943	UNNAMED	1943	09	05	12	00	33.7	-61.6	95	2
AL041943	UNNAMED	1943	09	05	18	00	33.9	-61.9	95	2
AL041943	UNNAMED	1943	09	06	00	00	34.2	-62.2	95	2
AL041943	UNNAMED	1943	09	06	06	00	34.4	-62.4	95	2
AL041943	UNNAMED	1943	09	06	12	00	34.7	-62.6	95	2
AL041943	UNNAMED	1943	09	06	18	00	34.9	-62.8	95	2
AL041943	UNNAMED	1943	09	07	00	00	35.1	-63	95	2
AL041943	UNNAMED	1943	09	07	06	00	35.4	-63.1	95	2
AL041943	UNNAMED	1943	09	07	12	00	35.7	-63.2	95	2
AL041943	UNNAMED	1943	09	07	18	00	36.1	-63.3	90	2
AL041943	UNNAMED	1943	09	08	00	00	36.5	-63.3	90	2
AL041943	UNNAMED	1943	09	08	06	00	36.9	-63.2	90	2
AL041943	UNNAMED	1943	09	08	12	00	37.5	-63.1	85	2
AL041943	UNNAMED	1943	09	08	18	00	38.6	-63	80	1
AL041943	UNNAMED	1943	09	09	00	00	40.1	-62.5	75	1
AL041943	UNNAMED	1943	09	09	06	00	42.2	-61.7	70	1
AL041943	UNNAMED	1943	09	09	12	00	44.5	-60.8	60	0
AL041943	UNNAMED	1943	09	09	18	00	46.8	-57.5	55	0
AL041943	UNNAMED	1943	09	10	00	00	49.5	-54	45	0
