AL041865	UNNAMED	1865	09	06	00	00	16	-55.5	90	2
AL041865	UNNAMED	1865	09	06	06	00	16	-56.7	90	2
AL041865	UNNAMED	1865	09	06	12	00	16	-58	90	2
AL041865	UNNAMED	1865	09	06	18	00	16	-59.3	90	2
AL041865	UNNAMED	1865	09	07	00	00	16.1	-60.8	90	2
AL041865	UNNAMED	1865	09	07	06	00	16.2	-62.4	90	2
AL041865	UNNAMED	1865	09	07	12	00	16.5	-63.8	90	2
AL041865	UNNAMED	1865	09	07	18	00	16.7	-65.5	90	2
AL041865	UNNAMED	1865	09	08	00	00	16.7	-67.5	90	2
AL041865	UNNAMED	1865	09	08	06	00	17	-69.5	90	2
AL041865	UNNAMED	1865	09	08	12	00	17.1	-71	90	2
AL041865	UNNAMED	1865	09	08	18	00	17.4	-72.4	90	2
AL041865	UNNAMED	1865	09	09	00	00	17.7	-73.6	90	2
AL041865	UNNAMED	1865	09	09	06	00	18	-75	90	2
AL041865	UNNAMED	1865	09	09	12	00	18.5	-76.3	90	2
AL041865	UNNAMED	1865	09	09	18	00	18.9	-77.4	90	2
AL041865	UNNAMED	1865	09	10	00	00	19.2	-78.8	90	2
AL041865	UNNAMED	1865	09	10	06	00	19.9	-80.1	90	2
AL041865	UNNAMED	1865	09	10	12	00	20.2	-81.5	90	2
AL041865	UNNAMED	1865	09	10	18	00	20.7	-82.6	90	2
AL041865	UNNAMED	1865	09	11	00	00	21	-83.9	90	2
AL041865	UNNAMED	1865	09	11	06	00	21.2	-85.1	90	2
AL041865	UNNAMED	1865	09	11	12	00	21.9	-86.5	90	2
AL041865	UNNAMED	1865	09	11	18	00	22.6	-87.6	90	2
AL041865	UNNAMED	1865	09	12	00	00	23.1	-88.4	90	2
AL041865	UNNAMED	1865	09	12	06	00	23.7	-89.4	90	2
AL041865	UNNAMED	1865	09	12	12	00	24.6	-90.4	90	2
AL041865	UNNAMED	1865	09	12	18	00	25.4	-91.1	90	2
AL041865	UNNAMED	1865	09	13	00	00	26.3	-91.8	90	2
AL041865	UNNAMED	1865	09	13	06	00	27.1	-92.4	90	2
AL041865	UNNAMED	1865	09	13	12	00	28.1	-92.9	90	2
AL041865	UNNAMED	1865	09	13	18	00	29.2	-93.3	90	2
AL041865	UNNAMED	1865	09	13	21	00	29.8	-93.4	90	2
AL041865	UNNAMED	1865	09	14	00	00	30.4	-93.5	70	1
AL041865	UNNAMED	1865	09	14	06	00	31.6	-93.5	50	0
AL041865	UNNAMED	1865	09	14	12	00	32.8	-93.3	40	0
AL041865	UNNAMED	1865	09	14	18	00	34	-93	40	0
