id,name,year,month,day,hour,minute,lat,lon,max_sustained_wind_kts,sshws
AL041872,UNNAMED,1872,09,30,00,00,13,-31.7,40,0
AL041872,UNNAMED,1872,09,30,06,00,13.4,-32.7,40,0
AL041872,UNNAMED,1872,09,30,12,00,13.8,-33.7,40,0
AL041872,UNNAMED,1872,09,30,18,00,14.4,-34.7,40,0
AL041872,UNNAMED,1872,10,01,00,00,15.3,-36,50,0
AL041872,UNNAMED,1872,10,01,06,00,16.2,-37.4,50,0
AL041872,UNNAMED,1872,10,01,12,00,17.2,-38.7,50,0
AL041872,UNNAMED,1872,10,01,18,00,17.9,-39.5,50,0
AL041872,UNNAMED,1872,10,02,00,00,18.5,-40.3,60,0
AL041872,UNNAMED,1872,10,02,06,00,19.1,-41,60,0
AL041872,UNNAMED,1872,10,02,12,00,20,-42,60,0
AL041872,UNNAMED,1872,10,02,18,00,21,-42.9,60,0
AL041872,UNNAMED,1872,10,03,00,00,22,-43.8,70,1
AL041872,UNNAMED,1872,10,03,06,00,23.1,-44.8,70,1
AL041872,UNNAMED,1872,10,03,12,00,24,-45.7,70,1
AL041872,UNNAMED,1872,10,03,18,00,25.1,-46.5,70,1
AL041872,UNNAMED,1872,10,04,00,00,26.4,-47.2,70,1
AL041872,UNNAMED,1872,10,04,06,00,27.7,-48,70,1
AL041872,UNNAMED,1872,10,04,12,00,29,-48.8,70,1
AL041872,UNNAMED,1872,10,04,18,00,30.3,-49.4,70,1
AL041872,UNNAMED,1872,10,05,00,00,31.7,-49.8,70,1
AL041872,UNNAMED,1872,10,05,06,00,33,-50,70,1
AL041872,UNNAMED,1872,10,05,12,00,34.5,-49.9,70,1
AL041872,UNNAMED,1872,10,05,18,00,36.4,-48.8,70,1
AL041872,UNNAMED,1872,10,06,00,00,38.2,-46.4,70,1
AL041872,UNNAMED,1872,10,06,06,00,39.3,-43.8,70,1
AL041872,UNNAMED,1872,10,06,12,00,40,-41,70,1
AL041872,UNNAMED,1872,10,06,18,00,40.5,-38,70,1
