id,name,year,month,day,hour,minute,lat,lon,max_sustained_wind_kts,sshws
AL042003,CLAUDETTE,2003,07,07,00,00,11.1,-53.5,25,0
AL042003,CLAUDETTE,2003,07,07,06,00,11.8,-55.3,30,0
AL042003,CLAUDETTE,2003,07,07,12,00,12.6,-57.5,30,0
AL042003,CLAUDETTE,2003,07,07,18,00,13.2,-59.8,35,0
AL042003,CLAUDETTE,2003,07,08,00,00,13.7,-62,35,0
AL042003,CLAUDETTE,2003,07,08,06,00,14,-64.8,40,0
AL042003,CLAUDETTE,2003,07,08,12,00,14.4,-67.6,40,0
AL042003,CLAUDETTE,2003,07,08,18,00,14.8,-70,45,0
AL042003,CLAUDETTE,2003,07,09,00,00,15,-72,50,0
AL042003,CLAUDETTE,2003,07,09,06,00,15.1,-74.4,60,0
AL042003,CLAUDETTE,2003,07,09,12,00,15.3,-76.5,55,0
AL042003,CLAUDETTE,2003,07,09,18,00,15.8,-78.6,55,0
AL042003,CLAUDETTE,2003,07,10,00,00,16.1,-80.3,55,0
AL042003,CLAUDETTE,2003,07,10,06,00,16.6,-81.7,55,0
AL042003,CLAUDETTE,2003,07,10,12,00,17.5,-82.8,70,1
AL042003,CLAUDETTE,2003,07,10,18,00,18.6,-84.1,55,0
AL042003,CLAUDETTE,2003,07,11,00,00,19.7,-85.5,50,0
AL042003,CLAUDETTE,2003,07,11,06,00,20.4,-86.3,50,0
AL042003,CLAUDETTE,2003,07,11,10,00,20.8,-86.9,50,0
AL042003,CLAUDETTE,2003,07,11,12,00,21.1,-87.2,50,0
AL042003,CLAUDETTE,2003,07,11,18,00,21.8,-88.2,45,0
AL042003,CLAUDETTE,2003,07,12,00,00,22.6,-89.2,45,0
AL042003,CLAUDETTE,2003,07,12,06,00,23.3,-90.2,45,0
AL042003,CLAUDETTE,2003,07,12,12,00,23.9,-90.7,45,0
AL042003,CLAUDETTE,2003,07,12,18,00,24.6,-90.9,45,0
AL042003,CLAUDETTE,2003,07,13,00,00,24.9,-91.5,45,0
AL042003,CLAUDETTE,2003,07,13,06,00,24.9,-91.9,45,0
AL042003,CLAUDETTE,2003,07,13,12,00,25.1,-92.1,50,0
AL042003,CLAUDETTE,2003,07,13,18,00,25.3,-92.2,50,0
AL042003,CLAUDETTE,2003,07,14,00,00,25.6,-92.2,55,0
AL042003,CLAUDETTE,2003,07,14,06,00,26,-92.3,55,0
AL042003,CLAUDETTE,2003,07,14,12,00,26.7,-92.6,55,0
AL042003,CLAUDETTE,2003,07,14,18,00,27.3,-93,60,0
AL042003,CLAUDETTE,2003,07,15,00,00,27.7,-93.6,60,0
AL042003,CLAUDETTE,2003,07,15,06,00,27.9,-94.6,65,1
AL042003,CLAUDETTE,2003,07,15,12,00,28.3,-95.5,75,1
AL042003,CLAUDETTE,2003,07,15,15,30,28.3,-96.2,80,1
AL042003,CLAUDETTE,2003,07,15,18,00,28.6,-96.9,70,1
AL042003,CLAUDETTE,2003,07,16,00,00,28.5,-98.2,50,0
AL042003,CLAUDETTE,2003,07,16,06,00,28.5,-99.4,40,0
AL042003,CLAUDETTE,2003,07,16,12,00,28.8,-100.8,35,0
AL042003,CLAUDETTE,2003,07,16,18,00,29.3,-102.6,35,0
AL042003,CLAUDETTE,2003,07,17,00,00,29.9,-104.3,30,0
AL042003,CLAUDETTE,2003,07,17,06,00,30.5,-106,25,0
AL042003,CLAUDETTE,2003,07,17,12,00,30.9,-107.7,25,0
