id,name,year,month,day,hour,minute,lat,lon,max_sustained_wind_kts,sshws
AL041883,UNNAMED,1883,10,22,00,00,27.5,-77.6,40,0
AL041883,UNNAMED,1883,10,22,06,00,27.8,-77.6,40,0
AL041883,UNNAMED,1883,10,22,12,00,28.2,-77.6,40,0
AL041883,UNNAMED,1883,10,22,18,00,29,-77.8,40,0
AL041883,UNNAMED,1883,10,23,00,00,30,-77.8,40,0
AL041883,UNNAMED,1883,10,23,06,00,31,-77.6,40,0
AL041883,UNNAMED,1883,10,23,12,00,32,-77,40,0
AL041883,UNNAMED,1883,10,23,18,00,33.5,-75.9,40,0
AL041883,UNNAMED,1883,10,24,00,00,35,-73.5,50,0
AL041883,UNNAMED,1883,10,24,06,00,36,-71.3,50,0
AL041883,UNNAMED,1883,10,24,12,00,37,-68.8,50,0
AL041883,UNNAMED,1883,10,24,18,00,38,-66.3,50,0
AL041883,UNNAMED,1883,10,25,00,00,39.2,-63.7,50,0
AL041883,UNNAMED,1883,10,25,06,00,40.3,-61.3,50,0
AL041883,UNNAMED,1883,10,25,12,00,41,-58.9,50,0
AL041883,UNNAMED,1883,10,25,18,00,41.5,-57,50,0
AL041883,UNNAMED,1883,10,26,00,00,41.9,-55.2,60,0
AL041883,UNNAMED,1883,10,26,06,00,42.2,-53.4,60,0
AL041883,UNNAMED,1883,10,26,12,00,43,-50.5,60,0
AL041883,UNNAMED,1883,10,26,18,00,44,-46,60,0
AL041883,UNNAMED,1883,10,27,00,00,45.7,-40.4,70,1
AL041883,UNNAMED,1883,10,27,06,00,47.4,-34.8,70,1
AL041883,UNNAMED,1883,10,27,12,00,49,-30,70,1
AL041883,UNNAMED,1883,10,27,18,00,50.4,-27,70,1
AL041883,UNNAMED,1883,10,28,00,00,51.8,-24.2,60,0
AL041883,UNNAMED,1883,10,28,06,00,53,-21.6,60,0
AL041883,UNNAMED,1883,10,28,12,00,54.4,-19,60,0
AL041883,UNNAMED,1883,10,28,18,00,55.6,-16.5,60,0
