id,name,year,month,day,hour,minute,lat,lon,max_sustained_wind_kts,sshws
AL041897,UNNAMED,1897,09,25,00,00,19.6,-82.9,35,0
AL041897,UNNAMED,1897,09,25,06,00,19.8,-83.2,35,0
AL041897,UNNAMED,1897,09,25,12,00,20,-83.5,35,0
AL041897,UNNAMED,1897,09,25,18,00,20.3,-83.8,35,0
AL041897,UNNAMED,1897,09,26,00,00,20.5,-84,35,0
AL041897,UNNAMED,1897,09,26,06,00,20.7,-84.2,35,0
AL041897,UNNAMED,1897,09,26,12,00,21,-84.5,35,0
AL041897,UNNAMED,1897,09,26,18,00,21.4,-84.8,35,0
AL041897,UNNAMED,1897,09,27,00,00,21.9,-85.1,35,0
AL041897,UNNAMED,1897,09,27,06,00,22.4,-85.3,35,0
AL041897,UNNAMED,1897,09,27,12,00,23,-85.5,40,0
AL041897,UNNAMED,1897,09,27,18,00,23.8,-85.6,40,0
AL041897,UNNAMED,1897,09,28,00,00,24.7,-85.7,40,0
AL041897,UNNAMED,1897,09,28,06,00,25.4,-85.6,40,0
AL041897,UNNAMED,1897,09,28,12,00,25.9,-85.5,40,0
AL041897,UNNAMED,1897,09,28,18,00,26.3,-85.4,40,0
AL041897,UNNAMED,1897,09,29,00,00,26.6,-85.2,40,0
AL041897,UNNAMED,1897,09,29,06,00,26.8,-84.9,40,0
AL041897,UNNAMED,1897,09,29,12,00,27,-84.5,40,0
AL041897,UNNAMED,1897,09,29,18,00,27.2,-83.8,35,0
