id,name,year,month,day,hour,minute,lat,lon,max_sustained_wind_kts,sshws
AL041871,UNNAMED,1871,08,17,00,00,11.2,-30.7,40,0
AL041871,UNNAMED,1871,08,17,06,00,11.5,-32.2,40,0
AL041871,UNNAMED,1871,08,17,12,00,11.8,-33.9,40,0
AL041871,UNNAMED,1871,08,17,18,00,12.3,-35.5,40,0
AL041871,UNNAMED,1871,08,18,00,00,12.9,-37.4,50,0
AL041871,UNNAMED,1871,08,18,06,00,13.5,-39.2,50,0
AL041871,UNNAMED,1871,08,18,12,00,14,-41,50,0
AL041871,UNNAMED,1871,08,18,18,00,14.2,-42.5,50,0
AL041871,UNNAMED,1871,08,19,00,00,14.3,-44.5,60,0
AL041871,UNNAMED,1871,08,19,06,00,14.5,-46.4,60,0
AL041871,UNNAMED,1871,08,19,12,00,14.7,-48,70,1
AL041871,UNNAMED,1871,08,19,18,00,14.9,-49.9,70,1
AL041871,UNNAMED,1871,08,20,00,00,15.1,-52.2,80,1
AL041871,UNNAMED,1871,08,20,06,00,15.3,-54.5,80,1
AL041871,UNNAMED,1871,08,20,12,00,15.4,-56.4,90,2
AL041871,UNNAMED,1871,08,20,18,00,15.8,-58.2,90,2
AL041871,UNNAMED,1871,08,21,00,00,16.4,-60,100,3
AL041871,UNNAMED,1871,08,21,06,00,17.1,-61.6,100,3
AL041871,UNNAMED,1871,08,21,12,00,17.7,-62.9,100,3
AL041871,UNNAMED,1871,08,21,18,00,18.2,-64,100,3
AL041871,UNNAMED,1871,08,22,00,00,18.9,-65.3,100,3
AL041871,UNNAMED,1871,08,22,06,00,19.5,-66.5,100,3
AL041871,UNNAMED,1871,08,22,12,00,20,-67.5,90,2
AL041871,UNNAMED,1871,08,22,18,00,20.7,-68.6,90,2
AL041871,UNNAMED,1871,08,23,00,00,21.2,-69.6,90,2
AL041871,UNNAMED,1871,08,23,06,00,22,-71,90,2
AL041871,UNNAMED,1871,08,23,12,00,22.5,-72.3,90,2
AL041871,UNNAMED,1871,08,23,18,00,23.2,-73.5,90,2
AL041871,UNNAMED,1871,08,24,00,00,24.1,-75,90,2
AL041871,UNNAMED,1871,08,24,06,00,25,-76.4,90,2
AL041871,UNNAMED,1871,08,24,12,00,25.7,-77.6,90,2
AL041871,UNNAMED,1871,08,24,18,00,26.3,-78.6,90,2
AL041871,UNNAMED,1871,08,25,00,00,27,-79.5,90,2
AL041871,UNNAMED,1871,08,25,05,00,27.1,-80.3,90,2
AL041871,UNNAMED,1871,08,25,06,00,27.7,-80.5,90,2
AL041871,UNNAMED,1871,08,25,12,00,28.3,-81.3,70,1
AL041871,UNNAMED,1871,08,25,18,00,28.9,-82.2,50,0
AL041871,UNNAMED,1871,08,26,00,00,29.4,-83.1,40,0
AL041871,UNNAMED,1871,08,26,06,00,29.9,-83.8,40,0
AL041871,UNNAMED,1871,08,26,12,00,30.5,-84.3,40,0
AL041871,UNNAMED,1871,08,26,18,00,30.9,-84.5,40,0
AL041871,UNNAMED,1871,08,27,00,00,31.3,-84.5,30,0
AL041871,UNNAMED,1871,08,27,06,00,31.7,-84.4,30,0
AL041871,UNNAMED,1871,08,27,12,00,32,-84,30,0
AL041871,UNNAMED,1871,08,27,18,00,32.1,-83.5,30,0
AL041871,UNNAMED,1871,08,28,00,00,32.2,-83,30,0
AL041871,UNNAMED,1871,08,28,06,00,32.2,-82.5,30,0
AL041871,UNNAMED,1871,08,28,12,00,32.3,-82.1,30,0
AL041871,UNNAMED,1871,08,28,18,00,32.4,-81,30,0
AL041871,UNNAMED,1871,08,29,00,00,32.5,-79.9,40,0
AL041871,UNNAMED,1871,08,29,06,00,32.7,-78.6,40,0
AL041871,UNNAMED,1871,08,29,12,00,33,-77.5,50,0
AL041871,UNNAMED,1871,08,29,18,00,34,-76.1,50,0
AL041871,UNNAMED,1871,08,30,00,00,35.5,-74.3,50,0
AL041871,UNNAMED,1871,08,30,06,00,37.3,-72.4,50,0
AL041871,UNNAMED,1871,08,30,12,00,39.5,-70.5,60,0
AL041871,UNNAMED,1871,08,30,18,00,42,-68.5,60,0
