id,name,year,month,day,hour,minute,lat,lon,max_sustained_wind_kts,sshws
AL041868,UNNAMED,1868,10,15,00,00,26.1,-73.3,70,1
AL041868,UNNAMED,1868,10,15,06,00,26.9,-73.1,70,1
AL041868,UNNAMED,1868,10,15,12,00,27.7,-73,70,1
AL041868,UNNAMED,1868,10,15,18,00,28.5,-72.9,70,1
AL041868,UNNAMED,1868,10,16,00,00,29.5,-72.6,80,1
AL041868,UNNAMED,1868,10,16,06,00,30.4,-72.3,80,1
AL041868,UNNAMED,1868,10,16,12,00,31.4,-72,80,1
AL041868,UNNAMED,1868,10,16,18,00,32.5,-71.3,80,1
AL041868,UNNAMED,1868,10,17,00,00,33.5,-70.6,90,2
AL041868,UNNAMED,1868,10,17,06,00,34.7,-69.8,90,2
AL041868,UNNAMED,1868,10,17,12,00,36,-69,90,2
AL041868,UNNAMED,1868,10,17,18,00,37.5,-68,90,2
