AL041954	DOLLY	1954	08	31	06	00	19.3	-67.7	30	0
AL041954	DOLLY	1954	08	31	12	00	20.9	-68.4	45	0
AL041954	DOLLY	1954	08	31	18	00	22.8	-69	55	0
AL041954	DOLLY	1954	09	01	00	00	24.8	-69.5	65	1
AL041954	DOLLY	1954	09	01	06	00	26.8	-69.9	75	1
AL041954	DOLLY	1954	09	01	12	00	29	-70.2	85	2
AL041954	DOLLY	1954	09	01	18	00	31.7	-70.1	85	2
AL041954	DOLLY	1954	09	02	00	00	34.6	-69.3	75	1
AL041954	DOLLY	1954	09	02	06	00	37.2	-66.9	70	1
AL041954	DOLLY	1954	09	02	12	00	39.7	-64.2	70	1
AL041954	DOLLY	1954	09	02	18	00	42.1	-60.5	70	1
AL041954	DOLLY	1954	09	03	00	00	44.3	-56.4	65	1
AL041954	DOLLY	1954	09	03	06	00	45.8	-51.9	55	0
AL041954	DOLLY	1954	09	03	12	00	46.8	-47.4	50	0
AL041954	DOLLY	1954	09	03	18	00	47.6	-42.9	45	0
AL041954	DOLLY	1954	09	04	00	00	48.3	-38.3	40	0
AL041954	DOLLY	1954	09	04	06	00	49	-33.5	40	0
AL041954	DOLLY	1954	09	04	12	00	49.7	-28.8	35	0
