id,name,year,month,day,hour,minute,lat,lon,max_sustained_wind_kts,sshws
AL041962,DAISY,1962,09,29,06,00,14.5,-48.9,25,0
AL041962,DAISY,1962,09,29,12,00,14.8,-50.5,25,0
AL041962,DAISY,1962,09,29,18,00,15,-52.3,30,0
AL041962,DAISY,1962,09,30,00,00,15.2,-54,30,0
AL041962,DAISY,1962,09,30,06,00,15.5,-55.6,30,0
AL041962,DAISY,1962,09,30,12,00,15.8,-57.2,30,0
AL041962,DAISY,1962,09,30,18,00,16.3,-58.8,30,0
AL041962,DAISY,1962,10,01,00,00,16.9,-59.9,30,0
AL041962,DAISY,1962,10,01,06,00,17.4,-60.7,30,0
AL041962,DAISY,1962,10,01,12,00,17.8,-61.2,30,0
AL041962,DAISY,1962,10,01,18,00,19,-62,30,0
AL041962,DAISY,1962,10,02,00,00,20.3,-62.6,30,0
AL041962,DAISY,1962,10,02,06,00,21.3,-62.8,30,0
AL041962,DAISY,1962,10,02,12,00,21.8,-63.2,40,0
AL041962,DAISY,1962,10,02,18,00,22.5,-63.8,45,0
AL041962,DAISY,1962,10,03,00,00,22.8,-64.4,50,0
AL041962,DAISY,1962,10,03,06,00,23.1,-65.1,55,0
AL041962,DAISY,1962,10,03,12,00,23.3,-65.6,60,0
AL041962,DAISY,1962,10,03,18,00,23.6,-66.3,65,1
AL041962,DAISY,1962,10,04,00,00,23.9,-67,65,1
AL041962,DAISY,1962,10,04,06,00,24.1,-67.3,65,1
AL041962,DAISY,1962,10,04,12,00,24.3,-68.1,65,1
AL041962,DAISY,1962,10,04,18,00,24.8,-68.9,70,1
AL041962,DAISY,1962,10,05,00,00,25.5,-69.4,80,1
AL041962,DAISY,1962,10,05,06,00,26.4,-69.8,85,2
AL041962,DAISY,1962,10,05,12,00,27.2,-69.8,85,2
AL041962,DAISY,1962,10,05,18,00,28,-69.6,95,2
AL041962,DAISY,1962,10,06,00,00,29.2,-69.6,90,2
AL041962,DAISY,1962,10,06,06,00,31,-68.6,80,1
AL041962,DAISY,1962,10,06,12,00,32.8,-68.1,85,2
AL041962,DAISY,1962,10,06,18,00,34.5,-67.5,95,2
AL041962,DAISY,1962,10,07,00,00,37.1,-66.3,95,2
AL041962,DAISY,1962,10,07,06,00,39.1,-65.4,70,1
AL041962,DAISY,1962,10,07,12,00,42.2,-66.6,65,1
AL041962,DAISY,1962,10,07,18,00,42.7,-66.9,65,1
AL041962,DAISY,1962,10,08,00,00,43.5,-66.5,65,1
AL041962,DAISY,1962,10,08,06,00,44.1,-64.8,65,1
AL041962,DAISY,1962,10,08,12,00,44.7,-62.8,55,0
AL041962,DAISY,1962,10,08,18,00,45.1,-60.3,50,0
AL041962,DAISY,1962,10,09,00,00,45.5,-57.7,50,0
AL041962,DAISY,1962,10,09,06,00,46,-54.9,50,0
