AL041893	UNNAMED	1893	08	15	06	00	14	-36.5	35	0
AL041893	UNNAMED	1893	08	15	12	00	14.2	-37.7	40	0
AL041893	UNNAMED	1893	08	15	18	00	14.4	-38.6	45	0
AL041893	UNNAMED	1893	08	16	00	00	14.7	-39.6	45	0
AL041893	UNNAMED	1893	08	16	06	00	14.9	-40.5	50	0
AL041893	UNNAMED	1893	08	16	12	00	15.1	-41.5	55	0
AL041893	UNNAMED	1893	08	16	18	00	15.3	-42.6	60	0
AL041893	UNNAMED	1893	08	17	00	00	15.6	-43.7	65	1
AL041893	UNNAMED	1893	08	17	06	00	15.9	-44.8	65	1
AL041893	UNNAMED	1893	08	17	12	00	16.1	-45.9	70	1
AL041893	UNNAMED	1893	08	17	18	00	16.3	-46.9	75	1
AL041893	UNNAMED	1893	08	18	00	00	16.5	-47.9	80	1
AL041893	UNNAMED	1893	08	18	06	00	16.8	-48.9	85	2
AL041893	UNNAMED	1893	08	18	12	00	17.2	-49.9	85	2
AL041893	UNNAMED	1893	08	18	18	00	17.6	-51.3	85	2
AL041893	UNNAMED	1893	08	19	00	00	18	-52.9	85	2
AL041893	UNNAMED	1893	08	19	06	00	18.5	-54.5	85	2
AL041893	UNNAMED	1893	08	19	12	00	19.1	-55.8	85	2
AL041893	UNNAMED	1893	08	19	18	00	19.7	-57	85	2
AL041893	UNNAMED	1893	08	20	00	00	20.3	-58.1	85	2
AL041893	UNNAMED	1893	08	20	06	00	21	-59.2	85	2
AL041893	UNNAMED	1893	08	20	12	00	21.6	-60.3	85	2
AL041893	UNNAMED	1893	08	20	18	00	22.2	-61.4	85	2
AL041893	UNNAMED	1893	08	21	00	00	22.7	-62.4	85	2
AL041893	UNNAMED	1893	08	21	06	00	23.3	-63.5	85	2
AL041893	UNNAMED	1893	08	21	12	00	23.9	-64.6	85	2
AL041893	UNNAMED	1893	08	21	18	00	24.4	-65.8	85	2
AL041893	UNNAMED	1893	08	22	00	00	25.2	-67.1	85	2
AL041893	UNNAMED	1893	08	22	06	00	26.1	-68.4	90	2
AL041893	UNNAMED	1893	08	22	12	00	27.1	-69.8	95	2
AL041893	UNNAMED	1893	08	22	18	00	28.4	-70.7	100	3
AL041893	UNNAMED	1893	08	23	00	00	29.8	-71.6	100	3
AL041893	UNNAMED	1893	08	23	06	00	31.4	-72.5	100	3
AL041893	UNNAMED	1893	08	23	12	00	33.1	-73.2	100	3
AL041893	UNNAMED	1893	08	23	18	00	35	-73.7	95	2
AL041893	UNNAMED	1893	08	24	00	00	36.8	-74	85	2
AL041893	UNNAMED	1893	08	24	06	00	38.6	-73.9	80	1
AL041893	UNNAMED	1893	08	24	12	00	40.7	-73.9	75	1
AL041893	UNNAMED	1893	08	24	18	00	43	-73	60	0
AL041893	UNNAMED	1893	08	25	00	00	45.4	-71	55	0
AL041893	UNNAMED	1893	08	25	06	00	47.4	-68.5	50	0
AL041893	UNNAMED	1893	08	25	12	00	49.3	-66	40	0
AL041893	UNNAMED	1893	08	25	18	00	50.6	-63.1	45	0
AL041893	UNNAMED	1893	08	26	00	00	51.1	-59.7	40	0
AL041893	UNNAMED	1893	08	26	06	00	51.1	-56.5	40	0
AL041893	UNNAMED	1893	08	26	12	00	50.7	-53.8	40	0
AL041893	UNNAMED	1893	08	26	18	00	50	-51.4	40	0
