AL041970	CELIA	1970	07	31	00	00	18.5	-82.5	25	0
AL041970	CELIA	1970	07	31	06	00	19.5	-82.9	25	0
AL041970	CELIA	1970	07	31	12	00	20.3	-83.2	25	0
AL041970	CELIA	1970	07	31	18	00	21.1	-83.8	30	0
AL041970	CELIA	1970	08	01	00	00	21.9	-84.3	30	0
AL041970	CELIA	1970	08	01	06	00	22.7	-85	30	0
AL041970	CELIA	1970	08	01	12	00	23.3	-85.8	45	0
AL041970	CELIA	1970	08	01	18	00	23.9	-86.5	60	0
AL041970	CELIA	1970	08	02	00	00	24.3	-87.2	100	3
AL041970	CELIA	1970	08	02	06	00	24.9	-88.3	90	2
AL041970	CELIA	1970	08	02	12	00	25.3	-89.6	85	2
AL041970	CELIA	1970	08	02	18	00	25.8	-90.8	85	2
AL041970	CELIA	1970	08	03	00	00	26.2	-92	80	1
AL041970	CELIA	1970	08	03	06	00	26.6	-93.5	75	1
AL041970	CELIA	1970	08	03	12	00	27	-94.9	90	2
AL041970	CELIA	1970	08	03	18	00	27.5	-96.3	110	3
AL041970	CELIA	1970	08	04	00	00	28.1	-97.8	70	1
AL041970	CELIA	1970	08	04	06	00	28.6	-99.3	55	0
AL041970	CELIA	1970	08	04	12	00	29.1	-100.8	50	0
AL041970	CELIA	1970	08	04	18	00	29.7	-102.1	35	0
AL041970	CELIA	1970	08	05	00	00	30.3	-103.3	30	0
AL041970	CELIA	1970	08	05	06	00	30.9	-104.8	30	0
AL041970	CELIA	1970	08	05	12	00	31.5	-105.8	25	0
AL041970	CELIA	1970	08	05	18	00	32.3	-107	25	0
