AL041937	UNNAMED	1937	09	09	00	00	17.9	-54.5	45	0
AL041937	UNNAMED	1937	09	09	06	00	18.3	-55	50	0
AL041937	UNNAMED	1937	09	09	12	00	18.7	-55.4	55	0
AL041937	UNNAMED	1937	09	09	18	00	19.3	-55.7	60	0
AL041937	UNNAMED	1937	09	10	00	00	19.9	-56	65	1
AL041937	UNNAMED	1937	09	10	06	00	20.5	-56.3	70	1
AL041937	UNNAMED	1937	09	10	12	00	21	-56.7	70	1
AL041937	UNNAMED	1937	09	10	18	00	21.6	-57.1	75	1
AL041937	UNNAMED	1937	09	11	00	00	22.3	-57.5	80	1
AL041937	UNNAMED	1937	09	11	06	00	23.1	-58	80	1
AL041937	UNNAMED	1937	09	11	12	00	24	-58.5	80	1
AL041937	UNNAMED	1937	09	11	18	00	25.1	-59.1	80	1
AL041937	UNNAMED	1937	09	12	00	00	26.2	-59.6	80	1
AL041937	UNNAMED	1937	09	12	06	00	27.4	-60	85	2
AL041937	UNNAMED	1937	09	12	12	00	28.7	-60.4	85	2
AL041937	UNNAMED	1937	09	12	18	00	30.1	-61	80	1
AL041937	UNNAMED	1937	09	13	00	00	31.6	-61.9	75	1
AL041937	UNNAMED	1937	09	13	06	00	33.2	-62.9	70	1
AL041937	UNNAMED	1937	09	13	12	00	35	-63.8	65	1
AL041937	UNNAMED	1937	09	13	18	00	37.4	-64.6	60	0
AL041937	UNNAMED	1937	09	14	00	00	40.1	-65.2	60	0
AL041937	UNNAMED	1937	09	14	06	00	42.8	-65.4	55	0
AL041937	UNNAMED	1937	09	14	12	00	45.5	-65.6	45	0
AL041937	UNNAMED	1937	09	14	18	00	48.1	-65.4	35	0
