id,name,year,month,day,hour,minute,lat,lon,max_sustained_wind_kts,sshws
AL042007,DEAN,2007,08,13,06,00,12.2,-28.9,30,0
AL042007,DEAN,2007,08,13,12,00,12.1,-30.7,30,0
AL042007,DEAN,2007,08,13,18,00,12,-32.4,30,0
AL042007,DEAN,2007,08,14,00,00,11.9,-34.5,30,0
AL042007,DEAN,2007,08,14,06,00,11.8,-36.5,30,0
AL042007,DEAN,2007,08,14,12,00,11.8,-38.3,35,0
AL042007,DEAN,2007,08,14,18,00,11.8,-40.1,40,0
AL042007,DEAN,2007,08,15,00,00,11.9,-41.7,50,0
AL042007,DEAN,2007,08,15,06,00,12,-43.4,50,0
AL042007,DEAN,2007,08,15,12,00,12.3,-45.1,50,0
AL042007,DEAN,2007,08,15,18,00,12.8,-47,55,0
AL042007,DEAN,2007,08,16,00,00,13,-49.2,60,0
AL042007,DEAN,2007,08,16,06,00,13.2,-51.3,70,1
AL042007,DEAN,2007,08,16,12,00,13.5,-53.3,80,1
AL042007,DEAN,2007,08,16,18,00,13.8,-55.5,80,1
AL042007,DEAN,2007,08,17,00,00,14,-57.7,80,1
AL042007,DEAN,2007,08,17,06,00,14.2,-59.8,80,1
AL042007,DEAN,2007,08,17,12,00,14.4,-61.7,90,2
AL042007,DEAN,2007,08,17,18,00,14.8,-63.5,110,3
AL042007,DEAN,2007,08,18,00,00,14.9,-65.1,125,4
AL042007,DEAN,2007,08,18,06,00,15,-66.6,145,5
AL042007,DEAN,2007,08,18,12,00,15.4,-68,145,5
AL042007,DEAN,2007,08,18,18,00,15.9,-69.5,130,4
AL042007,DEAN,2007,08,19,00,00,16.1,-71,120,4
AL042007,DEAN,2007,08,19,06,00,16.4,-72.6,120,4
AL042007,DEAN,2007,08,19,12,00,16.8,-74.3,125,4
AL042007,DEAN,2007,08,19,18,00,17.1,-76,125,4
AL042007,DEAN,2007,08,20,00,00,17.5,-77.8,125,4
AL042007,DEAN,2007,08,20,06,00,17.6,-79.8,130,4
AL042007,DEAN,2007,08,20,12,00,17.8,-81.5,130,4
AL042007,DEAN,2007,08,20,18,00,18,-83.3,135,4
AL042007,DEAN,2007,08,21,00,00,18.2,-85.1,145,5
AL042007,DEAN,2007,08,21,06,00,18.6,-86.9,150,5
AL042007,DEAN,2007,08,21,08,30,18.7,-87.7,150,5
AL042007,DEAN,2007,08,21,12,00,18.9,-88.7,110,3
AL042007,DEAN,2007,08,21,18,00,19.2,-90.5,75,1
AL042007,DEAN,2007,08,22,00,00,19.7,-92.2,65,1
AL042007,DEAN,2007,08,22,06,00,20.1,-94,70,1
AL042007,DEAN,2007,08,22,12,00,20.5,-95.5,80,1
AL042007,DEAN,2007,08,22,16,30,20.5,-97,85,2
AL042007,DEAN,2007,08,22,18,00,20.5,-97.3,75,1
AL042007,DEAN,2007,08,23,00,00,20.5,-99,30,0
