id,name,year,month,day,hour,minute,lat,lon,max_sustained_wind_kts,sshws
AL041952,CHARLIE,1952,09,22,06,00,14.4,-62.2,25,0
AL041952,CHARLIE,1952,09,22,12,00,15.1,-64.9,25,0
AL041952,CHARLIE,1952,09,22,18,00,15.4,-65.9,30,0
AL041952,CHARLIE,1952,09,23,00,00,16,-66.8,30,0
AL041952,CHARLIE,1952,09,23,06,00,16.8,-67.6,35,0
AL041952,CHARLIE,1952,09,23,12,00,17.7,-68.4,35,0
AL041952,CHARLIE,1952,09,23,18,00,18.5,-69.1,35,0
AL041952,CHARLIE,1952,09,24,00,00,19.3,-69.8,35,0
AL041952,CHARLIE,1952,09,24,06,00,20.2,-70.6,40,0
AL041952,CHARLIE,1952,09,24,12,00,21.2,-71.4,45,0
AL041952,CHARLIE,1952,09,24,18,00,22.2,-72.2,55,0
AL041952,CHARLIE,1952,09,25,00,00,23.3,-73,60,0
AL041952,CHARLIE,1952,09,25,06,00,24.5,-73.8,70,1
AL041952,CHARLIE,1952,09,25,12,00,25.6,-74.7,85,2
AL041952,CHARLIE,1952,09,25,18,00,26.5,-75.1,90,2
AL041952,CHARLIE,1952,09,26,00,00,27.3,-75,100,3
AL041952,CHARLIE,1952,09,26,06,00,28.2,-74.8,105,3
AL041952,CHARLIE,1952,09,26,12,00,29.1,-74.1,105,3
AL041952,CHARLIE,1952,09,26,18,00,30.3,-72.4,105,3
AL041952,CHARLIE,1952,09,27,00,00,31.7,-70.6,105,3
AL041952,CHARLIE,1952,09,27,06,00,32.6,-69.5,100,3
AL041952,CHARLIE,1952,09,27,12,00,33.6,-68.1,100,3
AL041952,CHARLIE,1952,09,27,18,00,35.2,-65.7,95,2
AL041952,CHARLIE,1952,09,28,00,00,36.9,-63.2,95,2
AL041952,CHARLIE,1952,09,28,06,00,38.4,-60.8,90,2
AL041952,CHARLIE,1952,09,28,12,00,39.5,-58.6,85,2
AL041952,CHARLIE,1952,09,28,18,00,40,-56.9,85,2
AL041952,CHARLIE,1952,09,29,00,00,40.3,-55.5,80,1
AL041952,CHARLIE,1952,09,29,06,00,40.7,-54.1,75,1
AL041952,CHARLIE,1952,09,29,12,00,40.8,-52.7,70,1
AL041952,CHARLIE,1952,09,29,18,00,40.5,-51,65,1
AL041952,CHARLIE,1952,09,30,00,00,40.2,-49.4,60,0
AL041952,CHARLIE,1952,09,30,06,00,39.8,-48.2,55,0
AL041952,CHARLIE,1952,09,30,12,00,39.5,-47,50,0
AL041952,CHARLIE,1952,09,30,18,00,39.2,-45.5,50,0
AL041952,CHARLIE,1952,10,01,00,00,39.7,-44,45,0
AL041952,CHARLIE,1952,10,01,06,00,40.6,-42.5,45,0
AL041952,CHARLIE,1952,10,01,12,00,42.2,-41.1,40,0
