AL041996	DOLLY	1996	08	19	06	00	17.3	-80.2	25	0
AL041996	DOLLY	1996	08	19	12	00	17.8	-81.7	30	0
AL041996	DOLLY	1996	08	19	18	00	18.2	-83	45	0
AL041996	DOLLY	1996	08	20	00	00	18.6	-84.4	45	0
AL041996	DOLLY	1996	08	20	06	00	18.8	-85.7	55	0
AL041996	DOLLY	1996	08	20	12	00	19	-86.9	60	0
AL041996	DOLLY	1996	08	20	17	30	19.1	-87.7	65	1
AL041996	DOLLY	1996	08	20	18	00	19.2	-87.8	65	1
AL041996	DOLLY	1996	08	21	00	00	19.2	-88.7	40	0
AL041996	DOLLY	1996	08	21	06	00	19.3	-89.5	35	0
AL041996	DOLLY	1996	08	21	12	00	19.4	-90.1	30	0
AL041996	DOLLY	1996	08	21	18	00	19.5	-90.7	30	0
AL041996	DOLLY	1996	08	22	00	00	19.7	-91.4	35	0
AL041996	DOLLY	1996	08	22	06	00	20.1	-92.6	45	0
AL041996	DOLLY	1996	08	22	12	00	20.4	-93.7	45	0
AL041996	DOLLY	1996	08	22	18	00	20.6	-94.2	50	0
AL041996	DOLLY	1996	08	23	00	00	20.9	-94.9	55	0
AL041996	DOLLY	1996	08	23	06	00	21.3	-96.1	60	0
AL041996	DOLLY	1996	08	23	12	00	21.6	-97.7	70	1
AL041996	DOLLY	1996	08	23	18	00	21.6	-99.3	45	0
AL041996	DOLLY	1996	08	24	00	00	21.6	-100.9	30	0
AL041996	DOLLY	1996	08	24	06	00	21.6	-102.5	25	0
AL041996	DOLLY	1996	08	24	12	00	21.7	-104	20	0
AL041996	DOLLY	1996	08	24	18	00	21.7	-105.7	20	0
AL041996	DOLLY	1996	08	25	00	00	21.8	-107.3	20	0
