id,name,year,month,day,hour,minute,lat,lon,max_sustained_wind_kts,sshws
AL041921,UNNAMED,1921,09,08,00,00,23,-63.4,35,0
AL041921,UNNAMED,1921,09,08,06,00,23.3,-63.9,35,0
AL041921,UNNAMED,1921,09,08,12,00,23.5,-64.3,35,0
AL041921,UNNAMED,1921,09,08,18,00,23.6,-64.6,35,0
AL041921,UNNAMED,1921,09,09,00,00,23.8,-64.9,35,0
AL041921,UNNAMED,1921,09,09,06,00,24,-65.2,35,0
AL041921,UNNAMED,1921,09,09,12,00,24.2,-65.5,35,0
AL041921,UNNAMED,1921,09,09,18,00,24.4,-65.8,35,0
AL041921,UNNAMED,1921,09,10,00,00,24.6,-66.1,35,0
AL041921,UNNAMED,1921,09,10,06,00,24.8,-66.3,35,0
AL041921,UNNAMED,1921,09,10,12,00,25,-66.5,35,0
AL041921,UNNAMED,1921,09,10,18,00,25.4,-66.5,35,0
AL041921,UNNAMED,1921,09,11,00,00,25.9,-66.3,35,0
AL041921,UNNAMED,1921,09,11,06,00,26.6,-66,45,0
AL041921,UNNAMED,1921,09,11,12,00,27.5,-65.5,55,0
AL041921,UNNAMED,1921,09,11,18,00,28.5,-65,65,1
AL041921,UNNAMED,1921,09,12,00,00,29.5,-64.4,75,1
AL041921,UNNAMED,1921,09,12,06,00,30.5,-63.8,80,1
AL041921,UNNAMED,1921,09,12,12,00,31.5,-63,80,1
AL041921,UNNAMED,1921,09,12,18,00,32.6,-62.1,80,1
AL041921,UNNAMED,1921,09,13,00,00,33.7,-61.1,80,1
AL041921,UNNAMED,1921,09,13,06,00,34.8,-60.1,80,1
AL041921,UNNAMED,1921,09,13,12,00,36,-59,80,1
AL041921,UNNAMED,1921,09,13,18,00,37.3,-57.5,80,1
AL041921,UNNAMED,1921,09,14,00,00,38.7,-55.5,80,1
AL041921,UNNAMED,1921,09,14,06,00,40.1,-53,80,1
AL041921,UNNAMED,1921,09,14,12,00,41.5,-49.5,75,1
AL041921,UNNAMED,1921,09,14,18,00,43,-45.5,70,1
