id,name,year,month,day,hour,minute,lat,lon,max_sustained_wind_kts,sshws
AL041939,UNNAMED,1939,09,23,00,00,19.3,-94.2,35,0
AL041939,UNNAMED,1939,09,23,06,00,19.5,-94.1,35,0
AL041939,UNNAMED,1939,09,23,12,00,19.7,-94,35,0
AL041939,UNNAMED,1939,09,23,18,00,20,-93.7,35,0
AL041939,UNNAMED,1939,09,24,00,00,20.3,-93.3,35,0
AL041939,UNNAMED,1939,09,24,06,00,20.7,-92.8,35,0
AL041939,UNNAMED,1939,09,24,12,00,21.2,-92.3,35,0
AL041939,UNNAMED,1939,09,24,18,00,22.1,-92,35,0
AL041939,UNNAMED,1939,09,25,00,00,23.2,-91.8,35,0
AL041939,UNNAMED,1939,09,25,06,00,24.4,-91.7,40,0
AL041939,UNNAMED,1939,09,25,12,00,25.5,-91.5,40,0
AL041939,UNNAMED,1939,09,25,18,00,26.6,-91.2,40,0
AL041939,UNNAMED,1939,09,26,00,00,27.7,-90.8,45,0
AL041939,UNNAMED,1939,09,26,06,00,28.8,-90.3,45,0
AL041939,UNNAMED,1939,09,26,08,00,29.1,-90.2,45,0
AL041939,UNNAMED,1939,09,26,12,00,29.8,-89.7,45,0
AL041939,UNNAMED,1939,09,26,18,00,30.8,-89,40,0
AL041939,UNNAMED,1939,09,27,00,00,31.8,-88,30,0
AL041939,UNNAMED,1939,09,27,06,00,32.8,-86.7,25,0
