id,name,year,month,day,hour,minute,lat,lon,max_sustained_wind_kts,sshws
AL041994,CHRIS,1994,08,16,12,00,11.3,-39.4,30,0
AL041994,CHRIS,1994,08,16,18,00,11.5,-40.3,30,0
AL041994,CHRIS,1994,08,17,00,00,11.7,-41.2,35,0
AL041994,CHRIS,1994,08,17,06,00,12.1,-42.2,40,0
AL041994,CHRIS,1994,08,17,12,00,12.6,-43.3,50,0
AL041994,CHRIS,1994,08,17,18,00,13.3,-44.5,60,0
AL041994,CHRIS,1994,08,18,00,00,13.9,-45.6,60,0
AL041994,CHRIS,1994,08,18,06,00,14.5,-46.8,65,1
AL041994,CHRIS,1994,08,18,12,00,15.2,-48,65,1
AL041994,CHRIS,1994,08,18,18,00,16,-49.3,65,1
AL041994,CHRIS,1994,08,19,00,00,17,-50.6,70,1
AL041994,CHRIS,1994,08,19,06,00,18,-51.9,70,1
AL041994,CHRIS,1994,08,19,12,00,19,-53.2,70,1
AL041994,CHRIS,1994,08,19,18,00,20.1,-54.4,70,1
AL041994,CHRIS,1994,08,20,00,00,21.3,-55.6,65,1
AL041994,CHRIS,1994,08,20,06,00,22.6,-56.8,60,0
AL041994,CHRIS,1994,08,20,12,00,23.8,-58.2,50,0
AL041994,CHRIS,1994,08,20,18,00,24.9,-59.7,45,0
AL041994,CHRIS,1994,08,21,00,00,26.1,-61,40,0
AL041994,CHRIS,1994,08,21,06,00,27.3,-62.3,35,0
AL041994,CHRIS,1994,08,21,12,00,28.7,-63.1,35,0
AL041994,CHRIS,1994,08,21,18,00,30.4,-63.1,35,0
AL041994,CHRIS,1994,08,22,00,00,32.2,-62.8,35,0
AL041994,CHRIS,1994,08,22,06,00,33.8,-62.8,35,0
AL041994,CHRIS,1994,08,22,12,00,35,-63,35,0
AL041994,CHRIS,1994,08,22,18,00,36.2,-62.3,40,0
AL041994,CHRIS,1994,08,23,00,00,37.9,-60.7,40,0
AL041994,CHRIS,1994,08,23,06,00,39.9,-58.4,40,0
AL041994,CHRIS,1994,08,23,12,00,42.2,-55.5,45,0
AL041994,CHRIS,1994,08,23,18,00,44.7,-52,45,0
