AL041853	UNNAMED	1853	09	08	00	00	37	-53	100	3
AL041853	UNNAMED	1853	09	08	06	00	38	-51	100	3
AL041853	UNNAMED	1853	09	08	12	00	39	-49	100	3
AL041853	UNNAMED	1853	09	08	18	00	40	-46.8	100	3
AL041853	UNNAMED	1853	09	09	00	00	41.3	-44	100	3
AL041853	UNNAMED	1853	09	09	06	00	42.5	-41.5	100	3
AL041853	UNNAMED	1853	09	09	12	00	43.4	-39.3	100	3
AL041853	UNNAMED	1853	09	09	18	00	44.5	-37.2	100	3
AL041853	UNNAMED	1853	09	10	00	00	45.5	-34.7	100	3
AL041853	UNNAMED	1853	09	10	06	00	46.3	-32.3	100	3
AL041853	UNNAMED	1853	09	10	12	00	47	-30	90	2
AL041853	UNNAMED	1853	09	10	18	00	48	-27.5	90	2
