AL041864	UNNAMED	1864	09	05	00	00	33	-72.5	50	0
AL041864	UNNAMED	1864	09	05	06	00	33	-72.5	50	0
AL041864	UNNAMED	1864	09	05	12	00	33	-72.5	50	0
AL041864	UNNAMED	1864	09	05	18	00	33	-72.5	50	0
AL041864	UNNAMED	1864	09	06	00	00	33	-72.5	50	0
AL041864	UNNAMED	1864	09	06	06	00	33	-72.5	50	0
AL041864	UNNAMED	1864	09	06	12	00	33	-72.5	50	0
AL041864	UNNAMED	1864	09	06	18	00	33	-72.5	50	0
AL041864	UNNAMED	1864	09	07	00	00	33	-72.5	50	0
AL041864	UNNAMED	1864	09	07	06	00	33	-72.5	50	0
AL041864	UNNAMED	1864	09	07	12	00	33	-72.5	50	0
AL041864	UNNAMED	1864	09	07	18	00	33	-72.5	50	0
AL041864	UNNAMED	1864	09	08	00	00	33	-72.5	50	0
AL041864	UNNAMED	1864	09	08	06	00	33	-72.5	50	0
AL041864	UNNAMED	1864	09	08	12	00	33	-72.5	50	0
AL041864	UNNAMED	1864	09	08	18	00	33	-72.5	50	0
