AL041988	DEBBY	1988	08	31	18	00	20.1	-91	25	0
AL041988	DEBBY	1988	09	01	00	00	20.2	-91.7	25	0
AL041988	DEBBY	1988	09	01	06	00	20.3	-92.4	25	0
AL041988	DEBBY	1988	09	01	12	00	20.4	-93.1	25	0
AL041988	DEBBY	1988	09	01	18	00	20.5	-93.8	30	0
AL041988	DEBBY	1988	09	02	00	00	20.6	-94.5	30	0
AL041988	DEBBY	1988	09	02	06	00	20.7	-95.2	40	0
AL041988	DEBBY	1988	09	02	12	00	20.8	-95.9	50	0
AL041988	DEBBY	1988	09	02	18	00	20.8	-96.6	65	1
AL041988	DEBBY	1988	09	03	00	00	20.7	-97.3	65	1
AL041988	DEBBY	1988	09	03	06	00	20.5	-98.1	50	0
AL041988	DEBBY	1988	09	03	12	00	20.3	-98.9	35	0
AL041988	DEBBY	1988	09	03	18	00	20	-99.8	30	0
AL041988	DEBBY	1988	09	04	00	00	19.8	-100.7	30	0
AL041988	DEBBY	1988	09	04	06	00	19.6	-101.6	30	0
AL041988	DEBBY	1988	09	04	12	00	19.5	-102.5	30	0
AL041988	DEBBY	1988	09	04	18	00	19.4	-103.4	30	0
AL041988	DEBBY	1988	09	05	00	00	19.5	-104.3	30	0
AL041988	DEBBY	1988	09	05	06	00	19.6	-105.1	30	0
AL041988	DEBBY	1988	09	05	12	00	19.9	-105.9	30	0
AL041988	DEBBY	1988	09	05	18	00	20.5	-106.4	30	0
AL041988	DEBBY	1988	09	06	00	00	21	-106.8	30	0
AL041988	DEBBY	1988	09	06	06	00	21.5	-107.1	30	0
AL041988	DEBBY	1988	09	06	12	00	22	-107.4	25	0
AL041988	DEBBY	1988	09	06	18	00	22.5	-107.7	25	0
AL041988	DEBBY	1988	09	07	00	00	23	-108	25	0
AL041988	DEBBY	1988	09	07	06	00	23.5	-108.3	25	0
AL041988	DEBBY	1988	09	07	12	00	23.9	-108.5	25	0
AL041988	DEBBY	1988	09	07	18	00	24.2	-108.7	25	0
AL041988	DEBBY	1988	09	08	00	00	24.4	-108.9	25	0
AL041988	DEBBY	1988	09	08	06	00	24.3	-109.1	20	0
AL041988	DEBBY	1988	09	08	12	00	24.2	-109.3	20	0
AL041988	DEBBY	1988	09	08	18	00	24	-109	20	0
