AL041881	UNNAMED	1881	08	16	00	00	20.2	-87	40	0
AL041881	UNNAMED	1881	08	16	06	00	21.1	-86.3	40	0
AL041881	UNNAMED	1881	08	16	12	00	22	-85.5	40	0
AL041881	UNNAMED	1881	08	16	18	00	22.9	-84.5	40	0
AL041881	UNNAMED	1881	08	17	00	00	23.5	-83.1	40	0
AL041881	UNNAMED	1881	08	17	06	00	24	-81.8	40	0
AL041881	UNNAMED	1881	08	17	12	00	24.5	-80.5	40	0
AL041881	UNNAMED	1881	08	17	18	00	25.7	-78.6	40	0
AL041881	UNNAMED	1881	08	18	00	00	27	-76.6	50	0
AL041881	UNNAMED	1881	08	18	06	00	28.3	-75.1	50	0
AL041881	UNNAMED	1881	08	18	12	00	29.5	-74	50	0
AL041881	UNNAMED	1881	08	18	18	00	30.6	-72.9	50	0
AL041881	UNNAMED	1881	08	19	00	00	31.8	-71.8	60	0
AL041881	UNNAMED	1881	08	19	06	00	33.2	-70.6	60	0
AL041881	UNNAMED	1881	08	19	12	00	34.5	-69.5	70	1
AL041881	UNNAMED	1881	08	19	18	00	35.8	-68.1	70	1
AL041881	UNNAMED	1881	08	20	00	00	37	-66.5	70	1
AL041881	UNNAMED	1881	08	20	06	00	38.3	-64.8	70	1
AL041881	UNNAMED	1881	08	20	12	00	39.3	-63.3	70	1
AL041881	UNNAMED	1881	08	20	18	00	40	-61.3	70	1
AL041881	UNNAMED	1881	08	21	00	00	41	-59	60	0
AL041881	UNNAMED	1881	08	21	06	00	41.8	-56.7	60	0
AL041881	UNNAMED	1881	08	21	12	00	42.5	-54.5	60	0
AL041881	UNNAMED	1881	08	21	18	00	43	-51.5	60	0
