id,name,year,month,day,hour,minute,lat,lon,max_sustained_wind_kts,sshws
AL041908,UNNAMED,1908,07,29,00,00,29.6,-94,30,0
AL041908,UNNAMED,1908,07,29,06,00,29.3,-93.5,30,0
AL041908,UNNAMED,1908,07,29,12,00,29,-93,35,0
AL041908,UNNAMED,1908,07,29,18,00,28.7,-92.5,40,0
AL041908,UNNAMED,1908,07,30,00,00,28.4,-92,45,0
AL041908,UNNAMED,1908,07,30,06,00,28.1,-91.7,50,0
AL041908,UNNAMED,1908,07,30,12,00,28,-91.5,50,0
AL041908,UNNAMED,1908,07,30,18,00,28.1,-91.4,50,0
AL041908,UNNAMED,1908,07,31,00,00,28.3,-91.3,50,0
AL041908,UNNAMED,1908,07,31,06,00,28.6,-91.4,50,0
AL041908,UNNAMED,1908,07,31,12,00,29,-91.5,50,0
AL041908,UNNAMED,1908,07,31,18,00,29.3,-91.7,50,0
AL041908,UNNAMED,1908,07,31,22,00,29.5,-91.9,50,0
AL041908,UNNAMED,1908,08,01,00,00,29.7,-92.1,40,0
AL041908,UNNAMED,1908,08,01,06,00,30.1,-92.7,35,0
AL041908,UNNAMED,1908,08,01,12,00,30.5,-93,35,0
AL041908,UNNAMED,1908,08,01,18,00,30.9,-93.1,35,0
AL041908,UNNAMED,1908,08,02,00,00,31.2,-92.9,30,0
AL041908,UNNAMED,1908,08,02,06,00,31.6,-92.5,30,0
AL041908,UNNAMED,1908,08,02,12,00,32,-92,30,0
AL041908,UNNAMED,1908,08,02,18,00,32.4,-91.5,30,0
AL041908,UNNAMED,1908,08,03,00,00,32.8,-91.1,25,0
AL041908,UNNAMED,1908,08,03,06,00,33.1,-90.8,25,0
AL041908,UNNAMED,1908,08,03,12,00,33.5,-90.5,25,0
AL041908,UNNAMED,1908,08,03,18,00,34,-90.2,25,0
