AL041975	BLANCHE	1975	07	24	00	00	26	-68.4	20	0
AL041975	BLANCHE	1975	07	24	06	00	26	-69.5	20	0
AL041975	BLANCHE	1975	07	24	12	00	26.1	-70.5	25	0
AL041975	BLANCHE	1975	07	24	18	00	26.5	-71.5	30	0
AL041975	BLANCHE	1975	07	25	00	00	27.2	-72.5	30	0
AL041975	BLANCHE	1975	07	25	06	00	28	-73.6	30	0
AL041975	BLANCHE	1975	07	25	12	00	28.9	-74.3	30	0
AL041975	BLANCHE	1975	07	25	18	00	29.9	-74.9	30	0
AL041975	BLANCHE	1975	07	26	00	00	31	-75	30	0
AL041975	BLANCHE	1975	07	26	06	00	32.2	-74.6	35	0
AL041975	BLANCHE	1975	07	26	12	00	33.4	-73.5	35	0
AL041975	BLANCHE	1975	07	26	18	00	34.2	-72.2	50	0
AL041975	BLANCHE	1975	07	27	00	00	35	-71	60	0
AL041975	BLANCHE	1975	07	27	06	00	35.9	-70	65	1
AL041975	BLANCHE	1975	07	27	12	00	36.9	-69	70	1
AL041975	BLANCHE	1975	07	27	18	00	37.9	-68	75	1
AL041975	BLANCHE	1975	07	28	00	00	39.3	-67.2	75	1
AL041975	BLANCHE	1975	07	28	06	00	41.2	-66.4	70	1
AL041975	BLANCHE	1975	07	28	12	00	44	-65.2	60	0
AL041975	BLANCHE	1975	07	28	18	00	47.2	-62.4	60	0
