AL041955	EDITH	1955	08	21	12	00	12.4	-41	25	0
AL041955	EDITH	1955	08	21	18	00	12.8	-42.3	25	0
AL041955	EDITH	1955	08	22	00	00	13.2	-43.5	25	0
AL041955	EDITH	1955	08	22	06	00	13.6	-44.7	25	0
AL041955	EDITH	1955	08	22	12	00	13.9	-45.9	25	0
AL041955	EDITH	1955	08	22	18	00	14.2	-47	25	0
AL041955	EDITH	1955	08	23	00	00	14.5	-48	25	0
AL041955	EDITH	1955	08	23	06	00	15	-49.5	30	0
AL041955	EDITH	1955	08	23	12	00	15.3	-51	45	0
AL041955	EDITH	1955	08	23	18	00	15.7	-52.3	45	0
AL041955	EDITH	1955	08	24	00	00	16.3	-53.3	60	0
AL041955	EDITH	1955	08	24	06	00	17.2	-54	60	0
AL041955	EDITH	1955	08	24	12	00	18.3	-54.6	60	0
AL041955	EDITH	1955	08	24	18	00	19.9	-55.2	60	0
AL041955	EDITH	1955	08	25	00	00	21.3	-56.3	70	1
AL041955	EDITH	1955	08	25	06	00	22.1	-57.4	70	1
AL041955	EDITH	1955	08	25	12	00	22.8	-58.6	70	1
AL041955	EDITH	1955	08	25	18	00	23.4	-59.6	75	1
AL041955	EDITH	1955	08	26	00	00	24	-60.6	75	1
AL041955	EDITH	1955	08	26	06	00	24.6	-61.5	75	1
AL041955	EDITH	1955	08	26	12	00	25.2	-62.3	75	1
AL041955	EDITH	1955	08	26	18	00	25.7	-62.8	75	1
AL041955	EDITH	1955	08	27	00	00	26	-63.1	80	1
AL041955	EDITH	1955	08	27	06	00	26.3	-63.4	80	1
AL041955	EDITH	1955	08	27	12	00	26.6	-63.7	80	1
AL041955	EDITH	1955	08	27	18	00	26.9	-63.9	80	1
AL041955	EDITH	1955	08	28	00	00	27.3	-64	80	1
AL041955	EDITH	1955	08	28	06	00	27.7	-64.1	85	2
AL041955	EDITH	1955	08	28	12	00	28.1	-64.1	85	2
AL041955	EDITH	1955	08	28	18	00	28.5	-64	85	2
AL041955	EDITH	1955	08	29	00	00	29	-63.9	85	2
AL041955	EDITH	1955	08	29	06	00	29.6	-63.6	85	2
AL041955	EDITH	1955	08	29	12	00	30.5	-63.1	85	2
AL041955	EDITH	1955	08	29	18	00	31.6	-62.2	85	2
AL041955	EDITH	1955	08	30	00	00	32.9	-61.1	85	2
AL041955	EDITH	1955	08	30	06	00	34.9	-59.4	85	2
AL041955	EDITH	1955	08	30	12	00	36.9	-57.8	80	1
AL041955	EDITH	1955	08	30	18	00	38	-56.5	75	1
AL041955	EDITH	1955	08	31	00	00	39	-55.3	70	1
AL041955	EDITH	1955	08	31	06	00	39.9	-53.9	65	1
AL041955	EDITH	1955	08	31	12	00	40.6	-52.6	65	1
AL041955	EDITH	1955	08	31	18	00	41	-51.1	60	0
AL041955	EDITH	1955	09	01	00	00	40.5	-49.7	55	0
AL041955	EDITH	1955	09	01	06	00	40.1	-49	50	0
AL041955	EDITH	1955	09	01	12	00	39.5	-49.1	45	0
AL041955	EDITH	1955	09	01	18	00	38.6	-49.7	35	0
AL041955	EDITH	1955	09	02	00	00	37.8	-50.8	35	0
AL041955	EDITH	1955	09	02	06	00	37.1	-52.5	35	0
AL041955	EDITH	1955	09	02	12	00	37	-54	35	0
AL041955	EDITH	1955	09	02	18	00	37	-54.6	35	0
AL041955	EDITH	1955	09	03	00	00	37	-55.1	35	0
AL041955	EDITH	1955	09	03	06	00	37	-55.5	35	0
AL041955	EDITH	1955	09	03	12	00	37	-56	35	0
AL041955	EDITH	1955	09	03	18	00	37.2	-56.3	35	0
