id,name,year,month,day,hour,minute,lat,lon,max_sustained_wind_kts,sshws
AL041957,CARRIE,1957,09,02,06,00,13,-21.7,25,0
AL041957,CARRIE,1957,09,02,12,00,13,-22.2,25,0
AL041957,CARRIE,1957,09,02,18,00,13,-23.1,25,0
AL041957,CARRIE,1957,09,03,00,00,13.1,-24,25,0
AL041957,CARRIE,1957,09,03,06,00,13.4,-25,30,0
AL041957,CARRIE,1957,09,03,12,00,13.7,-25.9,35,0
AL041957,CARRIE,1957,09,03,18,00,13.9,-26.8,35,0
AL041957,CARRIE,1957,09,04,00,00,14.1,-27.7,40,0
AL041957,CARRIE,1957,09,04,06,00,14.3,-28.6,45,0
AL041957,CARRIE,1957,09,04,12,00,14.5,-29.6,50,0
AL041957,CARRIE,1957,09,04,18,00,14.5,-30.6,55,0
AL041957,CARRIE,1957,09,05,00,00,14.4,-31.5,60,0
AL041957,CARRIE,1957,09,05,06,00,14.5,-32.6,65,1
AL041957,CARRIE,1957,09,05,12,00,14.7,-33.7,70,1
AL041957,CARRIE,1957,09,05,18,00,14.9,-34.6,75,1
AL041957,CARRIE,1957,09,06,00,00,15.2,-35.4,80,1
AL041957,CARRIE,1957,09,06,06,00,15.4,-36.5,80,1
AL041957,CARRIE,1957,09,06,12,00,15.7,-37.5,85,2
AL041957,CARRIE,1957,09,06,18,00,15.9,-38.3,95,2
AL041957,CARRIE,1957,09,07,00,00,16.2,-39.1,100,3
AL041957,CARRIE,1957,09,07,06,00,16.4,-40,105,3
AL041957,CARRIE,1957,09,07,12,00,16.7,-41,110,3
AL041957,CARRIE,1957,09,07,18,00,17,-42,115,4
AL041957,CARRIE,1957,09,08,00,00,17.4,-42.9,120,4
AL041957,CARRIE,1957,09,08,06,00,17.7,-43.9,125,4
AL041957,CARRIE,1957,09,08,12,00,18,-45,130,4
AL041957,CARRIE,1957,09,08,18,00,18,-45.7,135,4
AL041957,CARRIE,1957,09,09,00,00,18,-46.5,135,4
AL041957,CARRIE,1957,09,09,06,00,18.1,-47.3,135,4
AL041957,CARRIE,1957,09,09,12,00,18.3,-48.2,135,4
AL041957,CARRIE,1957,09,09,18,00,18.6,-49,130,4
AL041957,CARRIE,1957,09,10,00,00,19,-49.7,125,4
AL041957,CARRIE,1957,09,10,06,00,19.2,-50.5,115,4
AL041957,CARRIE,1957,09,10,12,00,19.5,-51.3,95,2
AL041957,CARRIE,1957,09,10,18,00,19.9,-52,85,2
AL041957,CARRIE,1957,09,11,00,00,20.4,-52.5,75,1
AL041957,CARRIE,1957,09,11,06,00,20.7,-52.7,65,1
AL041957,CARRIE,1957,09,11,12,00,21,-52.7,65,1
AL041957,CARRIE,1957,09,11,18,00,21.5,-52.7,70,1
AL041957,CARRIE,1957,09,12,00,00,21.9,-52.7,80,1
AL041957,CARRIE,1957,09,12,06,00,22.4,-52.7,85,2
AL041957,CARRIE,1957,09,12,12,00,22.8,-52.7,90,2
AL041957,CARRIE,1957,09,12,18,00,23.3,-52.7,95,2
AL041957,CARRIE,1957,09,13,00,00,24,-52.6,95,2
AL041957,CARRIE,1957,09,13,06,00,24.7,-52.5,95,2
AL041957,CARRIE,1957,09,13,12,00,25.4,-52.4,100,3
AL041957,CARRIE,1957,09,13,18,00,26.2,-52.4,100,3
AL041957,CARRIE,1957,09,14,00,00,27,-52.5,100,3
AL041957,CARRIE,1957,09,14,06,00,27.6,-52.7,105,3
AL041957,CARRIE,1957,09,14,12,00,28.1,-53.2,110,3
AL041957,CARRIE,1957,09,14,18,00,28.4,-54.1,115,4
AL041957,CARRIE,1957,09,15,00,00,28.8,-55.3,120,4
AL041957,CARRIE,1957,09,15,06,00,29.5,-56.7,110,3
AL041957,CARRIE,1957,09,15,12,00,30.2,-58,105,3
AL041957,CARRIE,1957,09,15,18,00,31,-58.9,100,3
AL041957,CARRIE,1957,09,16,00,00,31.7,-59.7,90,2
AL041957,CARRIE,1957,09,16,06,00,32.2,-60.8,85,2
AL041957,CARRIE,1957,09,16,12,00,32.7,-62,85,2
AL041957,CARRIE,1957,09,16,18,00,33.5,-62.9,85,2
AL041957,CARRIE,1957,09,17,00,00,34.2,-63.6,80,1
AL041957,CARRIE,1957,09,17,06,00,34.7,-64.1,80,1
AL041957,CARRIE,1957,09,17,12,00,35.2,-63.8,80,1
AL041957,CARRIE,1957,09,17,18,00,35.7,-62.9,80,1
AL041957,CARRIE,1957,09,18,00,00,36.1,-61.8,80,1
AL041957,CARRIE,1957,09,18,06,00,36.2,-60.7,75,1
AL041957,CARRIE,1957,09,18,12,00,35.9,-59.5,75,1
AL041957,CARRIE,1957,09,18,18,00,35.5,-58,75,1
AL041957,CARRIE,1957,09,19,00,00,35.2,-56.4,75,1
AL041957,CARRIE,1957,09,19,06,00,34.9,-55.2,70,1
AL041957,CARRIE,1957,09,19,12,00,34.7,-53.9,70,1
AL041957,CARRIE,1957,09,19,18,00,34.5,-52.2,70,1
AL041957,CARRIE,1957,09,20,00,00,34.4,-50.4,70,1
AL041957,CARRIE,1957,09,20,06,00,34.3,-49.2,70,1
AL041957,CARRIE,1957,09,20,12,00,34.1,-47.8,70,1
AL041957,CARRIE,1957,09,20,18,00,34.2,-45.9,70,1
AL041957,CARRIE,1957,09,21,00,00,34.5,-44,70,1
AL041957,CARRIE,1957,09,21,06,00,34.6,-42.1,70,1
AL041957,CARRIE,1957,09,21,12,00,34.7,-40.1,70,1
AL041957,CARRIE,1957,09,21,18,00,35,-38,70,1
AL041957,CARRIE,1957,09,22,00,00,35.7,-35.6,70,1
AL041957,CARRIE,1957,09,22,06,00,36.8,-32.8,70,1
AL041957,CARRIE,1957,09,22,12,00,38.4,-29.5,70,1
AL041957,CARRIE,1957,09,22,18,00,40.4,-25.3,65,1
AL041957,CARRIE,1957,09,23,00,00,42.3,-21.9,65,1
AL041957,CARRIE,1957,09,23,06,00,44,-19.9,65,1
AL041957,CARRIE,1957,09,23,12,00,45.6,-17.8,60,0
AL041957,CARRIE,1957,09,23,18,00,47.5,-15.6,60,0
AL041957,CARRIE,1957,09,24,00,00,48.9,-13.7,55,0
AL041957,CARRIE,1957,09,24,06,00,50,-12,55,0
AL041957,CARRIE,1957,09,24,12,00,51.2,-10.8,50,0
AL041957,CARRIE,1957,09,24,18,00,52.2,-9.4,45,0
