id,name,year,month,day,hour,minute,lat,lon,max_sustained_wind_kts,sshws
AL041877,UNNAMED,1877,09,21,00,00,11.7,-55.5,50,0
AL041877,UNNAMED,1877,09,21,06,00,11.7,-56.5,50,0
AL041877,UNNAMED,1877,09,21,12,00,11.7,-57.7,60,0
AL041877,UNNAMED,1877,09,21,18,00,11.8,-59.1,60,0
AL041877,UNNAMED,1877,09,22,00,00,11.8,-60.5,70,1
AL041877,UNNAMED,1877,09,22,06,00,11.8,-62,70,1
AL041877,UNNAMED,1877,09,22,12,00,11.7,-63.3,80,1
AL041877,UNNAMED,1877,09,22,18,00,11.6,-64.4,80,1
AL041877,UNNAMED,1877,09,23,00,00,11.6,-65.8,90,2
AL041877,UNNAMED,1877,09,23,06,00,11.6,-67,90,2
AL041877,UNNAMED,1877,09,23,12,00,11.7,-68,90,2
AL041877,UNNAMED,1877,09,23,18,00,11.8,-69.1,90,2
AL041877,UNNAMED,1877,09,24,00,00,12.1,-70.3,90,2
AL041877,UNNAMED,1877,09,24,06,00,12.3,-71.4,90,2
AL041877,UNNAMED,1877,09,24,12,00,12.7,-72.5,90,2
AL041877,UNNAMED,1877,09,24,18,00,13,-73.6,90,2
AL041877,UNNAMED,1877,09,25,00,00,13.3,-74.6,80,1
AL041877,UNNAMED,1877,09,25,06,00,13.7,-75.9,80,1
AL041877,UNNAMED,1877,09,25,12,00,14,-77,80,1
AL041877,UNNAMED,1877,09,25,18,00,14.3,-78,80,1
AL041877,UNNAMED,1877,09,26,00,00,14.7,-79.1,70,1
AL041877,UNNAMED,1877,09,26,06,00,15,-80.1,70,1
AL041877,UNNAMED,1877,09,26,12,00,15.3,-81,70,1
AL041877,UNNAMED,1877,09,26,18,00,15.7,-81.6,70,1
AL041877,UNNAMED,1877,09,27,00,00,16.1,-82.1,70,1
AL041877,UNNAMED,1877,09,27,06,00,16.7,-82.6,70,1
AL041877,UNNAMED,1877,09,27,12,00,17.1,-83.1,70,1
AL041877,UNNAMED,1877,09,27,18,00,17.7,-83.6,70,1
AL041877,UNNAMED,1877,09,28,00,00,18.2,-84.3,70,1
AL041877,UNNAMED,1877,09,28,06,00,18.9,-85.1,70,1
AL041877,UNNAMED,1877,09,28,12,00,19.5,-85.5,70,1
AL041877,UNNAMED,1877,09,28,18,00,20.1,-85.9,70,1
AL041877,UNNAMED,1877,09,29,00,00,20.6,-86.1,70,1
AL041877,UNNAMED,1877,09,29,06,00,21.2,-86.4,70,1
AL041877,UNNAMED,1877,09,29,12,00,21.9,-86.8,70,1
AL041877,UNNAMED,1877,09,29,18,00,22.4,-87,70,1
AL041877,UNNAMED,1877,09,30,00,00,22.9,-87.1,70,1
AL041877,UNNAMED,1877,09,30,06,00,23.4,-87.3,70,1
AL041877,UNNAMED,1877,09,30,12,00,23.9,-87.5,70,1
AL041877,UNNAMED,1877,09,30,18,00,24.4,-87.7,70,1
AL041877,UNNAMED,1877,10,01,00,00,24.9,-87.8,80,1
AL041877,UNNAMED,1877,10,01,06,00,25.4,-87.8,80,1
AL041877,UNNAMED,1877,10,01,12,00,26,-87.7,80,1
AL041877,UNNAMED,1877,10,01,18,00,26.5,-87.6,80,1
AL041877,UNNAMED,1877,10,02,00,00,27.1,-87.5,90,2
AL041877,UNNAMED,1877,10,02,06,00,27.5,-87.3,90,2
AL041877,UNNAMED,1877,10,02,12,00,28,-87,90,2
AL041877,UNNAMED,1877,10,02,18,00,28.8,-86.4,90,2
AL041877,UNNAMED,1877,10,03,00,00,29.5,-85.9,100,3
AL041877,UNNAMED,1877,10,03,05,00,30,-85.5,100,3
AL041877,UNNAMED,1877,10,03,06,00,30.1,-85.3,90,2
AL041877,UNNAMED,1877,10,03,12,00,30.7,-84.5,70,1
AL041877,UNNAMED,1877,10,03,18,00,31.7,-83.3,50,0
AL041877,UNNAMED,1877,10,04,00,00,32.8,-82.1,40,0
AL041877,UNNAMED,1877,10,04,06,00,33.9,-80.8,40,0
AL041877,UNNAMED,1877,10,04,12,00,35,-79.3,50,0
AL041877,UNNAMED,1877,10,04,18,00,36.9,-77.4,50,0
AL041877,UNNAMED,1877,10,05,00,00,39.3,-74.9,60,0
AL041877,UNNAMED,1877,10,05,06,00,40.8,-72.4,60,0
AL041877,UNNAMED,1877,10,05,12,00,42,-69.5,50,0
AL041877,UNNAMED,1877,10,05,18,00,43.5,-66,50,0
