id,name,year,month,day,hour,minute,lat,lon,max_sustained_wind_kts,sshws
AL041879,UNNAMED,1879,08,29,00,00,23.5,-88.5,50,0
AL041879,UNNAMED,1879,08,29,06,00,23.7,-88.8,50,0
AL041879,UNNAMED,1879,08,29,12,00,24,-89.1,50,0
AL041879,UNNAMED,1879,08,29,18,00,24.2,-89.3,50,0
AL041879,UNNAMED,1879,08,30,00,00,24.4,-89.6,70,1
AL041879,UNNAMED,1879,08,30,06,00,24.7,-90,70,1
AL041879,UNNAMED,1879,08,30,12,00,25,-90.3,80,1
AL041879,UNNAMED,1879,08,30,18,00,25.4,-90.6,80,1
AL041879,UNNAMED,1879,08,31,00,00,25.8,-91,90,2
AL041879,UNNAMED,1879,08,31,06,00,26.2,-91.3,90,2
AL041879,UNNAMED,1879,08,31,12,00,26.8,-91.5,100,3
AL041879,UNNAMED,1879,08,31,18,00,27.3,-91.6,100,3
AL041879,UNNAMED,1879,09,01,00,00,27.8,-91.7,110,3
AL041879,UNNAMED,1879,09,01,06,00,28.3,-91.6,110,3
AL041879,UNNAMED,1879,09,01,12,00,28.8,-91.5,110,3
AL041879,UNNAMED,1879,09,01,16,00,29.5,-91.4,110,3
AL041879,UNNAMED,1879,09,01,18,00,29.9,-91.1,90,2
AL041879,UNNAMED,1879,09,02,00,00,31.2,-90.5,60,0
AL041879,UNNAMED,1879,09,02,06,00,32.4,-89.9,50,0
AL041879,UNNAMED,1879,09,02,12,00,33.5,-88.5,40,0
AL041879,UNNAMED,1879,09,02,18,00,34.8,-87.1,30,0
