AL041906	UNNAMED	1906	08	25	12	00	14	-21	35	0
AL041906	UNNAMED	1906	08	25	18	00	14	-22.5	35	0
AL041906	UNNAMED	1906	08	26	00	00	14	-24	40	0
AL041906	UNNAMED	1906	08	26	06	00	14	-25.5	40	0
AL041906	UNNAMED	1906	08	26	12	00	14	-27	45	0
AL041906	UNNAMED	1906	08	26	18	00	14	-28.5	45	0
AL041906	UNNAMED	1906	08	27	00	00	14	-30	50	0
AL041906	UNNAMED	1906	08	27	06	00	14	-31.5	50	0
AL041906	UNNAMED	1906	08	27	12	00	14	-33	55	0
AL041906	UNNAMED	1906	08	27	18	00	14	-34.6	55	0
AL041906	UNNAMED	1906	08	28	00	00	13.9	-36.2	60	0
AL041906	UNNAMED	1906	08	28	06	00	13.9	-37.8	60	0
AL041906	UNNAMED	1906	08	28	12	00	13.8	-39.5	65	1
AL041906	UNNAMED	1906	08	28	18	00	13.8	-41.2	65	1
AL041906	UNNAMED	1906	08	29	00	00	13.7	-42.8	70	1
AL041906	UNNAMED	1906	08	29	06	00	13.7	-44.4	70	1
AL041906	UNNAMED	1906	08	29	12	00	13.6	-46	70	1
AL041906	UNNAMED	1906	08	29	18	00	13.6	-47.7	70	1
AL041906	UNNAMED	1906	08	30	00	00	13.6	-49.3	75	1
AL041906	UNNAMED	1906	08	30	06	00	13.5	-50.9	75	1
AL041906	UNNAMED	1906	08	30	12	00	13.5	-52.5	75	1
AL041906	UNNAMED	1906	08	30	18	00	13.7	-54	80	1
AL041906	UNNAMED	1906	08	31	00	00	14.1	-55.3	80	1
AL041906	UNNAMED	1906	08	31	06	00	14.5	-56.5	80	1
AL041906	UNNAMED	1906	08	31	12	00	15	-57.5	85	2
AL041906	UNNAMED	1906	08	31	18	00	15.5	-58.3	85	2
AL041906	UNNAMED	1906	09	01	00	00	16	-59	85	2
AL041906	UNNAMED	1906	09	01	06	00	16.5	-60	85	2
AL041906	UNNAMED	1906	09	01	12	00	17	-60.7	90	2
AL041906	UNNAMED	1906	09	01	18	00	17.5	-61.4	90	2
AL041906	UNNAMED	1906	09	02	00	00	18	-62.2	90	2
AL041906	UNNAMED	1906	09	02	06	00	18.5	-63.1	90	2
AL041906	UNNAMED	1906	09	02	12	00	19	-64	90	2
AL041906	UNNAMED	1906	09	02	18	00	19.3	-64.7	95	2
AL041906	UNNAMED	1906	09	03	00	00	19.6	-65.4	95	2
AL041906	UNNAMED	1906	09	03	06	00	19.8	-66	100	3
AL041906	UNNAMED	1906	09	03	12	00	20	-66.7	100	3
AL041906	UNNAMED	1906	09	03	18	00	20.3	-67.6	105	3
AL041906	UNNAMED	1906	09	04	00	00	20.6	-68.3	105	3
AL041906	UNNAMED	1906	09	04	06	00	20.9	-69	110	3
AL041906	UNNAMED	1906	09	04	12	00	21.3	-69.6	110	3
AL041906	UNNAMED	1906	09	04	18	00	21.6	-70.2	110	3
AL041906	UNNAMED	1906	09	05	00	00	22.1	-70.8	115	4
AL041906	UNNAMED	1906	09	05	06	00	22.5	-71.4	115	4
AL041906	UNNAMED	1906	09	05	12	00	23.1	-72	115	4
AL041906	UNNAMED	1906	09	05	18	00	23.5	-72.7	115	4
AL041906	UNNAMED	1906	09	06	00	00	23.9	-73.4	115	4
AL041906	UNNAMED	1906	09	06	06	00	24.4	-74	115	4
AL041906	UNNAMED	1906	09	06	12	00	25	-74.7	115	4
AL041906	UNNAMED	1906	09	06	18	00	25.8	-75.6	110	3
AL041906	UNNAMED	1906	09	07	00	00	26.8	-76.4	110	3
AL041906	UNNAMED	1906	09	07	06	00	27.9	-76.6	110	3
AL041906	UNNAMED	1906	09	07	12	00	29	-76	110	3
AL041906	UNNAMED	1906	09	07	18	00	29.5	-74.8	110	3
AL041906	UNNAMED	1906	09	08	00	00	29.8	-73.5	110	3
AL041906	UNNAMED	1906	09	08	06	00	30	-72.1	110	3
AL041906	UNNAMED	1906	09	08	12	00	30.3	-70.5	110	3
AL041906	UNNAMED	1906	09	08	18	00	30.7	-69.3	110	3
AL041906	UNNAMED	1906	09	09	00	00	31.3	-68.1	105	3
AL041906	UNNAMED	1906	09	09	06	00	31.9	-66.9	105	3
AL041906	UNNAMED	1906	09	09	12	00	32.5	-65.7	105	3
AL041906	UNNAMED	1906	09	09	18	00	33.6	-64.3	105	3
AL041906	UNNAMED	1906	09	10	00	00	34.7	-62.9	100	3
AL041906	UNNAMED	1906	09	10	06	00	35.8	-61.4	100	3
AL041906	UNNAMED	1906	09	10	12	00	37	-60	100	3
AL041906	UNNAMED	1906	09	10	18	00	38.4	-56.9	100	3
AL041906	UNNAMED	1906	09	11	00	00	40	-52.8	95	2
AL041906	UNNAMED	1906	09	11	06	00	42.2	-48.8	85	2
AL041906	UNNAMED	1906	09	11	12	00	45	-45	75	1
AL041906	UNNAMED	1906	09	11	18	00	47.5	-40.4	65	1
AL041906	UNNAMED	1906	09	12	00	00	49.5	-35.4	60	0
AL041906	UNNAMED	1906	09	12	06	00	51.3	-30.3	55	0
AL041906	UNNAMED	1906	09	12	12	00	53	-25	50	0
AL041906	UNNAMED	1906	09	12	18	00	54	-20.3	45	0
