AL042001	CHANTAL	2001	08	14	18	00	12.8	-37	25	0
AL042001	CHANTAL	2001	08	15	00	00	12.9	-39.3	25	0
AL042001	CHANTAL	2001	08	15	06	00	12.6	-41.6	25	0
AL042001	CHANTAL	2001	08	15	12	00	12.3	-43.9	30	0
AL042001	CHANTAL	2001	08	15	18	00	12.3	-46.3	30	0
AL042001	CHANTAL	2001	08	16	00	00	12.4	-48.8	30	0
AL042001	CHANTAL	2001	08	16	06	00	12.4	-51.3	30	0
AL042001	CHANTAL	2001	08	16	12	00	12.7	-53.9	30	0
AL042001	CHANTAL	2001	08	16	18	00	12.7	-57.2	30	0
AL042001	CHANTAL	2001	08	17	00	00	13.1	-60.6	35	0
AL042001	CHANTAL	2001	08	17	06	00	13.3	-62.8	35	0
AL042001	CHANTAL	2001	08	17	12	00	13.7	-64.6	35	0
AL042001	CHANTAL	2001	08	17	18	00	14.2	-66.4	35	0
AL042001	CHANTAL	2001	08	18	00	00	14.4	-68.2	45	0
AL042001	CHANTAL	2001	08	18	06	00	14.6	-70.4	55	0
AL042001	CHANTAL	2001	08	18	12	00	14.8	-72.9	50	0
AL042001	CHANTAL	2001	08	18	18	00	15.3	-75.2	50	0
AL042001	CHANTAL	2001	08	19	00	00	15.3	-77.2	55	0
AL042001	CHANTAL	2001	08	19	06	00	15.4	-78.4	60	0
AL042001	CHANTAL	2001	08	19	12	00	15.7	-79.6	60	0
AL042001	CHANTAL	2001	08	19	18	00	16.2	-81.1	55	0
AL042001	CHANTAL	2001	08	20	00	00	16.7	-82.6	50	0
AL042001	CHANTAL	2001	08	20	06	00	17.1	-84.1	50	0
AL042001	CHANTAL	2001	08	20	12	00	17.5	-85.6	50	0
AL042001	CHANTAL	2001	08	20	18	00	17.9	-86.7	55	0
AL042001	CHANTAL	2001	08	21	00	00	18.1	-87.7	60	0
AL042001	CHANTAL	2001	08	21	02	00	18.1	-87.8	60	0
AL042001	CHANTAL	2001	08	21	06	00	18.2	-88.1	55	0
AL042001	CHANTAL	2001	08	21	12	00	18.4	-88.7	45	0
AL042001	CHANTAL	2001	08	21	18	00	18.6	-89.5	35	0
AL042001	CHANTAL	2001	08	22	00	00	18.7	-90.3	25	0
AL042001	CHANTAL	2001	08	22	06	00	18.4	-91.2	25	0
AL042001	CHANTAL	2001	08	22	12	00	17.9	-92.2	25	0
