AL041995	DEAN	1995	07	28	18	00	26.2	-86.6	25	0
AL041995	DEAN	1995	07	29	00	00	26.1	-87.3	30	0
AL041995	DEAN	1995	07	29	06	00	26.2	-87.9	30	0
AL041995	DEAN	1995	07	29	12	00	26.3	-88.3	30	0
AL041995	DEAN	1995	07	29	18	00	26.5	-89.4	30	0
AL041995	DEAN	1995	07	30	00	00	26.9	-90.6	30	0
AL041995	DEAN	1995	07	30	06	00	27.6	-91.7	30	0
AL041995	DEAN	1995	07	30	12	00	28.1	-93	30	0
AL041995	DEAN	1995	07	30	18	00	28.6	-94	35	0
AL041995	DEAN	1995	07	31	00	00	29	-95	40	0
AL041995	DEAN	1995	07	31	02	00	29.2	-95.3	40	0
AL041995	DEAN	1995	07	31	06	00	29.5	-95.5	30	0
AL041995	DEAN	1995	07	31	12	00	30	-96	25	0
AL041995	DEAN	1995	07	31	18	00	30.5	-96.5	20	0
AL041995	DEAN	1995	08	01	00	00	31.5	-97	20	0
AL041995	DEAN	1995	08	01	06	00	32	-97.5	20	0
AL041995	DEAN	1995	08	01	12	00	33	-98.5	20	0
AL041995	DEAN	1995	08	01	18	00	33	-98.5	20	0
AL041995	DEAN	1995	08	02	00	00	33	-98.5	20	0
AL041995	DEAN	1995	08	02	06	00	33	-98.5	20	0
AL041995	DEAN	1995	08	02	12	00	33	-98.5	20	0
AL041995	DEAN	1995	08	02	18	00	33	-98.5	20	0
