id,name,year,month,day,hour,minute,lat,lon,max_sustained_wind_kts,sshws
AL041974,UNNAMED,1974,07,16,00,00,29,-75,25,0
AL041974,UNNAMED,1974,07,16,06,00,30.2,-74.5,30,0
AL041974,UNNAMED,1974,07,16,12,00,31.2,-73.8,30,0
AL041974,UNNAMED,1974,07,16,18,00,32,-72.9,30,0
AL041974,UNNAMED,1974,07,17,00,00,32.9,-71.8,30,0
AL041974,UNNAMED,1974,07,17,06,00,33.9,-70.6,30,0
AL041974,UNNAMED,1974,07,17,12,00,35,-68.8,35,0
AL041974,UNNAMED,1974,07,17,18,00,36.1,-66.2,35,0
AL041974,UNNAMED,1974,07,18,00,00,37.2,-63.5,40,0
AL041974,UNNAMED,1974,07,18,06,00,38.1,-60.9,40,0
AL041974,UNNAMED,1974,07,18,12,00,39,-58.4,45,0
AL041974,UNNAMED,1974,07,18,18,00,39.9,-55,45,0
AL041974,UNNAMED,1974,07,19,00,00,40.7,-52.4,45,0
AL041974,UNNAMED,1974,07,19,06,00,41.6,-51.5,45,0
AL041974,UNNAMED,1974,07,19,12,00,42.5,-50.8,45,0
AL041974,UNNAMED,1974,07,19,18,00,43.6,-49.9,40,0
AL041974,UNNAMED,1974,07,20,00,00,45,-49,40,0
AL041974,UNNAMED,1974,07,20,06,00,46.7,-48,40,0
AL041974,UNNAMED,1974,07,20,12,00,48.8,-47,35,0
