AL041902	UNNAMED	1902	10	03	00	00	14	-93.8	30	0
AL041902	UNNAMED	1902	10	03	06	00	14.5	-94	30	0
AL041902	UNNAMED	1902	10	03	12	00	15	-94.2	30	0
AL041902	UNNAMED	1902	10	03	18	00	15.5	-94.3	30	0
AL041902	UNNAMED	1902	10	04	00	00	16	-94.4	30	0
AL041902	UNNAMED	1902	10	04	06	00	16.5	-94.5	30	0
AL041902	UNNAMED	1902	10	04	12	00	17	-94.6	30	0
AL041902	UNNAMED	1902	10	04	18	00	17.5	-94.7	30	0
AL041902	UNNAMED	1902	10	05	00	00	18	-94.8	30	0
AL041902	UNNAMED	1902	10	05	06	00	18.5	-94.9	30	0
AL041902	UNNAMED	1902	10	05	12	00	18.7	-94.9	35	0
AL041902	UNNAMED	1902	10	05	18	00	18.8	-94.7	45	0
AL041902	UNNAMED	1902	10	06	00	00	18.9	-94.4	55	0
AL041902	UNNAMED	1902	10	06	06	00	19.1	-94	60	0
AL041902	UNNAMED	1902	10	06	12	00	19.3	-93.7	65	1
AL041902	UNNAMED	1902	10	06	18	00	19.5	-93.3	75	1
AL041902	UNNAMED	1902	10	07	00	00	19.7	-92.9	85	2
AL041902	UNNAMED	1902	10	07	06	00	20	-92.5	90	2
AL041902	UNNAMED	1902	10	07	12	00	20.3	-92	90	2
AL041902	UNNAMED	1902	10	07	18	00	20.7	-91.5	90	2
AL041902	UNNAMED	1902	10	08	00	00	21.1	-91.1	90	2
AL041902	UNNAMED	1902	10	08	06	00	21.5	-90.8	90	2
AL041902	UNNAMED	1902	10	08	12	00	22	-90.5	90	2
AL041902	UNNAMED	1902	10	08	18	00	22.7	-90.2	90	2
AL041902	UNNAMED	1902	10	09	00	00	23.4	-90	90	2
AL041902	UNNAMED	1902	10	09	06	00	23.9	-89.9	85	2
AL041902	UNNAMED	1902	10	09	12	00	24.5	-89.7	80	1
AL041902	UNNAMED	1902	10	09	18	00	25.3	-89.5	70	1
AL041902	UNNAMED	1902	10	10	00	00	26.2	-89.1	65	1
AL041902	UNNAMED	1902	10	10	06	00	27.1	-88.8	60	0
AL041902	UNNAMED	1902	10	10	12	00	28	-88.5	55	0
AL041902	UNNAMED	1902	10	10	18	00	29.4	-87.8	50	0
AL041902	UNNAMED	1902	10	10	21	00	30.3	-87.3	50	0
AL041902	UNNAMED	1902	10	11	00	00	31	-86.9	40	0
AL041902	UNNAMED	1902	10	11	06	00	32.5	-85.9	35	0
AL041902	UNNAMED	1902	10	11	12	00	33.7	-84.8	35	0
AL041902	UNNAMED	1902	10	11	18	00	34.9	-82.8	35	0
AL041902	UNNAMED	1902	10	12	00	00	36.4	-80.5	35	0
AL041902	UNNAMED	1902	10	12	06	00	37.6	-78	35	0
AL041902	UNNAMED	1902	10	12	12	00	38.8	-72.8	35	0
AL041902	UNNAMED	1902	10	12	18	00	39.9	-69.1	35	0
AL041902	UNNAMED	1902	10	13	00	00	40.9	-65.5	35	0
AL041902	UNNAMED	1902	10	13	06	00	41.9	-61	40	0
AL041902	UNNAMED	1902	10	13	12	00	42.8	-55.1	40	0
