AL041913	UNNAMED	1913	08	30	12	00	28.5	-72.5	40	0
AL041913	UNNAMED	1913	08	30	18	00	29.5	-72.6	40	0
AL041913	UNNAMED	1913	08	31	00	00	30.2	-72.7	45	0
AL041913	UNNAMED	1913	08	31	06	00	30.8	-72.8	45	0
AL041913	UNNAMED	1913	08	31	12	00	31.3	-73	50	0
AL041913	UNNAMED	1913	08	31	18	00	31.7	-73.2	50	0
AL041913	UNNAMED	1913	09	01	00	00	32	-73.4	55	0
AL041913	UNNAMED	1913	09	01	06	00	32.2	-73.7	60	0
AL041913	UNNAMED	1913	09	01	12	00	32.4	-74	65	1
AL041913	UNNAMED	1913	09	01	18	00	32.6	-74.2	70	1
AL041913	UNNAMED	1913	09	02	00	00	32.9	-74.3	75	1
AL041913	UNNAMED	1913	09	02	06	00	33.2	-74.5	75	1
AL041913	UNNAMED	1913	09	02	12	00	33.5	-74.8	75	1
AL041913	UNNAMED	1913	09	02	18	00	33.9	-75.2	75	1
AL041913	UNNAMED	1913	09	03	00	00	34.3	-75.7	75	1
AL041913	UNNAMED	1913	09	03	06	00	34.6	-76.3	75	1
AL041913	UNNAMED	1913	09	03	08	00	34.7	-76.6	75	1
AL041913	UNNAMED	1913	09	03	12	00	34.9	-77.2	55	0
AL041913	UNNAMED	1913	09	03	18	00	35.2	-78.4	40	0
AL041913	UNNAMED	1913	09	04	00	00	35.1	-79.8	30	0
AL041913	UNNAMED	1913	09	04	06	00	35	-81.5	25	0
AL041913	UNNAMED	1913	09	04	12	00	34.5	-83.5	20	0
