AL041999	CINDY	1999	08	19	00	00	13.5	-18.9	30	0
AL041999	CINDY	1999	08	19	06	00	13.8	-20.3	30	0
AL041999	CINDY	1999	08	19	12	00	13.9	-21.5	30	0
AL041999	CINDY	1999	08	19	18	00	13.8	-22.5	30	0
AL041999	CINDY	1999	08	20	00	00	13.7	-23.4	30	0
AL041999	CINDY	1999	08	20	06	00	13.6	-24.3	30	0
AL041999	CINDY	1999	08	20	12	00	13.5	-25.4	30	0
AL041999	CINDY	1999	08	20	18	00	13.6	-26.6	35	0
AL041999	CINDY	1999	08	21	00	00	13.6	-27.7	40	0
AL041999	CINDY	1999	08	21	06	00	13.8	-28.8	50	0
AL041999	CINDY	1999	08	21	12	00	13.9	-29.7	55	0
AL041999	CINDY	1999	08	21	18	00	14.1	-30.8	60	0
AL041999	CINDY	1999	08	22	00	00	14.2	-31.7	65	1
AL041999	CINDY	1999	08	22	06	00	14.4	-32.3	65	1
AL041999	CINDY	1999	08	22	12	00	14.5	-32.7	65	1
AL041999	CINDY	1999	08	22	18	00	14.6	-33.1	60	0
AL041999	CINDY	1999	08	23	00	00	14.9	-33.9	50	0
AL041999	CINDY	1999	08	23	06	00	15.3	-34.9	50	0
AL041999	CINDY	1999	08	23	12	00	15.7	-35.9	50	0
AL041999	CINDY	1999	08	23	18	00	16.1	-36.9	50	0
AL041999	CINDY	1999	08	24	00	00	16.6	-38	50	0
AL041999	CINDY	1999	08	24	06	00	16.9	-39.2	50	0
AL041999	CINDY	1999	08	24	12	00	17.2	-40.6	50	0
AL041999	CINDY	1999	08	24	18	00	17.5	-42.2	50	0
AL041999	CINDY	1999	08	25	00	00	17.8	-43.6	55	0
AL041999	CINDY	1999	08	25	06	00	18.4	-44.8	55	0
AL041999	CINDY	1999	08	25	12	00	19.3	-45.9	55	0
AL041999	CINDY	1999	08	25	18	00	20.4	-47.1	60	0
AL041999	CINDY	1999	08	26	00	00	21.7	-48.2	65	1
AL041999	CINDY	1999	08	26	06	00	22.9	-49.5	65	1
AL041999	CINDY	1999	08	26	12	00	24.2	-50.8	65	1
AL041999	CINDY	1999	08	26	18	00	25.4	-52	70	1
AL041999	CINDY	1999	08	27	00	00	26.4	-53.1	80	1
AL041999	CINDY	1999	08	27	06	00	27.2	-54.3	80	1
AL041999	CINDY	1999	08	27	12	00	27.8	-55.4	90	2
AL041999	CINDY	1999	08	27	18	00	28.3	-56.2	90	2
AL041999	CINDY	1999	08	28	00	00	28.7	-56.9	100	3
AL041999	CINDY	1999	08	28	06	00	29.3	-57.5	115	4
AL041999	CINDY	1999	08	28	12	00	30.1	-58	120	4
AL041999	CINDY	1999	08	28	18	00	30.8	-58.5	120	4
AL041999	CINDY	1999	08	29	00	00	31.5	-58.4	120	4
AL041999	CINDY	1999	08	29	06	00	32.3	-58.4	115	4
AL041999	CINDY	1999	08	29	12	00	33.1	-58.2	100	3
AL041999	CINDY	1999	08	29	18	00	33.8	-57.4	95	2
AL041999	CINDY	1999	08	30	00	00	34.3	-56.3	90	2
AL041999	CINDY	1999	08	30	06	00	34.7	-55.5	90	2
AL041999	CINDY	1999	08	30	12	00	35.3	-54.9	80	1
AL041999	CINDY	1999	08	30	18	00	36.1	-54.2	80	1
AL041999	CINDY	1999	08	31	00	00	37	-52.6	70	1
AL041999	CINDY	1999	08	31	06	00	38.2	-50.6	60	0
AL041999	CINDY	1999	08	31	12	00	40.4	-48.2	50	0
