id,name,year,month,day,hour,minute,lat,lon,max_sustained_wind_kts,sshws
AL041987,UNNAMED,1987,08,13,00,00,12.5,-47,20,0
AL041987,UNNAMED,1987,08,13,06,00,13.2,-49.2,25,0
AL041987,UNNAMED,1987,08,13,12,00,14,-51,30,0
AL041987,UNNAMED,1987,08,13,18,00,14.8,-52.5,30,0
AL041987,UNNAMED,1987,08,14,00,00,15.5,-54,30,0
AL041987,UNNAMED,1987,08,14,06,00,16.2,-55.5,30,0
AL041987,UNNAMED,1987,08,14,12,00,17,-57,30,0
AL041987,UNNAMED,1987,08,14,18,00,17.2,-58.5,25,0
AL041987,UNNAMED,1987,08,15,00,00,18,-60.5,20,0
AL041987,UNNAMED,1987,08,15,06,00,18.5,-62.2,20,0
AL041987,UNNAMED,1987,08,15,12,00,19,-64,15,0
