id,name,year,month,day,hour,minute,lat,lon,max_sustained_wind_kts,sshws
AL041870,UNNAMED,1870,09,09,00,00,24.2,-64,70,1
AL041870,UNNAMED,1870,09,09,06,00,25.1,-64.4,70,1
AL041870,UNNAMED,1870,09,09,12,00,26,-65,80,1
AL041870,UNNAMED,1870,09,09,18,00,27.1,-65.6,80,1
AL041870,UNNAMED,1870,09,10,00,00,28.7,-66.3,90,2
AL041870,UNNAMED,1870,09,10,06,00,30.5,-66.6,90,2
AL041870,UNNAMED,1870,09,10,12,00,32.5,-66.3,100,3
AL041870,UNNAMED,1870,09,10,18,00,33.9,-65.4,100,3
AL041870,UNNAMED,1870,09,11,00,00,35.4,-64.1,110,3
AL041870,UNNAMED,1870,09,11,06,00,36.8,-62.6,110,3
AL041870,UNNAMED,1870,09,11,12,00,38,-61.2,110,3
AL041870,UNNAMED,1870,09,11,18,00,39.7,-59.4,110,3
AL041870,UNNAMED,1870,09,12,00,00,41.5,-57.4,100,3
AL041870,UNNAMED,1870,09,12,06,00,43.5,-55.4,100,3
AL041870,UNNAMED,1870,09,12,12,00,45,-53,90,2
AL041870,UNNAMED,1870,09,12,18,00,46,-51,90,2
AL041870,UNNAMED,1870,09,13,00,00,47,-48.2,80,1
AL041870,UNNAMED,1870,09,13,06,00,47.8,-45,80,1
AL041870,UNNAMED,1870,09,13,12,00,48.4,-42,70,1
AL041870,UNNAMED,1870,09,13,18,00,49,-39,70,1
