id,name,year,month,day,hour,minute,lat,lon,max_sustained_wind_kts,sshws
AL042010,COLIN,2010,08,02,12,00,12.5,-40.7,30,0
AL042010,COLIN,2010,08,02,18,00,12.9,-42.4,30,0
AL042010,COLIN,2010,08,03,00,00,13.3,-44.4,30,0
AL042010,COLIN,2010,08,03,06,00,13.7,-46.6,35,0
AL042010,COLIN,2010,08,03,12,00,14.3,-49.3,35,0
AL042010,COLIN,2010,08,03,18,00,15.3,-52.2,35,0
AL042010,COLIN,2010,08,04,00,00,16.1,-54.8,35,0
AL042010,COLIN,2010,08,04,06,00,17,-57.2,35,0
AL042010,COLIN,2010,08,04,12,00,18,-59.5,35,0
AL042010,COLIN,2010,08,04,18,00,19.2,-61.1,40,0
AL042010,COLIN,2010,08,05,00,00,20.4,-62.5,40,0
AL042010,COLIN,2010,08,05,06,00,21.7,-63.7,40,0
AL042010,COLIN,2010,08,05,12,00,23,-64.9,40,0
AL042010,COLIN,2010,08,05,18,00,24.4,-65.8,45,0
AL042010,COLIN,2010,08,05,21,00,25,-66.1,50,0
AL042010,COLIN,2010,08,06,00,00,25.6,-66.6,50,0
AL042010,COLIN,2010,08,06,06,00,26.4,-67.2,40,0
AL042010,COLIN,2010,08,06,12,00,27,-67.1,40,0
AL042010,COLIN,2010,08,06,18,00,27.7,-66.9,40,0
AL042010,COLIN,2010,08,07,00,00,28.5,-66.6,40,0
AL042010,COLIN,2010,08,07,06,00,28.9,-66.4,35,0
AL042010,COLIN,2010,08,07,12,00,29.1,-66.2,35,0
AL042010,COLIN,2010,08,07,18,00,29.3,-65.9,35,0
AL042010,COLIN,2010,08,08,00,00,29.7,-65.7,30,0
AL042010,COLIN,2010,08,08,06,00,30.3,-65.7,30,0
