AL041858	UNNAMED	1858	09	17	00	00	18.4	-41.4	80	1
AL041858	UNNAMED	1858	09	17	06	00	19.2	-42.2	80	1
AL041858	UNNAMED	1858	09	17	12	00	20	-43	80	1
AL041858	UNNAMED	1858	09	17	18	00	20.7	-43.9	80	1
AL041858	UNNAMED	1858	09	18	00	00	21.7	-45	80	1
AL041858	UNNAMED	1858	09	18	06	00	22.7	-46	80	1
AL041858	UNNAMED	1858	09	18	12	00	23.5	-47	80	1
AL041858	UNNAMED	1858	09	18	18	00	24.2	-48.2	80	1
AL041858	UNNAMED	1858	09	19	00	00	25.2	-49.4	80	1
AL041858	UNNAMED	1858	09	19	06	00	26.1	-50.7	80	1
AL041858	UNNAMED	1858	09	19	12	00	27	-52	80	1
AL041858	UNNAMED	1858	09	19	18	00	28	-53.5	80	1
AL041858	UNNAMED	1858	09	20	00	00	29.2	-55.2	80	1
AL041858	UNNAMED	1858	09	20	06	00	30.6	-57.1	80	1
AL041858	UNNAMED	1858	09	20	12	00	32	-59	80	1
AL041858	UNNAMED	1858	09	20	18	00	33.3	-60.6	80	1
AL041858	UNNAMED	1858	09	21	00	00	34.5	-61.9	80	1
AL041858	UNNAMED	1858	09	21	06	00	35.8	-63	80	1
AL041858	UNNAMED	1858	09	21	12	00	37	-63.6	80	1
AL041858	UNNAMED	1858	09	21	18	00	38	-63.8	80	1
AL041858	UNNAMED	1858	09	22	00	00	39	-63.6	80	1
AL041858	UNNAMED	1858	09	22	06	00	40	-63.2	80	1
AL041858	UNNAMED	1858	09	22	12	00	41	-62.4	80	1
AL041858	UNNAMED	1858	09	22	18	00	42	-61.3	80	1
AL041858	UNNAMED	1858	09	23	00	00	42.9	-59.5	80	1
AL041858	UNNAMED	1858	09	23	06	00	43.5	-57.6	80	1
AL041858	UNNAMED	1858	09	23	12	00	44	-56.1	70	1
AL041858	UNNAMED	1858	09	23	18	00	44.7	-54.1	70	1
AL041858	UNNAMED	1858	09	24	00	00	45.2	-51.8	60	0
AL041858	UNNAMED	1858	09	24	06	00	45.7	-50	60	0
AL041858	UNNAMED	1858	09	24	12	00	46	-48	50	0
AL041858	UNNAMED	1858	09	24	18	00	46.5	-45.2	50	0
