AL041934	UNNAMED	1934	08	20	18	00	13.5	-57.7	35	0
AL041934	UNNAMED	1934	08	21	00	00	13.6	-59.2	35	0
AL041934	UNNAMED	1934	08	21	06	00	13.7	-60.6	35	0
AL041934	UNNAMED	1934	08	21	12	00	13.8	-61.9	35	0
AL041934	UNNAMED	1934	08	21	18	00	14.2	-63	35	0
AL041934	UNNAMED	1934	08	22	00	00	14.9	-64.1	35	0
AL041934	UNNAMED	1934	08	22	06	00	15.6	-65.2	35	0
AL041934	UNNAMED	1934	08	22	12	00	16.1	-66.3	35	0
AL041934	UNNAMED	1934	08	22	18	00	16.4	-67.5	35	0
AL041934	UNNAMED	1934	08	23	00	00	16.6	-68.7	30	0
AL041934	UNNAMED	1934	08	23	06	00	16.9	-69.9	30	0
