id,name,year,month,day,hour,minute,lat,lon,max_sustained_wind_kts,sshws
AL041936,UNNAMED,1936,07,26,06,00,23.2,-84.5,25,0
AL041936,UNNAMED,1936,07,26,12,00,24,-86,25,0
AL041936,UNNAMED,1936,07,26,18,00,25,-87.5,30,0
AL041936,UNNAMED,1936,07,27,00,00,26,-89,35,0
AL041936,UNNAMED,1936,07,27,06,00,27.2,-89.7,40,0
AL041936,UNNAMED,1936,07,27,12,00,28.4,-90.1,40,0
AL041936,UNNAMED,1936,07,27,16,00,29.1,-90.2,40,0
AL041936,UNNAMED,1936,07,27,18,00,29.5,-90.2,40,0
AL041936,UNNAMED,1936,07,28,00,00,30.4,-90.2,35,0
AL041936,UNNAMED,1936,07,28,06,00,31.1,-89.9,25,0
