id,name,year,month,day,hour,minute,lat,lon,max_sustained_wind_kts,sshws
AL041925,UNNAMED,1925,11,27,00,00,20.2,-85.9,30,0
AL041925,UNNAMED,1925,11,27,06,00,20.1,-85.8,30,0
AL041925,UNNAMED,1925,11,27,12,00,20,-85.7,35,0
AL041925,UNNAMED,1925,11,27,18,00,19.9,-85.6,35,0
AL041925,UNNAMED,1925,11,28,00,00,19.8,-85.4,35,0
AL041925,UNNAMED,1925,11,28,06,00,19.7,-85.2,35,0
AL041925,UNNAMED,1925,11,28,12,00,19.5,-85,35,0
AL041925,UNNAMED,1925,11,28,18,00,19.3,-84.7,35,0
AL041925,UNNAMED,1925,11,29,00,00,19.1,-84.2,35,0
AL041925,UNNAMED,1925,11,29,06,00,19,-83.7,35,0
AL041925,UNNAMED,1925,11,29,12,00,19,-83.5,35,0
AL041925,UNNAMED,1925,11,29,18,00,19.3,-83.7,35,0
AL041925,UNNAMED,1925,11,30,00,00,19.9,-84.1,35,0
AL041925,UNNAMED,1925,11,30,06,00,20.8,-84.6,35,0
AL041925,UNNAMED,1925,11,30,12,00,22,-84.7,40,0
AL041925,UNNAMED,1925,11,30,18,00,23.6,-84.2,45,0
AL041925,UNNAMED,1925,12,01,00,00,25.6,-82.8,55,0
AL041925,UNNAMED,1925,12,01,03,00,26.3,-81.9,55,0
AL041925,UNNAMED,1925,12,01,06,00,27.3,-81.1,50,0
AL041925,UNNAMED,1925,12,01,12,00,28.7,-80.1,60,0
AL041925,UNNAMED,1925,12,01,18,00,30,-79.5,70,1
AL041925,UNNAMED,1925,12,02,00,00,31,-78.7,80,1
AL041925,UNNAMED,1925,12,02,06,00,32,-78.1,75,1
AL041925,UNNAMED,1925,12,02,12,00,33.3,-77.5,70,1
AL041925,UNNAMED,1925,12,02,18,00,34.4,-76.9,65,1
AL041925,UNNAMED,1925,12,03,00,00,35.5,-76.2,60,0
AL041925,UNNAMED,1925,12,03,06,00,36.5,-75.4,60,0
AL041925,UNNAMED,1925,12,03,12,00,37.2,-74.5,55,0
AL041925,UNNAMED,1925,12,03,18,00,37.7,-73.5,55,0
AL041925,UNNAMED,1925,12,04,00,00,37.9,-72.4,50,0
AL041925,UNNAMED,1925,12,04,06,00,37.8,-71.2,50,0
AL041925,UNNAMED,1925,12,04,12,00,37.6,-70,45,0
AL041925,UNNAMED,1925,12,04,18,00,37.2,-69,45,0
AL041925,UNNAMED,1925,12,05,00,00,36.8,-68.2,40,0
AL041925,UNNAMED,1925,12,05,06,00,36.4,-67.7,35,0
AL041925,UNNAMED,1925,12,05,12,00,36,-67.5,30,0
