id,name,year,month,day,hour,minute,lat,lon,max_sustained_wind_kts,sshws
AL052003,DANNY,2003,07,16,12,00,30.8,-54.1,25,0
AL052003,DANNY,2003,07,16,18,00,31.7,-54.7,30,0
AL052003,DANNY,2003,07,17,00,00,32.5,-55.2,35,0
AL052003,DANNY,2003,07,17,06,00,33.4,-55.6,45,0
AL052003,DANNY,2003,07,17,12,00,34.4,-56.4,50,0
AL052003,DANNY,2003,07,17,18,00,35.3,-56.6,55,0
AL052003,DANNY,2003,07,18,00,00,36.2,-56.4,55,0
AL052003,DANNY,2003,07,18,06,00,37.1,-56,55,0
AL052003,DANNY,2003,07,18,12,00,38.1,-54.9,60,0
AL052003,DANNY,2003,07,18,18,00,39.2,-53.4,65,1
AL052003,DANNY,2003,07,19,00,00,40.1,-51.7,65,1
AL052003,DANNY,2003,07,19,06,00,41.1,-50,65,1
AL052003,DANNY,2003,07,19,12,00,42.1,-47.8,65,1
AL052003,DANNY,2003,07,19,18,00,42.7,-45.8,60,0
AL052003,DANNY,2003,07,20,00,00,42.7,-44,55,0
AL052003,DANNY,2003,07,20,06,00,42.5,-42.4,45,0
AL052003,DANNY,2003,07,20,12,00,41.9,-40.7,40,0
AL052003,DANNY,2003,07,20,18,00,40.9,-39.2,30,0
AL052003,DANNY,2003,07,21,00,00,39.8,-37.9,30,0
AL052003,DANNY,2003,07,21,06,00,38.8,-36.8,30,0
AL052003,DANNY,2003,07,21,12,00,37.9,-36.3,25,0
AL052003,DANNY,2003,07,21,18,00,37.1,-35.9,25,0
AL052003,DANNY,2003,07,22,00,00,36.3,-35.8,25,0
AL052003,DANNY,2003,07,22,06,00,35.7,-36.2,25,0
AL052003,DANNY,2003,07,22,12,00,35.3,-36.7,25,0
AL052003,DANNY,2003,07,22,18,00,35.1,-37.2,25,0
AL052003,DANNY,2003,07,23,00,00,35,-37.8,20,0
AL052003,DANNY,2003,07,23,06,00,34.9,-38.6,20,0
AL052003,DANNY,2003,07,23,12,00,35.5,-39,20,0
AL052003,DANNY,2003,07,23,18,00,36,-40,20,0
AL052003,DANNY,2003,07,24,00,00,36,-40.5,20,0
AL052003,DANNY,2003,07,24,06,00,36.6,-40.5,20,0
AL052003,DANNY,2003,07,24,12,00,36.5,-40,20,0
AL052003,DANNY,2003,07,24,18,00,36.4,-39.5,20,0
AL052003,DANNY,2003,07,25,00,00,36.5,-38.9,20,0
AL052003,DANNY,2003,07,25,06,00,36.3,-39.2,20,0
AL052003,DANNY,2003,07,25,12,00,36,-39,20,0
AL052003,DANNY,2003,07,25,18,00,35.5,-39,20,0
AL052003,DANNY,2003,07,26,00,00,34.5,-39.5,20,0
AL052003,DANNY,2003,07,26,06,00,33.8,-40,20,0
AL052003,DANNY,2003,07,26,12,00,33,-40.5,20,0
AL052003,DANNY,2003,07,26,18,00,32,-41,20,0
AL052003,DANNY,2003,07,27,00,00,31,-42,20,0
AL052003,DANNY,2003,07,27,06,00,31,-43.5,20,0
