id,name,year,month,day,hour,minute,lat,lon,max_sustained_wind_kts,sshws
AL051873,UNNAMED,1873,09,26,00,00,14.7,-62.3,40,0
AL051873,UNNAMED,1873,09,26,06,00,14.8,-63.1,40,0
AL051873,UNNAMED,1873,09,26,12,00,15,-64,50,0
AL051873,UNNAMED,1873,09,26,18,00,15.3,-65.1,50,0
AL051873,UNNAMED,1873,09,27,00,00,15.7,-66.5,60,0
AL051873,UNNAMED,1873,09,27,06,00,16,-67.6,60,0
AL051873,UNNAMED,1873,09,27,12,00,16.2,-69,70,1
AL051873,UNNAMED,1873,09,27,18,00,16.6,-70.1,70,1
AL051873,UNNAMED,1873,09,28,00,00,16.9,-71.1,80,1
AL051873,UNNAMED,1873,09,28,06,00,17.4,-72.3,90,2
AL051873,UNNAMED,1873,09,28,12,00,18,-73,100,3
AL051873,UNNAMED,1873,09,28,18,00,19,-73.9,90,2
AL051873,UNNAMED,1873,09,29,00,00,19.7,-74.5,90,2
AL051873,UNNAMED,1873,09,29,06,00,20.2,-75.5,80,1
AL051873,UNNAMED,1873,09,29,12,00,20.2,-76.5,60,0
AL051873,UNNAMED,1873,09,29,18,00,20.2,-77.1,50,0
AL051873,UNNAMED,1873,09,30,00,00,20.1,-77.8,40,0
AL051873,UNNAMED,1873,09,30,06,00,20,-78.4,40,0
AL051873,UNNAMED,1873,09,30,12,00,20,-79,40,0
AL051873,UNNAMED,1873,09,30,18,00,20.1,-79.6,40,0
AL051873,UNNAMED,1873,10,01,00,00,20.1,-80.1,40,0
AL051873,UNNAMED,1873,10,01,06,00,20.1,-80.6,40,0
AL051873,UNNAMED,1873,10,01,12,00,20,-81,40,0
AL051873,UNNAMED,1873,10,01,18,00,20,-81.4,40,0
AL051873,UNNAMED,1873,10,02,00,00,20,-81.8,50,0
AL051873,UNNAMED,1873,10,02,06,00,20,-82.1,50,0
AL051873,UNNAMED,1873,10,02,12,00,20,-82.5,50,0
AL051873,UNNAMED,1873,10,02,18,00,20,-82.8,50,0
AL051873,UNNAMED,1873,10,03,00,00,20,-83.1,60,0
AL051873,UNNAMED,1873,10,03,06,00,20,-83.6,60,0
AL051873,UNNAMED,1873,10,03,12,00,20,-84,70,1
AL051873,UNNAMED,1873,10,03,18,00,20,-84.6,70,1
AL051873,UNNAMED,1873,10,04,00,00,20,-85.1,70,1
AL051873,UNNAMED,1873,10,04,06,00,20.1,-85.6,70,1
AL051873,UNNAMED,1873,10,04,12,00,20.2,-86,80,1
AL051873,UNNAMED,1873,10,04,18,00,20.4,-86.1,80,1
AL051873,UNNAMED,1873,10,05,00,00,20.8,-86.4,80,1
AL051873,UNNAMED,1873,10,05,06,00,21.2,-86.5,80,1
AL051873,UNNAMED,1873,10,05,12,00,21.5,-86.5,90,2
AL051873,UNNAMED,1873,10,05,18,00,21.9,-86.4,90,2
AL051873,UNNAMED,1873,10,06,00,00,22.4,-86.1,90,2
AL051873,UNNAMED,1873,10,06,06,00,23,-85.9,90,2
AL051873,UNNAMED,1873,10,06,12,00,23.7,-85.5,100,3
AL051873,UNNAMED,1873,10,06,18,00,24.7,-84.1,100,3
AL051873,UNNAMED,1873,10,07,00,00,26.2,-82.5,100,3
AL051873,UNNAMED,1873,10,07,01,00,26.5,-82.2,100,3
AL051873,UNNAMED,1873,10,07,06,00,28.1,-80.3,80,1
AL051873,UNNAMED,1873,10,07,12,00,29.7,-78.6,80,1
AL051873,UNNAMED,1873,10,07,18,00,31.1,-77.1,80,1
AL051873,UNNAMED,1873,10,08,00,00,32.4,-75.6,90,2
AL051873,UNNAMED,1873,10,08,06,00,33.7,-74.1,90,2
AL051873,UNNAMED,1873,10,08,12,00,35,-72.6,80,1
AL051873,UNNAMED,1873,10,08,18,00,36.3,-70.9,80,1
AL051873,UNNAMED,1873,10,09,00,00,37.5,-68.5,70,1
AL051873,UNNAMED,1873,10,09,06,00,38.8,-66.1,70,1
AL051873,UNNAMED,1873,10,09,12,00,39.5,-64.5,60,0
AL051873,UNNAMED,1873,10,09,18,00,40,-63,60,0
AL051873,UNNAMED,1873,10,10,00,00,40.5,-61.5,60,0
AL051873,UNNAMED,1873,10,10,06,00,41,-60,60,0
