AL051875	UNNAMED	1875	10	07	00	00	23.7	-68.5	70	1
AL051875	UNNAMED	1875	10	07	06	00	24.5	-68.8	70	1
AL051875	UNNAMED	1875	10	07	12	00	25	-69	80	1
AL051875	UNNAMED	1875	10	07	18	00	25.8	-69.1	80	1
AL051875	UNNAMED	1875	10	08	00	00	26.5	-69.4	90	2
AL051875	UNNAMED	1875	10	08	06	00	27.1	-69.5	90	2
AL051875	UNNAMED	1875	10	08	12	00	28	-69.5	90	2
AL051875	UNNAMED	1875	10	08	18	00	29.2	-69.3	90	2
AL051875	UNNAMED	1875	10	09	00	00	30.5	-69	80	1
AL051875	UNNAMED	1875	10	09	06	00	31.7	-68.3	80	1
AL051875	UNNAMED	1875	10	09	12	00	33	-67.5	80	1
AL051875	UNNAMED	1875	10	09	18	00	34.8	-66.3	80	1
AL051875	UNNAMED	1875	10	10	00	00	36.7	-65.1	70	1
AL051875	UNNAMED	1875	10	10	06	00	38.5	-63.5	70	1
AL051875	UNNAMED	1875	10	10	12	00	40	-61.5	70	1
AL051875	UNNAMED	1875	10	10	18	00	42	-58.5	70	1
