AL051872	UNNAMED	1872	10	22	00	00	23.4	-89.3	40	0
AL051872	UNNAMED	1872	10	22	06	00	24	-88.3	40	0
AL051872	UNNAMED	1872	10	22	12	00	24.7	-87.3	40	0
AL051872	UNNAMED	1872	10	22	18	00	25.7	-86.2	40	0
AL051872	UNNAMED	1872	10	23	00	00	26.7	-84.8	50	0
AL051872	UNNAMED	1872	10	23	06	00	27.6	-83.3	50	0
AL051872	UNNAMED	1872	10	23	08	00	27.9	-82.7	50	0
AL051872	UNNAMED	1872	10	23	12	00	28.4	-81.8	40	0
AL051872	UNNAMED	1872	10	23	18	00	29	-80.3	40	0
AL051872	UNNAMED	1872	10	24	00	00	30	-79	50	0
AL051872	UNNAMED	1872	10	24	06	00	31.3	-78.5	60	0
AL051872	UNNAMED	1872	10	24	12	00	32.6	-78.2	70	1
AL051872	UNNAMED	1872	10	24	18	00	33.6	-77.9	60	0
AL051872	UNNAMED	1872	10	25	00	00	34.3	-77.7	50	0
AL051872	UNNAMED	1872	10	25	01	00	34.4	-77.7	50	0
AL051872	UNNAMED	1872	10	25	06	00	35	-77.5	50	0
AL051872	UNNAMED	1872	10	25	12	00	35.7	-77.2	40	0
AL051872	UNNAMED	1872	10	25	18	00	36.5	-76.9	40	0
AL051872	UNNAMED	1872	10	26	00	00	37.5	-76.5	40	0
AL051872	UNNAMED	1872	10	26	06	00	38.6	-75.8	40	0
AL051872	UNNAMED	1872	10	26	12	00	39.7	-74.8	40	0
AL051872	UNNAMED	1872	10	26	18	00	40.6	-73.8	40	0
AL051872	UNNAMED	1872	10	27	00	00	41.3	-72.6	40	0
AL051872	UNNAMED	1872	10	27	06	00	41.8	-71.3	40	0
AL051872	UNNAMED	1872	10	27	12	00	42.4	-69.2	40	0
AL051872	UNNAMED	1872	10	27	18	00	42.9	-67.2	40	0
AL051872	UNNAMED	1872	10	28	00	00	43.6	-65	40	0
AL051872	UNNAMED	1872	10	28	06	00	44.5	-62.5	40	0
