id,name,year,month,day,hour,minute,lat,lon,max_sustained_wind_kts,sshws
AL052007,ERIN,2007,08,15,00,00,23.7,-90.7,25,0
AL052007,ERIN,2007,08,15,06,00,24.5,-91.8,25,0
AL052007,ERIN,2007,08,15,12,00,25.2,-92.9,30,0
AL052007,ERIN,2007,08,15,18,00,25.8,-94,35,0
AL052007,ERIN,2007,08,16,00,00,26.3,-95.2,35,0
AL052007,ERIN,2007,08,16,06,00,27.2,-96.2,35,0
AL052007,ERIN,2007,08,16,10,30,28,-96.9,30,0
AL052007,ERIN,2007,08,16,12,00,28.1,-97.1,30,0
AL052007,ERIN,2007,08,16,18,00,28.8,-97.8,25,0
AL052007,ERIN,2007,08,17,00,00,29.4,-98.6,25,0
AL052007,ERIN,2007,08,17,06,00,30,-99.5,25,0
AL052007,ERIN,2007,08,17,12,00,30.5,-100.6,20,0
AL052007,ERIN,2007,08,17,18,00,31.1,-101.4,20,0
AL052007,ERIN,2007,08,18,00,00,31.8,-101.8,20,0
AL052007,ERIN,2007,08,18,06,00,32.5,-101.8,20,0
AL052007,ERIN,2007,08,18,12,00,33.2,-101.5,20,0
AL052007,ERIN,2007,08,18,18,00,34,-101,20,0
AL052007,ERIN,2007,08,19,00,00,34.8,-100.1,25,0
AL052007,ERIN,2007,08,19,06,00,35.6,-98.8,50,0
AL052007,ERIN,2007,08,19,12,00,35.6,-97.7,35,0
AL052007,ERIN,2007,08,19,18,00,35.9,-96.5,20,0
