id,name,year,month,day,hour,minute,lat,lon,max_sustained_wind_kts,sshws
AL051945,UNNAMED,1945,08,24,00,00,20.5,-94.4,40,0
AL051945,UNNAMED,1945,08,24,06,00,21.3,-94.7,45,0
AL051945,UNNAMED,1945,08,24,12,00,22,-95,50,0
AL051945,UNNAMED,1945,08,24,18,00,22.6,-95.3,55,0
AL051945,UNNAMED,1945,08,25,00,00,23.3,-95.6,60,0
AL051945,UNNAMED,1945,08,25,06,00,24,-95.8,70,1
AL051945,UNNAMED,1945,08,25,12,00,24.7,-96,80,1
AL051945,UNNAMED,1945,08,25,18,00,25.3,-96.2,85,2
AL051945,UNNAMED,1945,08,26,00,00,25.9,-96.4,90,2
AL051945,UNNAMED,1945,08,26,06,00,26.5,-96.6,95,2
AL051945,UNNAMED,1945,08,26,12,00,27,-96.8,100,3
AL051945,UNNAMED,1945,08,26,18,00,27.3,-96.9,100,3
AL051945,UNNAMED,1945,08,27,00,00,27.5,-97,100,3
AL051945,UNNAMED,1945,08,27,06,00,27.8,-97,100,3
AL051945,UNNAMED,1945,08,27,12,00,28.2,-96.7,100,3
AL051945,UNNAMED,1945,08,27,18,00,28.6,-96.3,90,2
AL051945,UNNAMED,1945,08,28,00,00,28.9,-96.1,75,1
AL051945,UNNAMED,1945,08,28,06,00,29.4,-96,65,1
AL051945,UNNAMED,1945,08,28,12,00,29.9,-96.1,50,0
AL051945,UNNAMED,1945,08,28,18,00,30.5,-96.3,40,0
AL051945,UNNAMED,1945,08,29,00,00,31,-96.6,35,0
AL051945,UNNAMED,1945,08,29,06,00,31.5,-97.1,30,0
AL051945,UNNAMED,1945,08,29,12,00,31.8,-97.5,25,0
AL051945,UNNAMED,1945,08,29,18,00,32.1,-97.9,20,0
