AL051922	UNNAMED	1922	10	12	00	00	16.5	-84.5	25	0
AL051922	UNNAMED	1922	10	12	06	00	16.5	-84.2	25	0
AL051922	UNNAMED	1922	10	12	12	00	16.5	-84	25	0
AL051922	UNNAMED	1922	10	12	18	00	16.7	-83.7	25	0
AL051922	UNNAMED	1922	10	13	00	00	17	-83.4	30	0
AL051922	UNNAMED	1922	10	13	06	00	17.4	-83.1	30	0
AL051922	UNNAMED	1922	10	13	12	00	18	-83	35	0
AL051922	UNNAMED	1922	10	13	18	00	19	-83	35	0
AL051922	UNNAMED	1922	10	14	00	00	20.2	-83	35	0
AL051922	UNNAMED	1922	10	14	06	00	21.5	-83	35	0
AL051922	UNNAMED	1922	10	14	12	00	22.8	-83	35	0
AL051922	UNNAMED	1922	10	14	18	00	24.2	-83.4	40	0
AL051922	UNNAMED	1922	10	15	00	00	25.3	-84	45	0
AL051922	UNNAMED	1922	10	15	06	00	26.1	-84.7	45	0
AL051922	UNNAMED	1922	10	15	12	00	26.6	-85.3	45	0
AL051922	UNNAMED	1922	10	15	18	00	27	-85.8	45	0
AL051922	UNNAMED	1922	10	16	00	00	27.3	-86.3	45	0
AL051922	UNNAMED	1922	10	16	06	00	27.6	-86.8	40	0
AL051922	UNNAMED	1922	10	16	12	00	28	-87.2	35	0
AL051922	UNNAMED	1922	10	16	18	00	28.6	-87.5	30	0
AL051922	UNNAMED	1922	10	17	00	00	29.3	-87.7	30	0
AL051922	UNNAMED	1922	10	17	06	00	30	-87.8	25	0
AL051922	UNNAMED	1922	10	17	12	00	30.8	-87.9	25	0
AL051922	UNNAMED	1922	10	17	18	00	31.6	-88	25	0
