AL051984	UNNAMED	1984	08	18	06	00	33	-65	25	0
AL051984	UNNAMED	1984	08	18	12	00	33.9	-63.1	25	0
AL051984	UNNAMED	1984	08	18	18	00	34.7	-61.3	30	0
AL051984	UNNAMED	1984	08	19	00	00	35.5	-59.5	30	0
AL051984	UNNAMED	1984	08	19	06	00	36.5	-58	30	0
AL051984	UNNAMED	1984	08	19	12	00	38	-56.4	35	0
AL051984	UNNAMED	1984	08	19	18	00	39.6	-54.8	35	0
AL051984	UNNAMED	1984	08	20	00	00	41.2	-53.2	40	0
AL051984	UNNAMED	1984	08	20	06	00	42.5	-50.8	45	0
AL051984	UNNAMED	1984	08	20	12	00	43.7	-48.3	50	0
AL051984	UNNAMED	1984	08	20	18	00	45.1	-46	50	0
AL051984	UNNAMED	1984	08	21	00	00	46.8	-44	45	0
AL051984	UNNAMED	1984	08	21	06	00	47.9	-41.1	40	0
AL051984	UNNAMED	1984	08	21	12	00	48.5	-38	30	0
