AL051986	CHARLEY	1986	08	13	12	00	30.1	-84	10	0
AL051986	CHARLEY	1986	08	13	18	00	30.8	-84	10	0
AL051986	CHARLEY	1986	08	14	00	00	31.4	-83.6	10	0
AL051986	CHARLEY	1986	08	14	06	00	32	-83.1	10	0
AL051986	CHARLEY	1986	08	14	12	00	32.5	-82.5	10	0
AL051986	CHARLEY	1986	08	14	18	00	32.4	-82	10	0
AL051986	CHARLEY	1986	08	15	00	00	32.3	-81.2	15	0
AL051986	CHARLEY	1986	08	15	06	00	32.3	-80	15	0
AL051986	CHARLEY	1986	08	15	12	00	32.2	-79	30	0
AL051986	CHARLEY	1986	08	15	18	00	32.2	-78.5	35	0
AL051986	CHARLEY	1986	08	16	00	00	32.3	-78.1	40	0
AL051986	CHARLEY	1986	08	16	06	00	32.4	-77.9	40	0
AL051986	CHARLEY	1986	08	16	12	00	32.6	-77.6	45	0
AL051986	CHARLEY	1986	08	16	18	00	32.9	-77.4	50	0
AL051986	CHARLEY	1986	08	17	00	00	33.2	-77.1	55	0
AL051986	CHARLEY	1986	08	17	06	00	33.7	-76.9	60	0
AL051986	CHARLEY	1986	08	17	12	00	34.4	-76.6	65	1
AL051986	CHARLEY	1986	08	17	14	00	34.7	-76.5	65	1
AL051986	CHARLEY	1986	08	17	18	00	35.4	-76.2	65	1
AL051986	CHARLEY	1986	08	18	00	00	36.5	-75.8	70	1
AL051986	CHARLEY	1986	08	18	06	00	37.4	-75.2	65	1
AL051986	CHARLEY	1986	08	18	12	00	38.2	-74.1	60	0
AL051986	CHARLEY	1986	08	18	18	00	39	-72.6	60	0
AL051986	CHARLEY	1986	08	19	00	00	39.7	-70.9	55	0
AL051986	CHARLEY	1986	08	19	06	00	40.4	-69.1	50	0
AL051986	CHARLEY	1986	08	19	12	00	40.9	-67.5	45	0
AL051986	CHARLEY	1986	08	19	18	00	41.3	-65.8	45	0
AL051986	CHARLEY	1986	08	20	00	00	41.5	-64	40	0
AL051986	CHARLEY	1986	08	20	06	00	41.6	-62.5	40	0
AL051986	CHARLEY	1986	08	20	12	00	41.7	-60.2	40	0
AL051986	CHARLEY	1986	08	20	18	00	41.7	-58.4	40	0
AL051986	CHARLEY	1986	08	21	00	00	41.6	-56.6	40	0
AL051986	CHARLEY	1986	08	21	06	00	41.5	-54.8	40	0
AL051986	CHARLEY	1986	08	21	12	00	41.4	-53.2	40	0
AL051986	CHARLEY	1986	08	21	18	00	41.3	-51.2	45	0
AL051986	CHARLEY	1986	08	22	00	00	41.3	-49.4	45	0
AL051986	CHARLEY	1986	08	22	06	00	41.3	-47.6	45	0
AL051986	CHARLEY	1986	08	22	12	00	41.4	-46.2	45	0
AL051986	CHARLEY	1986	08	22	18	00	41.5	-44.8	45	0
AL051986	CHARLEY	1986	08	23	00	00	41.8	-43.2	45	0
AL051986	CHARLEY	1986	08	23	06	00	42.3	-41.6	45	0
AL051986	CHARLEY	1986	08	23	12	00	43	-39.6	45	0
AL051986	CHARLEY	1986	08	23	18	00	43.9	-37.2	45	0
AL051986	CHARLEY	1986	08	24	00	00	44.9	-34.4	45	0
AL051986	CHARLEY	1986	08	24	06	00	46	-31.6	40	0
AL051986	CHARLEY	1986	08	24	12	00	47	-28.8	40	0
AL051986	CHARLEY	1986	08	24	18	00	48.2	-26	40	0
AL051986	CHARLEY	1986	08	25	00	00	49.2	-21.6	40	0
AL051986	CHARLEY	1986	08	25	06	00	50	-16.4	40	0
AL051986	CHARLEY	1986	08	25	12	00	50.7	-11.4	40	0
AL051986	CHARLEY	1986	08	25	18	00	51.4	-7.2	50	0
AL051986	CHARLEY	1986	08	26	00	00	52.2	-4.4	45	0
AL051986	CHARLEY	1986	08	26	06	00	52.9	-2	45	0
AL051986	CHARLEY	1986	08	26	12	00	53.6	0	45	0
AL051986	CHARLEY	1986	08	26	18	00	54.3	2	45	0
AL051986	CHARLEY	1986	08	27	00	00	55	3.7	45	0
AL051986	CHARLEY	1986	08	27	06	00	55.5	5	45	0
AL051986	CHARLEY	1986	08	27	12	00	56	5.8	35	0
AL051986	CHARLEY	1986	08	27	18	00	56.3	6	35	0
AL051986	CHARLEY	1986	08	28	00	00	56.6	6	35	0
AL051986	CHARLEY	1986	08	28	06	00	56.8	6	35	0
AL051986	CHARLEY	1986	08	28	12	00	57	6	30	0
AL051986	CHARLEY	1986	08	28	18	00	57	5.5	30	0
AL051986	CHARLEY	1986	08	29	00	00	57	5	25	0
AL051986	CHARLEY	1986	08	29	06	00	56.8	5	20	0
AL051986	CHARLEY	1986	08	29	12	00	56.5	5	20	0
AL051986	CHARLEY	1986	08	29	18	00	56.2	6	15	0
AL051986	CHARLEY	1986	08	30	00	00	56.2	8	15	0
