AL051926	UNNAMED	1926	09	10	06	00	25.6	-54.3	60	0
AL051926	UNNAMED	1926	09	10	12	00	26	-54.5	65	1
AL051926	UNNAMED	1926	09	10	18	00	26.4	-54.7	70	1
AL051926	UNNAMED	1926	09	11	00	00	26.8	-54.9	70	1
AL051926	UNNAMED	1926	09	11	06	00	27.3	-55	75	1
AL051926	UNNAMED	1926	09	11	12	00	27.9	-55.1	75	1
AL051926	UNNAMED	1926	09	11	18	00	28.7	-55.2	80	1
AL051926	UNNAMED	1926	09	12	00	00	29.5	-55.3	85	2
AL051926	UNNAMED	1926	09	12	06	00	30.3	-55.3	90	2
AL051926	UNNAMED	1926	09	12	12	00	31	-55.3	90	2
AL051926	UNNAMED	1926	09	12	18	00	31.4	-55.2	90	2
AL051926	UNNAMED	1926	09	13	00	00	31.8	-55	90	2
AL051926	UNNAMED	1926	09	13	06	00	32.2	-54.8	80	1
AL051926	UNNAMED	1926	09	13	12	00	32.5	-54.5	80	1
AL051926	UNNAMED	1926	09	13	18	00	32.7	-54.1	70	1
AL051926	UNNAMED	1926	09	14	00	00	32.7	-53.7	60	0
AL051926	UNNAMED	1926	09	14	06	00	32.5	-53.2	50	0
AL051926	UNNAMED	1926	09	14	12	00	32.1	-52.7	40	0
AL051926	UNNAMED	1926	09	14	18	00	31.7	-52.2	30	0
