AL051985	ELENA	1985	08	28	00	00	19.8	-74	30	0
AL051985	ELENA	1985	08	28	06	00	20.8	-76	30	0
AL051985	ELENA	1985	08	28	12	00	21.8	-78	30	0
AL051985	ELENA	1985	08	28	18	00	22.6	-80	45	0
AL051985	ELENA	1985	08	29	00	00	23.2	-81.8	50	0
AL051985	ELENA	1985	08	29	06	00	24	-83.5	55	0
AL051985	ELENA	1985	08	29	12	00	25	-85	65	1
AL051985	ELENA	1985	08	29	18	00	25.9	-85.8	70	1
AL051985	ELENA	1985	08	30	00	00	26.6	-86.6	75	1
AL051985	ELENA	1985	08	30	06	00	27.3	-87.2	80	1
AL051985	ELENA	1985	08	30	12	00	27.9	-87.3	90	2
AL051985	ELENA	1985	08	30	18	00	28.3	-86.8	90	2
AL051985	ELENA	1985	08	31	00	00	28.4	-86	90	2
AL051985	ELENA	1985	08	31	06	00	28.6	-85.3	90	2
AL051985	ELENA	1985	08	31	12	00	28.8	-84.4	90	2
AL051985	ELENA	1985	08	31	18	00	28.8	-84	90	2
AL051985	ELENA	1985	09	01	00	00	28.8	-83.8	95	2
AL051985	ELENA	1985	09	01	06	00	28.6	-83.9	100	3
AL051985	ELENA	1985	09	01	12	00	28.6	-84.2	105	3
AL051985	ELENA	1985	09	01	18	00	28.9	-84.8	110	3
AL051985	ELENA	1985	09	02	00	00	29.4	-85.9	110	3
AL051985	ELENA	1985	09	02	06	00	29.7	-87.3	105	3
AL051985	ELENA	1985	09	02	12	00	30.2	-88.8	100	3
AL051985	ELENA	1985	09	02	13	00	30.4	-89.2	100	3
AL051985	ELENA	1985	09	02	18	00	31	-90.4	60	0
AL051985	ELENA	1985	09	03	00	00	31.9	-91.8	45	0
AL051985	ELENA	1985	09	03	06	00	32.4	-92.8	30	0
AL051985	ELENA	1985	09	03	12	00	33.2	-93.7	25	0
AL051985	ELENA	1985	09	03	18	00	34.5	-94	25	0
AL051985	ELENA	1985	09	04	00	00	35.9	-93.9	20	0
AL051985	ELENA	1985	09	04	06	00	37	-93.2	20	0
AL051985	ELENA	1985	09	04	12	00	38	-92.5	20	0
AL051985	ELENA	1985	09	04	18	00	38.8	-91.4	20	0
