id,name,year,month,day,hour,minute,lat,lon,max_sustained_wind_kts,sshws
AL051901,UNNAMED,1901,08,18,12,00,11.5,-53,30,0
AL051901,UNNAMED,1901,08,18,18,00,11.6,-54,30,0
AL051901,UNNAMED,1901,08,19,00,00,11.7,-54.8,30,0
AL051901,UNNAMED,1901,08,19,06,00,11.9,-55.7,30,0
AL051901,UNNAMED,1901,08,19,12,00,12,-56.7,35,0
AL051901,UNNAMED,1901,08,19,18,00,12.1,-57.7,35,0
AL051901,UNNAMED,1901,08,20,00,00,12.2,-58.6,40,0
AL051901,UNNAMED,1901,08,20,06,00,12.2,-59.5,40,0
AL051901,UNNAMED,1901,08,20,12,00,12.3,-60.3,45,0
AL051901,UNNAMED,1901,08,20,18,00,12.3,-61.2,45,0
AL051901,UNNAMED,1901,08,21,00,00,12.4,-62.2,40,0
AL051901,UNNAMED,1901,08,21,06,00,12.4,-63.3,35,0
AL051901,UNNAMED,1901,08,21,12,00,12.5,-64.5,30,0
AL051901,UNNAMED,1901,08,21,18,00,12.6,-65.8,30,0
AL051901,UNNAMED,1901,08,22,00,00,12.6,-67.1,25,0
AL051901,UNNAMED,1901,08,22,06,00,12.6,-68.3,25,0
AL051901,UNNAMED,1901,08,22,12,00,12.7,-69.5,25,0
AL051901,UNNAMED,1901,08,22,18,00,12.8,-71,25,0
