id,name,year,month,day,hour,minute,lat,lon,max_sustained_wind_kts,sshws
AL051896,UNNAMED,1896,10,07,00,00,22.5,-91.2,35,0
AL051896,UNNAMED,1896,10,07,06,00,23,-90.2,40,0
AL051896,UNNAMED,1896,10,07,12,00,23.4,-89.2,45,0
AL051896,UNNAMED,1896,10,07,18,00,23.6,-88.2,50,0
AL051896,UNNAMED,1896,10,08,00,00,23.9,-87.3,50,0
AL051896,UNNAMED,1896,10,08,06,00,24.2,-86.3,50,0
AL051896,UNNAMED,1896,10,08,12,00,24.8,-85.2,50,0
AL051896,UNNAMED,1896,10,08,18,00,25.5,-83.9,50,0
AL051896,UNNAMED,1896,10,09,00,00,26.2,-82.5,50,0
AL051896,UNNAMED,1896,10,09,02,00,26.4,-82,50,0
AL051896,UNNAMED,1896,10,09,06,00,27,-81.1,40,0
AL051896,UNNAMED,1896,10,09,12,00,27.8,-80,35,0
AL051896,UNNAMED,1896,10,09,18,00,28.6,-79.1,45,0
AL051896,UNNAMED,1896,10,10,00,00,29.4,-78.2,50,0
AL051896,UNNAMED,1896,10,10,06,00,30.2,-77.4,55,0
AL051896,UNNAMED,1896,10,10,12,00,31,-76.7,60,0
AL051896,UNNAMED,1896,10,10,18,00,31.8,-76,65,1
AL051896,UNNAMED,1896,10,11,00,00,32.7,-75.3,75,1
AL051896,UNNAMED,1896,10,11,06,00,33.5,-74.7,85,2
AL051896,UNNAMED,1896,10,11,12,00,34.3,-73.9,85,2
AL051896,UNNAMED,1896,10,11,18,00,35.1,-73.1,85,2
AL051896,UNNAMED,1896,10,12,00,00,35.8,-72.3,85,2
AL051896,UNNAMED,1896,10,12,06,00,36.6,-71.4,85,2
AL051896,UNNAMED,1896,10,12,12,00,37.3,-70.6,85,2
AL051896,UNNAMED,1896,10,12,18,00,38,-69.8,85,2
AL051896,UNNAMED,1896,10,13,00,00,38.6,-68.9,80,1
AL051896,UNNAMED,1896,10,13,06,00,39.3,-68,75,1
AL051896,UNNAMED,1896,10,13,12,00,40,-67.2,70,1
AL051896,UNNAMED,1896,10,13,18,00,40.8,-66.4,65,1
AL051896,UNNAMED,1896,10,14,00,00,41.6,-65.7,60,0
AL051896,UNNAMED,1896,10,14,06,00,42.4,-64.9,55,0
AL051896,UNNAMED,1896,10,14,12,00,43.2,-64.2,50,0
AL051896,UNNAMED,1896,10,14,18,00,44,-63.5,45,0
AL051896,UNNAMED,1896,10,15,00,00,44.9,-62.9,40,0
AL051896,UNNAMED,1896,10,15,06,00,45.8,-62.2,35,0
AL051896,UNNAMED,1896,10,15,12,00,46.7,-61.5,35,0
AL051896,UNNAMED,1896,10,15,18,00,48.1,-60,35,0
AL051896,UNNAMED,1896,10,16,00,00,50.2,-57,35,0
AL051896,UNNAMED,1896,10,16,06,00,52.8,-52.8,35,0
AL051896,UNNAMED,1896,10,16,12,00,55.7,-48.2,35,0
