AL051958	ELLA	1958	08	30	06	00	13.7	-56.6	30	0
AL051958	ELLA	1958	08	30	12	00	14	-59.6	35	0
AL051958	ELLA	1958	08	30	18	00	15.4	-62	35	0
AL051958	ELLA	1958	08	31	00	00	16.1	-64	35	0
AL051958	ELLA	1958	08	31	06	00	16.2	-65.6	50	0
AL051958	ELLA	1958	08	31	12	00	16.3	-67.2	65	1
AL051958	ELLA	1958	08	31	18	00	16.5	-69.3	85	2
AL051958	ELLA	1958	09	01	00	00	16.9	-71.1	95	2
AL051958	ELLA	1958	09	01	06	00	17.6	-72.4	95	2
AL051958	ELLA	1958	09	01	12	00	18.4	-73.7	95	2
AL051958	ELLA	1958	09	01	18	00	19.2	-75	95	2
AL051958	ELLA	1958	09	02	00	00	20	-76.3	100	3
AL051958	ELLA	1958	09	02	06	00	20.6	-77.2	70	1
AL051958	ELLA	1958	09	02	12	00	21	-78	60	0
AL051958	ELLA	1958	09	02	18	00	21.4	-79.1	45	0
AL051958	ELLA	1958	09	03	00	00	21.8	-80.2	45	0
AL051958	ELLA	1958	09	03	06	00	21.9	-81.1	45	0
AL051958	ELLA	1958	09	03	12	00	22	-82	55	0
AL051958	ELLA	1958	09	03	18	00	22.3	-83.2	60	0
AL051958	ELLA	1958	09	04	00	00	22.7	-84.5	60	0
AL051958	ELLA	1958	09	04	06	00	22.9	-85.6	60	0
AL051958	ELLA	1958	09	04	12	00	23.2	-86.7	60	0
AL051958	ELLA	1958	09	04	18	00	23.9	-88.1	60	0
AL051958	ELLA	1958	09	05	00	00	24.6	-89.5	60	0
AL051958	ELLA	1958	09	05	06	00	25.4	-90.8	60	0
AL051958	ELLA	1958	09	05	12	00	26.1	-92.1	60	0
AL051958	ELLA	1958	09	05	18	00	26.6	-93.2	60	0
AL051958	ELLA	1958	09	06	00	00	27	-94.5	55	0
AL051958	ELLA	1958	09	06	06	00	27.5	-96.3	40	0
AL051958	ELLA	1958	09	06	12	00	28.1	-98.2	30	0
AL051958	ELLA	1958	09	06	18	00	28.3	-100.5	30	0
