AL051932	UNNAMED	1932	09	04	00	00	36.8	-47.2	45	0
AL051932	UNNAMED	1932	09	04	06	00	36.9	-48	45	0
AL051932	UNNAMED	1932	09	04	12	00	37	-48.8	50	0
AL051932	UNNAMED	1932	09	04	18	00	37.1	-49.7	55	0
AL051932	UNNAMED	1932	09	05	00	00	37.3	-50.6	55	0
AL051932	UNNAMED	1932	09	05	06	00	37.5	-51.4	60	0
AL051932	UNNAMED	1932	09	05	12	00	37.7	-52	60	0
AL051932	UNNAMED	1932	09	05	18	00	38	-52.6	55	0
AL051932	UNNAMED	1932	09	06	00	00	38.4	-53.2	55	0
AL051932	UNNAMED	1932	09	06	06	00	38.9	-53.8	50	0
AL051932	UNNAMED	1932	09	06	12	00	39.5	-54	50	0
AL051932	UNNAMED	1932	09	06	18	00	40.3	-53.9	45	0
AL051932	UNNAMED	1932	09	07	00	00	41.3	-53.4	40	0
AL051932	UNNAMED	1932	09	07	06	00	42.4	-52.8	35	0
AL051932	UNNAMED	1932	09	07	12	00	43.5	-52	30	0
AL051932	UNNAMED	1932	09	07	18	00	44.7	-51	30	0
