id,name,year,month,day,hour,minute,lat,lon,max_sustained_wind_kts,sshws
AL051893,UNNAMED,1893,08,15,12,00,32.2,-60.4,35,0
AL051893,UNNAMED,1893,08,15,18,00,33.1,-62.1,40,0
AL051893,UNNAMED,1893,08,16,00,00,34.2,-64,45,0
AL051893,UNNAMED,1893,08,16,06,00,35.5,-66.1,55,0
AL051893,UNNAMED,1893,08,16,12,00,37,-67,60,0
AL051893,UNNAMED,1893,08,16,18,00,38.4,-66.1,70,1
AL051893,UNNAMED,1893,08,17,00,00,40.2,-64.7,80,1
AL051893,UNNAMED,1893,08,17,06,00,41.9,-62.7,85,2
AL051893,UNNAMED,1893,08,17,12,00,43.4,-60.8,85,2
AL051893,UNNAMED,1893,08,17,18,00,44.8,-58.8,85,2
AL051893,UNNAMED,1893,08,18,00,00,46.1,-56.8,85,2
AL051893,UNNAMED,1893,08,18,06,00,47.3,-54.7,80,1
AL051893,UNNAMED,1893,08,18,12,00,48.4,-52.5,70,1
AL051893,UNNAMED,1893,08,18,18,00,49.5,-49.7,65,1
AL051893,UNNAMED,1893,08,19,00,00,50.5,-47.4,65,1
AL051893,UNNAMED,1893,08,19,06,00,51.7,-44.5,65,1
