AL051858	UNNAMED	1858	09	22	12	00	21.9	-74	50	0
AL051858	UNNAMED	1858	09	22	18	00	23.2	-74	50	0
AL051858	UNNAMED	1858	09	23	00	00	24.6	-74	60	0
AL051858	UNNAMED	1858	09	23	06	00	26.1	-74	60	0
AL051858	UNNAMED	1858	09	23	12	00	27.9	-74	70	1
AL051858	UNNAMED	1858	09	23	18	00	29.3	-74.1	70	1
AL051858	UNNAMED	1858	09	24	00	00	30.7	-74.1	70	1
AL051858	UNNAMED	1858	09	24	06	00	32.2	-74	70	1
AL051858	UNNAMED	1858	09	24	12	00	33.3	-73.8	80	1
AL051858	UNNAMED	1858	09	24	18	00	33.9	-73.7	80	1
AL051858	UNNAMED	1858	09	25	00	00	34.5	-73.6	80	1
AL051858	UNNAMED	1858	09	25	06	00	35.2	-73.4	80	1
AL051858	UNNAMED	1858	09	25	12	00	35.9	-73.1	80	1
AL051858	UNNAMED	1858	09	25	18	00	36.5	-72.6	80	1
