id,name,year,month,day,hour,minute,lat,lon,max_sustained_wind_kts,sshws
AL051941,UNNAMED,1941,10,03,18,00,21.2,-62.4,40,0
AL051941,UNNAMED,1941,10,04,00,00,22.2,-64,50,0
AL051941,UNNAMED,1941,10,04,06,00,22.8,-65.6,55,0
AL051941,UNNAMED,1941,10,04,12,00,23.4,-67.2,65,1
AL051941,UNNAMED,1941,10,04,18,00,23.6,-68.9,75,1
AL051941,UNNAMED,1941,10,05,00,00,23.8,-70.5,85,2
AL051941,UNNAMED,1941,10,05,06,00,23.9,-72.1,95,2
AL051941,UNNAMED,1941,10,05,12,00,24,-73.6,105,3
AL051941,UNNAMED,1941,10,05,18,00,24.2,-75.4,105,3
AL051941,UNNAMED,1941,10,06,00,00,24.6,-77.3,95,2
AL051941,UNNAMED,1941,10,06,06,00,25.1,-79.1,85,2
AL051941,UNNAMED,1941,10,06,10,00,25.5,-80.2,85,2
AL051941,UNNAMED,1941,10,06,11,00,25.5,-80.3,85,2
AL051941,UNNAMED,1941,10,06,12,00,25.7,-80.8,75,1
AL051941,UNNAMED,1941,10,06,18,00,26.7,-82.4,60,0
AL051941,UNNAMED,1941,10,07,00,00,28,-83.7,70,1
AL051941,UNNAMED,1941,10,07,06,00,29.2,-84.6,80,1
AL051941,UNNAMED,1941,10,07,09,00,29.9,-84.6,80,1
AL051941,UNNAMED,1941,10,07,12,00,30.3,-84.6,70,1
AL051941,UNNAMED,1941,10,07,18,00,31.4,-84.1,60,0
AL051941,UNNAMED,1941,10,08,00,00,32.2,-83.1,45,0
AL051941,UNNAMED,1941,10,08,06,00,32.6,-81.6,40,0
AL051941,UNNAMED,1941,10,08,12,00,33,-80.1,35,0
AL051941,UNNAMED,1941,10,08,18,00,32.9,-79,40,0
AL051941,UNNAMED,1941,10,09,00,00,32.5,-77.7,50,0
AL051941,UNNAMED,1941,10,09,06,00,32,-76.4,50,0
AL051941,UNNAMED,1941,10,09,12,00,31.2,-75.2,50,0
AL051941,UNNAMED,1941,10,09,18,00,30.4,-74.7,50,0
AL051941,UNNAMED,1941,10,10,00,00,29.7,-74.3,50,0
AL051941,UNNAMED,1941,10,10,06,00,29.5,-74.6,50,0
AL051941,UNNAMED,1941,10,10,12,00,29.5,-74.9,50,0
AL051941,UNNAMED,1941,10,10,18,00,29.5,-74.6,50,0
AL051941,UNNAMED,1941,10,11,00,00,29.7,-73.6,50,0
AL051941,UNNAMED,1941,10,11,06,00,29.5,-72.2,50,0
AL051941,UNNAMED,1941,10,11,12,00,29.3,-70.3,45,0
AL051941,UNNAMED,1941,10,11,18,00,29.3,-68.5,45,0
AL051941,UNNAMED,1941,10,12,00,00,29.4,-67.1,45,0
AL051941,UNNAMED,1941,10,12,06,00,29.5,-65.6,40,0
AL051941,UNNAMED,1941,10,12,12,00,29.7,-64.1,40,0
AL051941,UNNAMED,1941,10,12,18,00,30.4,-62.5,40,0
AL051941,UNNAMED,1941,10,13,00,00,31.5,-60.7,40,0
AL051941,UNNAMED,1941,10,13,06,00,33.1,-58.7,35,0
AL051941,UNNAMED,1941,10,13,12,00,35,-56.5,35,0
AL051941,UNNAMED,1941,10,13,18,00,37,-54,35,0
