AL051963	DEBRA	1963	09	19	06	00	14.4	-38.3	25	0
AL051963	DEBRA	1963	09	19	12	00	15	-39.8	25	0
AL051963	DEBRA	1963	09	19	18	00	15.7	-41.2	30	0
AL051963	DEBRA	1963	09	20	00	00	16.4	-42.6	30	0
AL051963	DEBRA	1963	09	20	06	00	17.2	-44	25	0
AL051963	DEBRA	1963	09	20	12	00	17.9	-45.3	25	0
AL051963	DEBRA	1963	09	20	18	00	18.8	-46.7	30	0
AL051963	DEBRA	1963	09	21	00	00	19.9	-47.9	35	0
AL051963	DEBRA	1963	09	21	06	00	20.9	-48.5	40	0
AL051963	DEBRA	1963	09	21	12	00	21.9	-48.8	50	0
AL051963	DEBRA	1963	09	21	18	00	23	-48.9	65	1
AL051963	DEBRA	1963	09	22	00	00	23.8	-48.9	65	1
AL051963	DEBRA	1963	09	22	06	00	24.6	-48.8	65	1
AL051963	DEBRA	1963	09	22	12	00	25.3	-48.7	65	1
AL051963	DEBRA	1963	09	22	18	00	26	-48.5	65	1
AL051963	DEBRA	1963	09	23	00	00	26.6	-48.2	65	1
AL051963	DEBRA	1963	09	23	06	00	27.3	-47.9	55	0
AL051963	DEBRA	1963	09	23	12	00	28	-47.7	50	0
AL051963	DEBRA	1963	09	23	18	00	28.8	-47.5	45	0
AL051963	DEBRA	1963	09	24	00	00	30.2	-47.5	40	0
AL051963	DEBRA	1963	09	24	06	00	31.7	-47.9	35	0
AL051963	DEBRA	1963	09	24	12	00	33.4	-48.4	35	0
AL051963	DEBRA	1963	09	24	18	00	35.4	-48	30	0
