id,name,year,month,day,hour,minute,lat,lon,max_sustained_wind_kts,sshws
AL051997,DANNY,1997,07,16,12,00,27.4,-92.6,25,0
AL051997,DANNY,1997,07,16,18,00,27.5,-92.5,30,0
AL051997,DANNY,1997,07,17,00,00,27.7,-92.3,30,0
AL051997,DANNY,1997,07,17,06,00,27.9,-92,30,0
AL051997,DANNY,1997,07,17,12,00,28.3,-91.4,40,0
AL051997,DANNY,1997,07,17,18,00,28.6,-91,50,0
AL051997,DANNY,1997,07,18,00,00,28.9,-90.2,55,0
AL051997,DANNY,1997,07,18,06,00,29.2,-89.9,65,1
AL051997,DANNY,1997,07,18,09,00,29.3,-89.7,65,1
AL051997,DANNY,1997,07,18,12,00,29.5,-89.4,70,1
AL051997,DANNY,1997,07,18,18,00,29.7,-89,70,1
AL051997,DANNY,1997,07,19,00,00,29.8,-88.4,70,1
AL051997,DANNY,1997,07,19,06,00,30.1,-88.1,65,1
AL051997,DANNY,1997,07,19,10,00,30.2,-88.1,70,1
AL051997,DANNY,1997,07,19,12,00,30.3,-88,70,1
AL051997,DANNY,1997,07,19,18,00,30.4,-87.9,65,1
AL051997,DANNY,1997,07,20,00,00,30.3,-87.6,60,0
AL051997,DANNY,1997,07,20,06,00,30.4,-87.5,45,0
AL051997,DANNY,1997,07,20,12,00,30.6,-87.4,35,0
AL051997,DANNY,1997,07,20,18,00,30.8,-87.4,30,0
AL051997,DANNY,1997,07,21,00,00,31,-87.5,25,0
AL051997,DANNY,1997,07,21,06,00,31.3,-87.6,20,0
AL051997,DANNY,1997,07,21,12,00,31.7,-87.6,20,0
AL051997,DANNY,1997,07,21,18,00,32.1,-87.2,20,0
AL051997,DANNY,1997,07,22,00,00,32.9,-87.1,20,0
AL051997,DANNY,1997,07,22,06,00,33.2,-86.8,20,0
AL051997,DANNY,1997,07,22,12,00,33.4,-86.6,20,0
AL051997,DANNY,1997,07,22,18,00,33.7,-86.3,20,0
AL051997,DANNY,1997,07,23,00,00,34,-86,20,0
AL051997,DANNY,1997,07,23,06,00,34.1,-85.2,20,0
AL051997,DANNY,1997,07,23,12,00,34.2,-84.5,20,0
AL051997,DANNY,1997,07,23,18,00,34.3,-83.7,20,0
AL051997,DANNY,1997,07,24,00,00,34.4,-82.4,20,0
AL051997,DANNY,1997,07,24,06,00,34.6,-80.7,20,0
AL051997,DANNY,1997,07,24,12,00,35.2,-79.2,30,0
AL051997,DANNY,1997,07,24,18,00,36.4,-76.7,40,0
AL051997,DANNY,1997,07,25,00,00,37.5,-73.5,50,0
AL051997,DANNY,1997,07,25,06,00,38.6,-71.6,50,0
AL051997,DANNY,1997,07,25,12,00,40,-70.4,50,0
AL051997,DANNY,1997,07,25,18,00,40.7,-69.9,50,0
AL051997,DANNY,1997,07,26,00,00,40.7,-69.6,45,0
AL051997,DANNY,1997,07,26,06,00,40.4,-68,45,0
AL051997,DANNY,1997,07,26,12,00,40.6,-65.6,40,0
AL051997,DANNY,1997,07,26,18,00,41,-63,40,0
AL051997,DANNY,1997,07,27,00,00,41.7,-60.4,40,0
AL051997,DANNY,1997,07,27,06,00,42.8,-56,40,0
AL051997,DANNY,1997,07,27,12,00,44,-48,30,0
