id,name,year,month,day,hour,minute,lat,lon,max_sustained_wind_kts,sshws
AL051965,DEBBIE,1965,09,24,12,00,17.5,-84.7,25,0
AL051965,DEBBIE,1965,09,24,18,00,18.1,-85,25,0
AL051965,DEBBIE,1965,09,25,00,00,18.6,-85.4,25,0
AL051965,DEBBIE,1965,09,25,06,00,19.1,-85.7,25,0
AL051965,DEBBIE,1965,09,25,12,00,19.6,-86.1,25,0
AL051965,DEBBIE,1965,09,25,18,00,20.1,-86.5,25,0
AL051965,DEBBIE,1965,09,26,00,00,20.5,-86.9,25,0
AL051965,DEBBIE,1965,09,26,06,00,21,-87.3,25,0
AL051965,DEBBIE,1965,09,26,12,00,21.5,-87.7,25,0
AL051965,DEBBIE,1965,09,26,18,00,22,-88.3,25,0
AL051965,DEBBIE,1965,09,27,00,00,22.5,-88.9,25,0
AL051965,DEBBIE,1965,09,27,06,00,23,-89.5,30,0
AL051965,DEBBIE,1965,09,27,12,00,23.5,-90.1,30,0
AL051965,DEBBIE,1965,09,27,18,00,24.1,-90.3,30,0
AL051965,DEBBIE,1965,09,28,00,00,24.8,-90.4,30,0
AL051965,DEBBIE,1965,09,28,06,00,25.7,-90,30,0
AL051965,DEBBIE,1965,09,28,12,00,26.5,-89.7,40,0
AL051965,DEBBIE,1965,09,28,18,00,27.4,-89.2,45,0
AL051965,DEBBIE,1965,09,29,00,00,28.3,-88.7,45,0
AL051965,DEBBIE,1965,09,29,06,00,28.6,-88.6,35,0
AL051965,DEBBIE,1965,09,29,12,00,29,-88.5,35,0
AL051965,DEBBIE,1965,09,29,18,00,29.5,-88.7,30,0
AL051965,DEBBIE,1965,09,30,00,00,30,-88.9,30,0
