id,name,year,month,day,hour,minute,lat,lon,max_sustained_wind_kts,sshws
AL051882,UNNAMED,1882,09,24,00,00,30.3,-76.8,50,0
AL051882,UNNAMED,1882,09,24,06,00,30.8,-76.6,50,0
AL051882,UNNAMED,1882,09,24,12,00,31.3,-76.3,50,0
AL051882,UNNAMED,1882,09,24,18,00,31.6,-76,50,0
AL051882,UNNAMED,1882,09,25,00,00,31.9,-75.6,60,0
AL051882,UNNAMED,1882,09,25,06,00,32.2,-75.4,60,0
AL051882,UNNAMED,1882,09,25,12,00,32.5,-75,70,1
AL051882,UNNAMED,1882,09,25,18,00,33,-74.1,70,1
AL051882,UNNAMED,1882,09,26,00,00,33.7,-73.3,70,1
AL051882,UNNAMED,1882,09,26,06,00,34.2,-72.3,70,1
AL051882,UNNAMED,1882,09,26,12,00,34.7,-71,70,1
AL051882,UNNAMED,1882,09,26,18,00,35.5,-69.5,70,1
AL051882,UNNAMED,1882,09,27,00,00,36.4,-67.6,70,1
AL051882,UNNAMED,1882,09,27,06,00,37.2,-65.5,70,1
AL051882,UNNAMED,1882,09,27,12,00,38,-63.3,70,1
AL051882,UNNAMED,1882,09,27,18,00,38.7,-60.4,70,1
AL051882,UNNAMED,1882,09,28,00,00,39.2,-57,70,1
AL051882,UNNAMED,1882,09,28,06,00,39.3,-53.8,70,1
AL051882,UNNAMED,1882,09,28,12,00,39.5,-51,70,1
AL051882,UNNAMED,1882,09,28,18,00,39.5,-48,70,1
