id,name,year,month,day,hour,minute,lat,lon,max_sustained_wind_kts,sshws
AL051903,UNNAMED,1903,09,19,00,00,20.8,-71.6,30,0
AL051903,UNNAMED,1903,09,19,06,00,21.3,-71.7,30,0
AL051903,UNNAMED,1903,09,19,12,00,21.7,-71.7,30,0
AL051903,UNNAMED,1903,09,19,18,00,22,-71.7,30,0
AL051903,UNNAMED,1903,09,20,00,00,22.3,-71.7,30,0
AL051903,UNNAMED,1903,09,20,06,00,22.6,-71.7,30,0
AL051903,UNNAMED,1903,09,20,12,00,23,-71.7,30,0
AL051903,UNNAMED,1903,09,20,18,00,23.5,-71.8,30,0
AL051903,UNNAMED,1903,09,21,00,00,24.1,-72,30,0
AL051903,UNNAMED,1903,09,21,06,00,24.6,-72.2,30,0
AL051903,UNNAMED,1903,09,21,12,00,25,-72.5,30,0
AL051903,UNNAMED,1903,09,21,18,00,25.5,-72.7,30,0
AL051903,UNNAMED,1903,09,22,00,00,26,-72.9,30,0
AL051903,UNNAMED,1903,09,22,06,00,26.5,-73.1,30,0
AL051903,UNNAMED,1903,09,22,12,00,27,-73.3,35,0
AL051903,UNNAMED,1903,09,22,18,00,27.5,-73.5,35,0
AL051903,UNNAMED,1903,09,23,00,00,27.9,-73.6,40,0
AL051903,UNNAMED,1903,09,23,06,00,28.5,-73.6,40,0
AL051903,UNNAMED,1903,09,23,12,00,29,-73.7,45,0
AL051903,UNNAMED,1903,09,23,18,00,30,-73.9,45,0
AL051903,UNNAMED,1903,09,24,00,00,31.4,-74,50,0
AL051903,UNNAMED,1903,09,24,06,00,32.8,-73.8,50,0
AL051903,UNNAMED,1903,09,24,12,00,34,-73,50,0
AL051903,UNNAMED,1903,09,24,18,00,34.7,-71.6,50,0
AL051903,UNNAMED,1903,09,25,00,00,35.1,-70.4,50,0
AL051903,UNNAMED,1903,09,25,06,00,35.4,-69,45,0
AL051903,UNNAMED,1903,09,25,12,00,35.5,-67.5,45,0
AL051903,UNNAMED,1903,09,25,18,00,36,-65.3,40,0
AL051903,UNNAMED,1903,09,26,00,00,36.7,-62.7,35,0
AL051903,UNNAMED,1903,09,26,06,00,37.3,-60.1,30,0
AL051903,UNNAMED,1903,09,26,12,00,37.8,-57.5,25,0
AL051903,UNNAMED,1903,09,26,18,00,38.2,-55.6,25,0
