AL051993	EMILY	1993	08	22	18	00	19.9	-52.6	30	0
AL051993	EMILY	1993	08	23	00	00	20.5	-53.6	30	0
AL051993	EMILY	1993	08	23	06	00	21.3	-54.8	30	0
AL051993	EMILY	1993	08	23	12	00	22.3	-56	30	0
AL051993	EMILY	1993	08	23	18	00	23.2	-57.1	30	0
AL051993	EMILY	1993	08	24	00	00	24.3	-57.8	30	0
AL051993	EMILY	1993	08	24	06	00	25.4	-58.6	30	0
AL051993	EMILY	1993	08	24	12	00	26.7	-59.5	30	0
AL051993	EMILY	1993	08	24	18	00	27.6	-60	30	0
AL051993	EMILY	1993	08	25	00	00	28	-60.3	30	0
AL051993	EMILY	1993	08	25	06	00	27.9	-60.5	30	0
AL051993	EMILY	1993	08	25	12	00	28	-60.4	35	0
AL051993	EMILY	1993	08	25	18	00	28.2	-60.4	40	0
AL051993	EMILY	1993	08	26	00	00	28.3	-60.7	45	0
AL051993	EMILY	1993	08	26	06	00	27.9	-61	55	0
AL051993	EMILY	1993	08	26	12	00	27.4	-61.2	60	0
AL051993	EMILY	1993	08	26	18	00	26.9	-61.7	65	1
AL051993	EMILY	1993	08	27	00	00	26.6	-62.4	60	0
AL051993	EMILY	1993	08	27	06	00	26.4	-63	60	0
AL051993	EMILY	1993	08	27	12	00	26.3	-63.5	60	0
AL051993	EMILY	1993	08	27	18	00	26.4	-64.4	65	1
AL051993	EMILY	1993	08	28	00	00	26.6	-65.2	75	1
AL051993	EMILY	1993	08	28	06	00	27	-66.1	75	1
AL051993	EMILY	1993	08	28	12	00	27.4	-66.9	75	1
AL051993	EMILY	1993	08	28	18	00	28	-67.6	75	1
AL051993	EMILY	1993	08	29	00	00	28.6	-68.2	70	1
AL051993	EMILY	1993	08	29	06	00	29.3	-68.8	70	1
AL051993	EMILY	1993	08	29	12	00	30	-69.2	70	1
AL051993	EMILY	1993	08	29	18	00	30.6	-69.7	70	1
AL051993	EMILY	1993	08	30	00	00	31.2	-70.2	70	1
AL051993	EMILY	1993	08	30	06	00	31.5	-70.8	70	1
AL051993	EMILY	1993	08	30	12	00	31.8	-71.4	75	1
AL051993	EMILY	1993	08	30	18	00	32	-72.2	75	1
AL051993	EMILY	1993	08	31	00	00	32.4	-73	80	1
AL051993	EMILY	1993	08	31	06	00	32.9	-73.8	85	2
AL051993	EMILY	1993	08	31	12	00	33.6	-74.7	95	2
AL051993	EMILY	1993	08	31	18	00	34.5	-75.2	100	3
AL051993	EMILY	1993	08	31	21	00	35.2	-75.1	100	3
AL051993	EMILY	1993	09	01	00	00	35.6	-74.9	100	3
AL051993	EMILY	1993	09	01	06	00	36.6	-74.4	100	3
AL051993	EMILY	1993	09	01	12	00	37.5	-72.7	95	2
AL051993	EMILY	1993	09	01	18	00	38.2	-70.7	90	2
AL051993	EMILY	1993	09	02	00	00	39	-68.5	90	2
AL051993	EMILY	1993	09	02	06	00	39.2	-66	90	2
AL051993	EMILY	1993	09	02	12	00	39.2	-63.6	90	2
AL051993	EMILY	1993	09	02	18	00	39	-61.4	85	2
AL051993	EMILY	1993	09	03	00	00	38.6	-59.6	80	1
AL051993	EMILY	1993	09	03	06	00	38.1	-58.3	75	1
AL051993	EMILY	1993	09	03	12	00	37.5	-57.7	70	1
AL051993	EMILY	1993	09	03	18	00	36.9	-57.5	60	0
AL051993	EMILY	1993	09	04	00	00	36.4	-57.6	50	0
AL051993	EMILY	1993	09	04	06	00	36	-57.6	40	0
AL051993	EMILY	1993	09	04	12	00	35.8	-57.5	35	0
AL051993	EMILY	1993	09	04	18	00	36.1	-57.2	30	0
AL051993	EMILY	1993	09	05	00	00	36.7	-56.9	30	0
AL051993	EMILY	1993	09	05	06	00	37.4	-56.4	30	0
AL051993	EMILY	1993	09	05	12	00	38	-55.7	25	0
AL051993	EMILY	1993	09	05	18	00	38.7	-54.8	25	0
AL051993	EMILY	1993	09	06	00	00	39	-53	25	0
AL051993	EMILY	1993	09	06	06	00	39.3	-51.1	25	0
AL051993	EMILY	1993	09	06	12	00	39.8	-49.4	25	0
