id,name,year,month,day,hour,minute,lat,lon,max_sustained_wind_kts,sshws
AL051991,UNNAMED,1991,08,28,12,00,10.5,-30.8,25,0
AL051991,UNNAMED,1991,08,28,18,00,10.7,-32.4,30,0
AL051991,UNNAMED,1991,08,29,00,00,10.9,-34,30,0
AL051991,UNNAMED,1991,08,29,06,00,11,-35.6,30,0
AL051991,UNNAMED,1991,08,29,12,00,11.2,-37.3,30,0
AL051991,UNNAMED,1991,08,29,18,00,11.3,-38.9,30,0
AL051991,UNNAMED,1991,08,30,00,00,11.4,-40.5,30,0
AL051991,UNNAMED,1991,08,30,06,00,11.5,-42.1,30,0
AL051991,UNNAMED,1991,08,30,12,00,11.7,-43.9,30,0
AL051991,UNNAMED,1991,08,30,18,00,11.9,-45.7,30,0
AL051991,UNNAMED,1991,08,31,00,00,12,-47.6,30,0
AL051991,UNNAMED,1991,08,31,06,00,12.3,-49.8,25,0
AL051991,UNNAMED,1991,08,31,12,00,12.7,-52.8,25,0
