AL051863	UNNAMED	1863	09	09	00	00	18.5	-60.2	60	0
AL051863	UNNAMED	1863	09	09	06	00	19.2	-61.2	60	0
AL051863	UNNAMED	1863	09	09	12	00	20.2	-62	70	1
AL051863	UNNAMED	1863	09	09	18	00	21.4	-62.6	70	1
AL051863	UNNAMED	1863	09	10	00	00	22.6	-63.2	70	1
AL051863	UNNAMED	1863	09	10	06	00	23.9	-63.7	70	1
AL051863	UNNAMED	1863	09	10	12	00	25.1	-64	70	1
AL051863	UNNAMED	1863	09	10	18	00	26.4	-64.1	70	1
AL051863	UNNAMED	1863	09	11	00	00	27.8	-64.1	70	1
AL051863	UNNAMED	1863	09	11	06	00	29.3	-63.9	70	1
AL051863	UNNAMED	1863	09	11	12	00	30.6	-63.8	70	1
AL051863	UNNAMED	1863	09	11	18	00	31.6	-63.5	70	1
AL051863	UNNAMED	1863	09	12	00	00	32.7	-63.1	70	1
AL051863	UNNAMED	1863	09	12	06	00	33.7	-62.6	70	1
AL051863	UNNAMED	1863	09	12	12	00	34.5	-62	70	1
AL051863	UNNAMED	1863	09	12	18	00	35.5	-61.5	70	1
AL051863	UNNAMED	1863	09	13	00	00	36	-61.1	70	1
AL051863	UNNAMED	1863	09	13	06	00	36.8	-60.5	70	1
AL051863	UNNAMED	1863	09	13	12	00	37.5	-59.8	70	1
AL051863	UNNAMED	1863	09	13	18	00	38.5	-58.6	70	1
AL051863	UNNAMED	1863	09	14	00	00	39.4	-57.1	70	1
AL051863	UNNAMED	1863	09	14	06	00	40.2	-55.7	70	1
AL051863	UNNAMED	1863	09	14	12	00	41.2	-54.1	70	1
AL051863	UNNAMED	1863	09	14	18	00	42.5	-52.1	70	1
AL051863	UNNAMED	1863	09	15	00	00	43.8	-49.7	60	0
AL051863	UNNAMED	1863	09	15	06	00	44.9	-47.3	60	0
AL051863	UNNAMED	1863	09	15	12	00	46	-45	60	0
AL051863	UNNAMED	1863	09	15	18	00	46.9	-43.2	60	0
AL051863	UNNAMED	1863	09	16	00	00	47.9	-41	50	0
AL051863	UNNAMED	1863	09	16	06	00	48.9	-38.9	50	0
AL051863	UNNAMED	1863	09	16	12	00	50	-36.8	50	0
AL051863	UNNAMED	1863	09	16	18	00	51	-34.3	50	0
