AL051860	UNNAMED	1860	09	18	00	00	22.2	-66.1	40	0
AL051860	UNNAMED	1860	09	18	06	00	22.7	-66.8	40	0
AL051860	UNNAMED	1860	09	18	12	00	23.2	-67.5	40	0
AL051860	UNNAMED	1860	09	18	18	00	23.7	-68.1	40	0
AL051860	UNNAMED	1860	09	19	00	00	24.2	-68.8	50	0
AL051860	UNNAMED	1860	09	19	06	00	25.1	-69.4	50	0
AL051860	UNNAMED	1860	09	19	12	00	26	-70	60	0
AL051860	UNNAMED	1860	09	19	18	00	26.9	-70.3	60	0
AL051860	UNNAMED	1860	09	20	00	00	28.2	-70.6	60	0
AL051860	UNNAMED	1860	09	20	06	00	29.6	-70.8	60	0
AL051860	UNNAMED	1860	09	20	12	00	31	-71	60	0
AL051860	UNNAMED	1860	09	20	18	00	32.5	-71	60	0
AL051860	UNNAMED	1860	09	21	00	00	34.3	-70.6	60	0
AL051860	UNNAMED	1860	09	21	06	00	36	-70	60	0
AL051860	UNNAMED	1860	09	21	12	00	37.5	-69.3	60	0
AL051860	UNNAMED	1860	09	21	18	00	39	-68.5	60	0
