AL051913	UNNAMED	1913	10	02	12	00	41	-71	50	0
AL051913	UNNAMED	1913	10	02	18	00	40.5	-70.5	50	0
AL051913	UNNAMED	1913	10	03	00	00	40	-70	50	0
AL051913	UNNAMED	1913	10	03	06	00	39.5	-69.5	50	0
AL051913	UNNAMED	1913	10	03	12	00	39	-69	50	0
AL051913	UNNAMED	1913	10	03	18	00	38.7	-68.2	55	0
AL051913	UNNAMED	1913	10	04	00	00	38.4	-67.2	55	0
AL051913	UNNAMED	1913	10	04	06	00	38.2	-66.5	55	0
AL051913	UNNAMED	1913	10	04	12	00	38	-66	55	0
AL051913	UNNAMED	1913	10	04	18	00	37.8	-65.9	55	0
AL051913	UNNAMED	1913	10	05	00	00	37.6	-66.1	55	0
AL051913	UNNAMED	1913	10	05	06	00	37.3	-66.5	55	0
AL051913	UNNAMED	1913	10	05	12	00	37	-67	55	0
AL051913	UNNAMED	1913	10	05	18	00	36.5	-67.6	55	0
AL051913	UNNAMED	1913	10	06	00	00	36	-68.4	50	0
AL051913	UNNAMED	1913	10	06	06	00	35.5	-69.4	50	0
AL051913	UNNAMED	1913	10	06	12	00	35	-70.5	50	0
AL051913	UNNAMED	1913	10	06	18	00	34.3	-71.7	50	0
AL051913	UNNAMED	1913	10	07	00	00	33.6	-72.8	50	0
AL051913	UNNAMED	1913	10	07	06	00	33	-73.9	50	0
AL051913	UNNAMED	1913	10	07	12	00	32.6	-75	55	0
AL051913	UNNAMED	1913	10	07	18	00	32.6	-76	55	0
AL051913	UNNAMED	1913	10	08	00	00	32.6	-77.1	60	0
AL051913	UNNAMED	1913	10	08	06	00	32.8	-78.2	65	1
AL051913	UNNAMED	1913	10	08	12	00	33	-79.1	65	1
AL051913	UNNAMED	1913	10	08	14	00	33.1	-79.4	65	1
AL051913	UNNAMED	1913	10	08	18	00	33.2	-79.8	45	0
AL051913	UNNAMED	1913	10	09	00	00	33.4	-80.2	40	0
AL051913	UNNAMED	1913	10	09	06	00	33.6	-80.4	35	0
AL051913	UNNAMED	1913	10	09	12	00	33.8	-80.4	35	0
AL051913	UNNAMED	1913	10	09	18	00	34	-80.3	35	0
AL051913	UNNAMED	1913	10	10	00	00	34.3	-80.1	35	0
AL051913	UNNAMED	1913	10	10	06	00	34.4	-79.9	35	0
AL051913	UNNAMED	1913	10	10	12	00	34.5	-79.6	30	0
AL051913	UNNAMED	1913	10	10	18	00	34.5	-79.2	30	0
AL051913	UNNAMED	1913	10	11	00	00	34.5	-78.8	25	0
