id,name,year,month,day,hour,minute,lat,lon,max_sustained_wind_kts,sshws
AL051876,UNNAMED,1876,10,12,00,00,12,-79,40,0
AL051876,UNNAMED,1876,10,12,06,00,12.2,-79,40,0
AL051876,UNNAMED,1876,10,12,12,00,12.4,-79,50,0
AL051876,UNNAMED,1876,10,12,18,00,12.6,-79,50,0
AL051876,UNNAMED,1876,10,13,00,00,12.8,-79,50,0
AL051876,UNNAMED,1876,10,13,06,00,13,-79.1,50,0
AL051876,UNNAMED,1876,10,13,12,00,13.2,-79.2,50,0
AL051876,UNNAMED,1876,10,13,18,00,13.5,-79.2,50,0
AL051876,UNNAMED,1876,10,14,00,00,13.8,-79.4,50,0
AL051876,UNNAMED,1876,10,14,06,00,14.1,-79.5,50,0
AL051876,UNNAMED,1876,10,14,12,00,14.4,-79.6,50,0
AL051876,UNNAMED,1876,10,14,18,00,14.7,-79.7,50,0
AL051876,UNNAMED,1876,10,15,00,00,15,-79.8,50,0
AL051876,UNNAMED,1876,10,15,06,00,15.4,-79.9,50,0
AL051876,UNNAMED,1876,10,15,12,00,15.8,-80,50,0
AL051876,UNNAMED,1876,10,15,18,00,16.2,-80.1,50,0
AL051876,UNNAMED,1876,10,16,00,00,16.6,-80.2,50,0
AL051876,UNNAMED,1876,10,16,06,00,17,-80.3,50,0
AL051876,UNNAMED,1876,10,16,12,00,17.4,-80.4,60,0
AL051876,UNNAMED,1876,10,16,18,00,17.8,-80.5,60,0
AL051876,UNNAMED,1876,10,17,00,00,18.2,-80.6,70,1
AL051876,UNNAMED,1876,10,17,06,00,18.6,-80.7,70,1
AL051876,UNNAMED,1876,10,17,12,00,19,-80.8,80,1
AL051876,UNNAMED,1876,10,17,18,00,19.4,-80.9,80,1
AL051876,UNNAMED,1876,10,18,00,00,19.7,-81.1,90,2
AL051876,UNNAMED,1876,10,18,06,00,20.2,-81.3,90,2
AL051876,UNNAMED,1876,10,18,12,00,20.7,-81.5,90,2
AL051876,UNNAMED,1876,10,18,18,00,21.2,-81.7,90,2
AL051876,UNNAMED,1876,10,19,00,00,21.7,-81.9,100,3
AL051876,UNNAMED,1876,10,19,06,00,22.3,-82.2,100,3
AL051876,UNNAMED,1876,10,19,12,00,22.7,-82.3,100,3
AL051876,UNNAMED,1876,10,19,18,00,23.6,-82.3,90,2
AL051876,UNNAMED,1876,10,20,00,00,24.7,-81.9,90,2
AL051876,UNNAMED,1876,10,20,05,00,25.8,-81.4,90,2
AL051876,UNNAMED,1876,10,20,06,00,26,-81.3,90,2
AL051876,UNNAMED,1876,10,20,12,00,27.5,-80.5,80,1
AL051876,UNNAMED,1876,10,20,18,00,28.8,-79.6,80,1
AL051876,UNNAMED,1876,10,21,00,00,30,-78.8,80,1
AL051876,UNNAMED,1876,10,21,06,00,31,-77.9,80,1
AL051876,UNNAMED,1876,10,21,12,00,31.9,-76.7,80,1
AL051876,UNNAMED,1876,10,21,18,00,32.5,-74.9,80,1
AL051876,UNNAMED,1876,10,22,00,00,33,-72.6,80,1
AL051876,UNNAMED,1876,10,22,06,00,33.3,-69.8,80,1
AL051876,UNNAMED,1876,10,22,12,00,33.5,-67.8,70,1
AL051876,UNNAMED,1876,10,22,18,00,33.5,-66.6,70,1
AL051876,UNNAMED,1876,10,23,00,00,33.8,-65.6,70,1
AL051876,UNNAMED,1876,10,23,06,00,33.9,-64.6,70,1
AL051876,UNNAMED,1876,10,23,12,00,34,-63.5,60,0
AL051876,UNNAMED,1876,10,23,18,00,34.2,-62,60,0
