AL051936	UNNAMED	1936	07	27	06	00	23.6	-74	30	0
AL051936	UNNAMED	1936	07	27	12	00	23.8	-74.9	30	0
AL051936	UNNAMED	1936	07	27	18	00	24	-75.8	35	0
AL051936	UNNAMED	1936	07	28	00	00	24.2	-76.7	35	0
AL051936	UNNAMED	1936	07	28	06	00	24.4	-77.7	40	0
AL051936	UNNAMED	1936	07	28	12	00	24.7	-78.7	45	0
AL051936	UNNAMED	1936	07	28	18	00	24.9	-79.4	50	0
AL051936	UNNAMED	1936	07	29	00	00	25.2	-80.1	55	0
AL051936	UNNAMED	1936	07	29	02	00	25.3	-80.3	55	0
AL051936	UNNAMED	1936	07	29	06	00	25.6	-81	50	0
AL051936	UNNAMED	1936	07	29	12	00	26	-81.9	55	0
AL051936	UNNAMED	1936	07	29	18	00	26.4	-82.8	55	0
AL051936	UNNAMED	1936	07	30	00	00	26.8	-83.6	60	0
AL051936	UNNAMED	1936	07	30	06	00	27.3	-84.3	60	0
AL051936	UNNAMED	1936	07	30	12	00	27.8	-85	65	1
AL051936	UNNAMED	1936	07	30	18	00	28.3	-85.5	70	1
AL051936	UNNAMED	1936	07	31	00	00	28.9	-85.9	80	1
AL051936	UNNAMED	1936	07	31	06	00	29.5	-86.2	85	2
AL051936	UNNAMED	1936	07	31	12	00	30.1	-86.5	90	2
AL051936	UNNAMED	1936	07	31	14	00	30.4	-86.6	90	2
AL051936	UNNAMED	1936	07	31	18	00	30.8	-86.9	70	1
AL051936	UNNAMED	1936	08	01	00	00	31.4	-87.3	50	0
AL051936	UNNAMED	1936	08	01	06	00	31.8	-87.7	40	0
AL051936	UNNAMED	1936	08	01	12	00	32	-88	30	0
