AL051864	UNNAMED	1864	10	22	00	00	28.5	-72	50	0
AL051864	UNNAMED	1864	10	22	06	00	29.5	-72.6	50	0
AL051864	UNNAMED	1864	10	22	12	00	30.5	-72.9	50	0
AL051864	UNNAMED	1864	10	22	18	00	31.7	-73.1	50	0
AL051864	UNNAMED	1864	10	23	00	00	33	-73.3	60	0
AL051864	UNNAMED	1864	10	23	06	00	34.3	-73.1	60	0
AL051864	UNNAMED	1864	10	23	12	00	35.5	-72.5	70	1
AL051864	UNNAMED	1864	10	23	18	00	37	-70.9	70	1
AL051864	UNNAMED	1864	10	24	00	00	38.4	-68.8	70	1
AL051864	UNNAMED	1864	10	24	06	00	39.5	-66.6	70	1
AL051864	UNNAMED	1864	10	24	12	00	40.5	-64.3	70	1
AL051864	UNNAMED	1864	10	24	18	00	41.5	-61.5	70	1
