id,name,year,month,day,hour,minute,lat,lon,max_sustained_wind_kts,sshws
AL051921,UNNAMED,1921,10,15,12,00,24,-84,30,0
AL051921,UNNAMED,1921,10,15,18,00,25.5,-83,30,0
AL051921,UNNAMED,1921,10,16,00,00,27,-81.8,30,0
AL051921,UNNAMED,1921,10,16,06,00,28.5,-80.3,35,0
AL051921,UNNAMED,1921,10,16,12,00,30,-78.5,45,0
AL051921,UNNAMED,1921,10,16,18,00,31.7,-76,50,0
AL051921,UNNAMED,1921,10,17,00,00,33.5,-73,55,0
AL051921,UNNAMED,1921,10,17,06,00,35.3,-69.5,60,0
AL051921,UNNAMED,1921,10,17,12,00,37,-66,60,0
AL051921,UNNAMED,1921,10,17,18,00,38.2,-63,60,0
AL051921,UNNAMED,1921,10,18,00,00,39.4,-60.2,60,0
AL051921,UNNAMED,1921,10,18,06,00,40.4,-57.4,60,0
AL051921,UNNAMED,1921,10,18,12,00,41.1,-54.5,60,0
AL051921,UNNAMED,1921,10,18,18,00,41.5,-51.3,60,0
AL051921,UNNAMED,1921,10,19,00,00,41.8,-48.5,60,0
AL051921,UNNAMED,1921,10,19,06,00,42,-45.7,60,0
AL051921,UNNAMED,1921,10,19,12,00,42.2,-43,60,0
AL051921,UNNAMED,1921,10,19,18,00,42.2,-40.5,60,0
AL051921,UNNAMED,1921,10,20,00,00,42.3,-38.5,60,0
AL051921,UNNAMED,1921,10,20,06,00,42.3,-37.3,60,0
AL051921,UNNAMED,1921,10,20,12,00,42.2,-36,60,0
AL051921,UNNAMED,1921,10,20,18,00,41.8,-34.5,65,1
AL051921,UNNAMED,1921,10,21,00,00,41.2,-33,70,1
AL051921,UNNAMED,1921,10,21,06,00,40.7,-31.5,70,1
AL051921,UNNAMED,1921,10,21,12,00,40,-30.5,65,1
AL051921,UNNAMED,1921,10,21,18,00,39.2,-30,60,0
AL051921,UNNAMED,1921,10,22,00,00,38.4,-29.8,55,0
AL051921,UNNAMED,1921,10,22,06,00,37.7,-29.8,50,0
AL051921,UNNAMED,1921,10,22,12,00,37,-30,45,0
AL051921,UNNAMED,1921,10,22,18,00,36.5,-30.5,40,0
AL051921,UNNAMED,1921,10,23,00,00,36,-31.1,35,0
AL051921,UNNAMED,1921,10,23,06,00,35.8,-31.8,35,0
AL051921,UNNAMED,1921,10,23,12,00,35.6,-32.5,30,0
AL051921,UNNAMED,1921,10,23,18,00,35.6,-33,30,0
AL051921,UNNAMED,1921,10,24,00,00,35.5,-33.2,35,0
AL051921,UNNAMED,1921,10,24,06,00,35.5,-34,30,0
