AL051852	UNNAMED	1852	10	06	00	00	17	-73.8	90	2
AL051852	UNNAMED	1852	10	06	06	00	17.1	-75	90	2
AL051852	UNNAMED	1852	10	06	12	00	17.2	-76.3	90	2
AL051852	UNNAMED	1852	10	06	18	00	17.2	-77.8	90	2
AL051852	UNNAMED	1852	10	07	00	00	17.7	-79.6	90	2
AL051852	UNNAMED	1852	10	07	06	00	18.2	-81.5	90	2
AL051852	UNNAMED	1852	10	07	12	00	18.7	-83.1	90	2
AL051852	UNNAMED	1852	10	07	18	00	19.5	-84.4	90	2
AL051852	UNNAMED	1852	10	08	00	00	20.4	-85.5	90	2
AL051852	UNNAMED	1852	10	08	06	00	21.2	-86.4	90	2
AL051852	UNNAMED	1852	10	08	12	00	22.4	-86.9	90	2
AL051852	UNNAMED	1852	10	08	18	00	24	-86.8	90	2
AL051852	UNNAMED	1852	10	09	00	00	25.6	-86.4	90	2
AL051852	UNNAMED	1852	10	09	06	00	26.9	-85.9	90	2
AL051852	UNNAMED	1852	10	09	12	00	28	-85.5	90	2
AL051852	UNNAMED	1852	10	09	18	00	29.2	-84.9	90	2
AL051852	UNNAMED	1852	10	09	21	00	29.9	-84.4	90	2
AL051852	UNNAMED	1852	10	10	00	00	30.5	-83.9	80	1
AL051852	UNNAMED	1852	10	10	06	00	31.8	-82.8	60	0
AL051852	UNNAMED	1852	10	10	12	00	33	-81.1	50	0
AL051852	UNNAMED	1852	10	10	18	00	34	-79.5	50	0
AL051852	UNNAMED	1852	10	11	00	00	35	-77	50	0
AL051852	UNNAMED	1852	10	11	06	00	36	-74	50	0
AL051852	UNNAMED	1852	10	11	12	00	38	-70	60	0
AL051852	UNNAMED	1852	10	11	18	00	40	-66	60	0
