id,name,year,month,day,hour,minute,lat,lon,max_sustained_wind_kts,sshws
AL051959,DEBRA,1959,07,23,00,00,26.9,-92.1,25,0
AL051959,DEBRA,1959,07,23,06,00,27.2,-92.6,30,0
AL051959,DEBRA,1959,07,23,12,00,27.5,-93.1,35,0
AL051959,DEBRA,1959,07,23,18,00,27.6,-93.7,35,0
AL051959,DEBRA,1959,07,24,00,00,27.6,-94.4,35,0
AL051959,DEBRA,1959,07,24,06,00,27.9,-95,40,0
AL051959,DEBRA,1959,07,24,12,00,28.3,-95.4,65,1
AL051959,DEBRA,1959,07,24,18,00,28.5,-95.3,65,1
AL051959,DEBRA,1959,07,25,00,00,28.8,-95.1,70,1
AL051959,DEBRA,1959,07,25,06,00,29.2,-95.1,75,1
AL051959,DEBRA,1959,07,25,12,00,29.6,-95.1,65,1
AL051959,DEBRA,1959,07,25,18,00,30.1,-95.1,60,0
AL051959,DEBRA,1959,07,26,00,00,30.6,-95.1,45,0
AL051959,DEBRA,1959,07,26,06,00,31.3,-95.2,30,0
AL051959,DEBRA,1959,07,26,12,00,32.1,-95.4,30,0
AL051959,DEBRA,1959,07,26,18,00,33.1,-95.6,30,0
AL051959,DEBRA,1959,07,27,00,00,34.1,-96,30,0
AL051959,DEBRA,1959,07,27,06,00,35,-96.8,25,0
AL051959,DEBRA,1959,07,27,12,00,35.8,-97.7,25,0
AL051959,DEBRA,1959,07,27,18,00,36.2,-98.4,25,0
AL051959,DEBRA,1959,07,28,00,00,36.3,-99.5,25,0
AL051959,DEBRA,1959,07,28,06,00,36.4,-100.3,25,0
