id,name,year,month,day,hour,minute,lat,lon,max_sustained_wind_kts,sshws
AL051866,UNNAMED,1866,09,22,00,00,40,-62.5,90,2
AL051866,UNNAMED,1866,09,22,06,00,41,-61.7,90,2
AL051866,UNNAMED,1866,09,22,12,00,42,-60.9,90,2
AL051866,UNNAMED,1866,09,22,18,00,43,-60.1,90,2
AL051866,UNNAMED,1866,09,23,00,00,44,-59.3,80,1
AL051866,UNNAMED,1866,09,23,06,00,45,-58.6,80,1
AL051866,UNNAMED,1866,09,23,12,00,46,-57.8,70,1
AL051866,UNNAMED,1866,09,23,18,00,47,-57,70,1
AL051866,UNNAMED,1866,09,24,00,00,48.3,-55.9,60,0
AL051866,UNNAMED,1866,09,24,06,00,49.5,-55,60,0
AL051866,UNNAMED,1866,09,24,12,00,51,-54,60,0
AL051866,UNNAMED,1866,09,24,18,00,52.5,-52.8,60,0
