AL051851	UNNAMED	1851	09	13	00	00	32.5	-73.5	50	0
AL051851	UNNAMED	1851	09	13	06	00	32.5	-73.5	50	0
AL051851	UNNAMED	1851	09	13	12	00	32.5	-73.5	50	0
AL051851	UNNAMED	1851	09	13	18	00	32.5	-73.5	50	0
AL051851	UNNAMED	1851	09	14	00	00	32.5	-73.5	50	0
AL051851	UNNAMED	1851	09	14	06	00	32.5	-73.5	50	0
AL051851	UNNAMED	1851	09	14	12	00	32.5	-73.5	50	0
AL051851	UNNAMED	1851	09	14	18	00	32.5	-73.5	50	0
AL051851	UNNAMED	1851	09	15	00	00	32.5	-73.5	50	0
AL051851	UNNAMED	1851	09	15	06	00	32.5	-73.5	50	0
AL051851	UNNAMED	1851	09	15	12	00	32.5	-73.5	50	0
AL051851	UNNAMED	1851	09	15	18	00	32.5	-73.5	50	0
AL051851	UNNAMED	1851	09	16	00	00	32.5	-73.5	50	0
AL051851	UNNAMED	1851	09	16	06	00	32.5	-73.5	50	0
AL051851	UNNAMED	1851	09	16	12	00	32.5	-73.5	50	0
AL051851	UNNAMED	1851	09	16	18	00	32.5	-73.5	50	0
