id,name,year,month,day,hour,minute,lat,lon,max_sustained_wind_kts,sshws
AL051938,UNNAMED,1938,09,09,12,00,13,-46,25,0
AL051938,UNNAMED,1938,09,09,18,00,13.5,-47.1,25,0
AL051938,UNNAMED,1938,09,10,00,00,14,-48.2,25,0
AL051938,UNNAMED,1938,09,10,06,00,14.5,-49.4,25,0
AL051938,UNNAMED,1938,09,10,12,00,15,-50.5,30,0
AL051938,UNNAMED,1938,09,10,18,00,15.5,-51.6,30,0
AL051938,UNNAMED,1938,09,11,00,00,16.1,-52.8,30,0
AL051938,UNNAMED,1938,09,11,06,00,16.6,-53.9,30,0
AL051938,UNNAMED,1938,09,11,12,00,17.2,-55,30,0
AL051938,UNNAMED,1938,09,11,18,00,17.9,-56.1,30,0
AL051938,UNNAMED,1938,09,12,00,00,18.6,-57.2,30,0
AL051938,UNNAMED,1938,09,12,06,00,19.3,-58.4,30,0
AL051938,UNNAMED,1938,09,12,12,00,20,-59.5,30,0
AL051938,UNNAMED,1938,09,12,18,00,20.5,-60.7,30,0
AL051938,UNNAMED,1938,09,13,00,00,20.9,-62,35,0
AL051938,UNNAMED,1938,09,13,06,00,21.1,-63.2,35,0
AL051938,UNNAMED,1938,09,13,12,00,21.4,-64.3,35,0
AL051938,UNNAMED,1938,09,13,18,00,21.9,-65.1,35,0
AL051938,UNNAMED,1938,09,14,00,00,22.5,-65.7,30,0
