AL051887	UNNAMED	1887	07	30	06	00	9.9	-50.1	35	0
AL051887	UNNAMED	1887	07	30	12	00	10	-51.1	35	0
AL051887	UNNAMED	1887	07	30	18	00	10.3	-52.2	35	0
AL051887	UNNAMED	1887	07	31	00	00	10.5	-53.2	35	0
AL051887	UNNAMED	1887	07	31	06	00	10.8	-54.2	40	0
AL051887	UNNAMED	1887	07	31	12	00	11	-55	40	0
AL051887	UNNAMED	1887	07	31	18	00	11.2	-55.7	40	0
AL051887	UNNAMED	1887	08	01	00	00	11.3	-56.2	40	0
AL051887	UNNAMED	1887	08	01	06	00	11.5	-56.7	40	0
AL051887	UNNAMED	1887	08	01	12	00	11.7	-57.4	40	0
AL051887	UNNAMED	1887	08	01	18	00	12.1	-58.4	45	0
AL051887	UNNAMED	1887	08	02	00	00	12.5	-59.5	45	0
AL051887	UNNAMED	1887	08	02	06	00	12.9	-60.6	45	0
AL051887	UNNAMED	1887	08	02	12	00	13.3	-61.5	45	0
AL051887	UNNAMED	1887	08	02	18	00	13.6	-62.3	50	0
AL051887	UNNAMED	1887	08	03	00	00	14	-63.2	50	0
AL051887	UNNAMED	1887	08	03	06	00	14.3	-64	50	0
AL051887	UNNAMED	1887	08	03	12	00	14.6	-64.8	50	0
AL051887	UNNAMED	1887	08	03	18	00	14.9	-65.6	50	0
AL051887	UNNAMED	1887	08	04	00	00	15.2	-66.4	50	0
AL051887	UNNAMED	1887	08	04	06	00	15.5	-67.2	50	0
AL051887	UNNAMED	1887	08	04	12	00	15.8	-68	50	0
AL051887	UNNAMED	1887	08	04	18	00	16.1	-68.8	50	0
AL051887	UNNAMED	1887	08	05	00	00	16.4	-69.5	50	0
AL051887	UNNAMED	1887	08	05	06	00	16.7	-70.2	45	0
AL051887	UNNAMED	1887	08	05	12	00	17	-71	45	0
AL051887	UNNAMED	1887	08	05	18	00	17.4	-72	45	0
AL051887	UNNAMED	1887	08	06	00	00	17.8	-73.2	45	0
AL051887	UNNAMED	1887	08	06	06	00	18.4	-74.5	40	0
AL051887	UNNAMED	1887	08	06	12	00	19	-76	40	0
AL051887	UNNAMED	1887	08	06	18	00	19.5	-77.1	40	0
AL051887	UNNAMED	1887	08	07	00	00	20	-78.5	35	0
AL051887	UNNAMED	1887	08	07	06	00	20.6	-79.9	35	0
AL051887	UNNAMED	1887	08	07	12	00	21	-81	35	0
AL051887	UNNAMED	1887	08	07	18	00	21.3	-82.7	35	0
AL051887	UNNAMED	1887	08	08	00	00	21.4	-84	35	0
