AL052010	FIVE	2010	08	10	06	00	25.7	-83	25	0
AL052010	FIVE	2010	08	10	12	00	25.7	-83.3	25	0
AL052010	FIVE	2010	08	10	18	00	25.9	-83.7	30	0
AL052010	FIVE	2010	08	11	00	00	26.1	-84.1	30	0
AL052010	FIVE	2010	08	11	06	00	26.5	-85	30	0
AL052010	FIVE	2010	08	11	12	00	27.1	-86.1	25	0
AL052010	FIVE	2010	08	11	18	00	28	-87.5	25	0
AL052010	FIVE	2010	08	12	00	00	29	-88.4	25	0
AL052010	FIVE	2010	08	12	06	00	29.4	-88.8	25	0
AL052010	FIVE	2010	08	12	12	00	29.7	-89	25	0
AL052010	FIVE	2010	08	12	18	00	29.8	-89	25	0
AL052010	FIVE	2010	08	13	00	00	30	-88.9	25	0
AL052010	FIVE	2010	08	13	06	00	30.4	-88.8	25	0
AL052010	FIVE	2010	08	13	12	00	30.8	-88.6	25	0
AL052010	FIVE	2010	08	13	18	00	31.4	-88	25	0
AL052010	FIVE	2010	08	14	00	00	32	-87.3	20	0
AL052010	FIVE	2010	08	14	06	00	32.5	-86.5	15	0
AL052010	FIVE	2010	08	14	12	00	32.8	-85.9	15	0
AL052010	FIVE	2010	08	14	18	00	33	-85.4	15	0
AL052010	FIVE	2010	08	15	00	00	32.8	-85	15	0
AL052010	FIVE	2010	08	15	06	00	32.5	-84.9	15	0
AL052010	FIVE	2010	08	15	12	00	32	-85	15	0
AL052010	FIVE	2010	08	15	18	00	31.5	-85.1	20	0
AL052010	FIVE	2010	08	16	00	00	30.8	-85.3	20	0
AL052010	FIVE	2010	08	16	06	00	30	-85.6	20	0
AL052010	FIVE	2010	08	16	12	00	29.3	-86	20	0
AL052010	FIVE	2010	08	16	18	00	29.3	-86.8	25	0
AL052010	FIVE	2010	08	17	00	00	29.6	-87.7	25	0
AL052010	FIVE	2010	08	17	06	00	30	-88.6	25	0
AL052010	FIVE	2010	08	17	12	00	30.7	-89.4	25	0
AL052010	FIVE	2010	08	17	18	00	31.3	-90.3	20	0
AL052010	FIVE	2010	08	18	00	00	31.7	-91	15	0
