id,name,year,month,day,hour,minute,lat,lon,max_sustained_wind_kts,sshws
AL051942,UNNAMED,1942,09,15,18,00,12.5,-58.8,35,0
AL051942,UNNAMED,1942,09,16,00,00,13.3,-60.5,35,0
AL051942,UNNAMED,1942,09,16,06,00,14,-62.1,35,0
AL051942,UNNAMED,1942,09,16,12,00,14.5,-63.7,40,0
AL051942,UNNAMED,1942,09,16,18,00,14.9,-65.4,40,0
AL051942,UNNAMED,1942,09,17,00,00,15.3,-67.1,40,0
AL051942,UNNAMED,1942,09,17,06,00,15.7,-68.7,45,0
AL051942,UNNAMED,1942,09,17,12,00,16.1,-70.3,45,0
AL051942,UNNAMED,1942,09,17,18,00,16.3,-71.9,45,0
AL051942,UNNAMED,1942,09,18,00,00,16.4,-73.3,45,0
AL051942,UNNAMED,1942,09,18,06,00,16.5,-74.5,45,0
AL051942,UNNAMED,1942,09,18,12,00,16.5,-75.5,45,0
AL051942,UNNAMED,1942,09,18,18,00,16.5,-76.3,45,0
AL051942,UNNAMED,1942,09,19,00,00,16.5,-77.1,45,0
AL051942,UNNAMED,1942,09,19,06,00,16.5,-77.9,45,0
AL051942,UNNAMED,1942,09,19,12,00,16.5,-78.7,45,0
AL051942,UNNAMED,1942,09,19,18,00,16.5,-79.4,45,0
AL051942,UNNAMED,1942,09,20,00,00,16.5,-80.2,45,0
AL051942,UNNAMED,1942,09,20,06,00,16.6,-81,45,0
AL051942,UNNAMED,1942,09,20,12,00,16.7,-81.8,45,0
AL051942,UNNAMED,1942,09,20,18,00,16.8,-82.6,45,0
AL051942,UNNAMED,1942,09,21,00,00,16.8,-83.4,45,0
AL051942,UNNAMED,1942,09,21,06,00,16.8,-84.2,40,0
AL051942,UNNAMED,1942,09,21,12,00,16.8,-85,40,0
AL051942,UNNAMED,1942,09,21,18,00,16.8,-85.8,40,0
AL051942,UNNAMED,1942,09,22,00,00,16.8,-86.6,40,0
AL051942,UNNAMED,1942,09,22,06,00,16.8,-87.3,40,0
AL051942,UNNAMED,1942,09,22,12,00,16.8,-88,35,0
AL051942,UNNAMED,1942,09,22,18,00,16.8,-88.7,30,0
AL051942,UNNAMED,1942,09,23,00,00,16.8,-89.4,30,0
AL051942,UNNAMED,1942,09,23,06,00,16.8,-90.2,25,0
AL051942,UNNAMED,1942,09,23,12,00,16.8,-91,25,0
