id,name,year,month,day,hour,minute,lat,lon,max_sustained_wind_kts,sshws
AL051908,UNNAMED,1908,08,30,12,00,33,-72.5,35,0
AL051908,UNNAMED,1908,08,30,18,00,33,-73.2,35,0
AL051908,UNNAMED,1908,08,31,00,00,33,-74.1,35,0
AL051908,UNNAMED,1908,08,31,06,00,33,-75,40,0
AL051908,UNNAMED,1908,08,31,12,00,33,-76,40,0
AL051908,UNNAMED,1908,08,31,18,00,33.2,-76.5,40,0
AL051908,UNNAMED,1908,09,01,00,00,33.8,-76.8,45,0
AL051908,UNNAMED,1908,09,01,06,00,34.4,-76.7,45,0
AL051908,UNNAMED,1908,09,01,08,00,34.6,-76.6,45,0
AL051908,UNNAMED,1908,09,01,12,00,35,-76.3,45,0
AL051908,UNNAMED,1908,09,01,18,00,36.1,-75,45,0
AL051908,UNNAMED,1908,09,02,00,00,37.2,-73.6,40,0
AL051908,UNNAMED,1908,09,02,06,00,38.2,-72.3,40,0
AL051908,UNNAMED,1908,09,02,12,00,39,-70.7,35,0
AL051908,UNNAMED,1908,09,02,18,00,39.8,-68.2,25,0
