id,name,year,month,day,hour,minute,lat,lon,max_sustained_wind_kts,sshws
AL051971,UNNAMED,1971,08,06,12,00,25.5,-84.5,20,0
AL051971,UNNAMED,1971,08,06,18,00,25.8,-84.8,25,0
AL051971,UNNAMED,1971,08,07,00,00,26.2,-85.2,25,0
AL051971,UNNAMED,1971,08,07,06,00,26.6,-85.6,25,0
AL051971,UNNAMED,1971,08,07,12,00,27,-86,25,0
AL051971,UNNAMED,1971,08,07,18,00,27.2,-86.5,25,0
AL051971,UNNAMED,1971,08,08,00,00,27.5,-87,25,0
AL051971,UNNAMED,1971,08,08,06,00,27.8,-87.5,25,0
AL051971,UNNAMED,1971,08,08,12,00,28,-88,25,0
AL051971,UNNAMED,1971,08,08,18,00,28.6,-88.6,25,0
AL051971,UNNAMED,1971,08,09,00,00,29.2,-89.2,25,0
AL051971,UNNAMED,1971,08,09,06,00,29.8,-89.8,25,0
AL051971,UNNAMED,1971,08,09,12,00,30.5,-90.5,-99,0
