AL051962	ELLA	1962	10	14	18	00	22.1	-71.4	25	0
AL051962	ELLA	1962	10	15	00	00	23.8	-72.1	25	0
AL051962	ELLA	1962	10	15	06	00	24.7	-72.1	30	0
AL051962	ELLA	1962	10	15	12	00	25	-72.1	35	0
AL051962	ELLA	1962	10	15	18	00	25.2	-72.1	40	0
AL051962	ELLA	1962	10	16	00	00	25.8	-72.2	40	0
AL051962	ELLA	1962	10	16	06	00	26.1	-72.6	50	0
AL051962	ELLA	1962	10	16	12	00	26.3	-73.2	55	0
AL051962	ELLA	1962	10	16	18	00	26.4	-74	60	0
AL051962	ELLA	1962	10	17	00	00	26.7	-74.8	60	0
AL051962	ELLA	1962	10	17	06	00	27	-75.1	60	0
AL051962	ELLA	1962	10	17	12	00	27.4	-75.2	60	0
AL051962	ELLA	1962	10	17	18	00	28.1	-75.4	70	1
AL051962	ELLA	1962	10	18	00	00	28.7	-75.6	75	1
AL051962	ELLA	1962	10	18	06	00	29.2	-75.7	70	1
AL051962	ELLA	1962	10	18	12	00	29.7	-75.8	70	1
AL051962	ELLA	1962	10	18	18	00	30.2	-75.8	70	1
AL051962	ELLA	1962	10	19	00	00	30.7	-75.8	75	1
AL051962	ELLA	1962	10	19	06	00	30.7	-75.1	80	1
AL051962	ELLA	1962	10	19	12	00	30.7	-74.6	90	2
AL051962	ELLA	1962	10	19	18	00	31.3	-73.6	100	3
AL051962	ELLA	1962	10	20	00	00	31.9	-72.8	100	3
AL051962	ELLA	1962	10	20	06	00	33	-71.8	85	2
AL051962	ELLA	1962	10	20	12	00	33.9	-70.8	85	2
AL051962	ELLA	1962	10	20	18	00	34.6	-69.6	85	2
AL051962	ELLA	1962	10	21	00	00	35.2	-68.1	80	1
AL051962	ELLA	1962	10	21	06	00	36	-66.3	75	1
AL051962	ELLA	1962	10	21	12	00	36.7	-64.6	70	1
AL051962	ELLA	1962	10	21	18	00	37.5	-62.6	65	1
AL051962	ELLA	1962	10	22	00	00	39.5	-59.7	65	1
AL051962	ELLA	1962	10	22	06	00	42.9	-56.3	60	0
AL051962	ELLA	1962	10	22	12	00	46.7	-53.4	60	0
AL051962	ELLA	1962	10	22	18	00	49	-50	60	0
AL051962	ELLA	1962	10	23	00	00	52	-45.1	60	0
AL051962	ELLA	1962	10	23	06	00	54.1	-41.4	60	0
AL051962	ELLA	1962	10	23	12	00	56.2	-37	60	0
