AL051960	DONNA	1960	08	29	18	00	10.2	-21.5	25	0
AL051960	DONNA	1960	08	30	00	00	10.1	-24.2	25	0
AL051960	DONNA	1960	08	30	06	00	10.2	-25.5	30	0
AL051960	DONNA	1960	08	30	12	00	10.3	-26.9	35	0
AL051960	DONNA	1960	08	30	18	00	10.5	-28.4	35	0
AL051960	DONNA	1960	08	31	00	00	10.8	-30	35	0
AL051960	DONNA	1960	08	31	06	00	10.9	-31.6	35	0
AL051960	DONNA	1960	08	31	12	00	11	-33.1	35	0
AL051960	DONNA	1960	08	31	18	00	11.4	-34.6	35	0
AL051960	DONNA	1960	09	01	00	00	11.8	-36.2	40	0
AL051960	DONNA	1960	09	01	06	00	12	-37.8	50	0
AL051960	DONNA	1960	09	01	12	00	12.2	-39.4	65	1
AL051960	DONNA	1960	09	01	18	00	12.6	-41.1	80	1
AL051960	DONNA	1960	09	02	00	00	12.9	-42.8	95	2
AL051960	DONNA	1960	09	02	06	00	13.3	-44.3	105	3
AL051960	DONNA	1960	09	02	12	00	13.6	-45.8	115	4
AL051960	DONNA	1960	09	02	18	00	13.9	-47.6	120	4
AL051960	DONNA	1960	09	03	00	00	14.3	-49.4	125	4
AL051960	DONNA	1960	09	03	06	00	14.7	-51.2	130	4
AL051960	DONNA	1960	09	03	12	00	15.2	-52.9	130	4
AL051960	DONNA	1960	09	03	18	00	15.6	-54.6	135	4
AL051960	DONNA	1960	09	04	00	00	16	-56.3	135	4
AL051960	DONNA	1960	09	04	06	00	16.4	-58	140	5
AL051960	DONNA	1960	09	04	12	00	16.8	-59.5	140	5
AL051960	DONNA	1960	09	04	18	00	17.2	-60.8	135	4
AL051960	DONNA	1960	09	05	00	00	17.7	-62	130	4
AL051960	DONNA	1960	09	05	06	00	18.4	-63.4	120	4
AL051960	DONNA	1960	09	05	12	00	19.1	-64.7	115	4
AL051960	DONNA	1960	09	05	18	00	19.7	-65.7	110	3
AL051960	DONNA	1960	09	06	00	00	20.3	-66.5	110	3
AL051960	DONNA	1960	09	06	06	00	20.8	-67.3	110	3
AL051960	DONNA	1960	09	06	12	00	21.2	-68.1	110	3
AL051960	DONNA	1960	09	06	18	00	21.5	-68.9	115	4
AL051960	DONNA	1960	09	07	00	00	21.8	-69.7	120	4
AL051960	DONNA	1960	09	07	06	00	22	-70.5	120	4
AL051960	DONNA	1960	09	07	12	00	22.1	-71.3	125	4
AL051960	DONNA	1960	09	07	18	00	22.1	-72.2	125	4
AL051960	DONNA	1960	09	08	00	00	22.2	-73.2	130	4
AL051960	DONNA	1960	09	08	06	00	22.3	-74.3	130	4
AL051960	DONNA	1960	09	08	12	00	22.3	-75.3	130	4
AL051960	DONNA	1960	09	08	18	00	22.4	-76.1	130	4
AL051960	DONNA	1960	09	09	00	00	22.4	-76.9	130	4
AL051960	DONNA	1960	09	09	06	00	22.7	-77.8	130	4
AL051960	DONNA	1960	09	09	12	00	23.2	-78.7	130	4
AL051960	DONNA	1960	09	09	18	00	23.7	-79.4	125	4
AL051960	DONNA	1960	09	10	00	00	24.2	-80.1	120	4
AL051960	DONNA	1960	09	10	06	00	24.7	-80.7	115	4
AL051960	DONNA	1960	09	10	12	00	25.3	-81.3	120	4
AL051960	DONNA	1960	09	10	18	00	26.2	-81.7	115	4
AL051960	DONNA	1960	09	11	00	00	27.3	-81.9	105	3
AL051960	DONNA	1960	09	11	06	00	28.5	-81.7	100	3
AL051960	DONNA	1960	09	11	12	00	29.9	-80.8	90	2
AL051960	DONNA	1960	09	11	18	00	31.4	-79.5	90	2
AL051960	DONNA	1960	09	12	00	00	33.1	-78	95	2
AL051960	DONNA	1960	09	12	06	00	35	-76.9	90	2
AL051960	DONNA	1960	09	12	12	00	37.3	-74.8	95	2
AL051960	DONNA	1960	09	12	18	00	40	-73.1	90	2
AL051960	DONNA	1960	09	13	00	00	43.1	-71.2	75	1
AL051960	DONNA	1960	09	13	06	00	46.6	-68.9	60	0
AL051960	DONNA	1960	09	13	12	00	50	-66	55	0
AL051960	DONNA	1960	09	13	18	00	53.1	-62.5	45	0
AL051960	DONNA	1960	09	14	00	00	56	-58.2	35	0
