AL052001	DEAN	2001	08	22	12	00	17.9	-64.3	45	0
AL052001	DEAN	2001	08	22	18	00	19.1	-65.9	50	0
AL052001	DEAN	2001	08	23	00	00	19.8	-67.4	50	0
AL052001	DEAN	2001	08	23	06	00	20.7	-68.9	50	0
AL052001	DEAN	2001	08	23	12	00	21.6	-69.8	30	0
AL052001	DEAN	2001	08	23	18	00	23	-70.2	25	0
AL052001	DEAN	2001	08	24	00	00	24.6	-70.8	25	0
AL052001	DEAN	2001	08	24	06	00	26.6	-70.7	25	0
AL052001	DEAN	2001	08	24	12	00	28.6	-70.7	25	0
AL052001	DEAN	2001	08	24	18	00	30.3	-70.2	25	0
AL052001	DEAN	2001	08	25	00	00	31.5	-69.4	25	0
AL052001	DEAN	2001	08	25	06	00	32.7	-67.9	25	0
AL052001	DEAN	2001	08	25	12	00	34	-66.5	25	0
AL052001	DEAN	2001	08	25	18	00	35	-66	25	0
AL052001	DEAN	2001	08	26	00	00	35	-66	25	0
AL052001	DEAN	2001	08	26	06	00	35	-66	25	0
AL052001	DEAN	2001	08	26	12	00	35.2	-65.5	25	0
AL052001	DEAN	2001	08	26	18	00	35.5	-65	30	0
AL052001	DEAN	2001	08	27	00	00	36.3	-63.3	40	0
AL052001	DEAN	2001	08	27	06	00	37.7	-62	50	0
AL052001	DEAN	2001	08	27	12	00	38.9	-60.7	55	0
AL052001	DEAN	2001	08	27	18	00	40.6	-59.4	60	0
AL052001	DEAN	2001	08	28	00	00	42.1	-57.5	60	0
AL052001	DEAN	2001	08	28	06	00	43.5	-56	55	0
AL052001	DEAN	2001	08	28	12	00	44	-53.4	50	0
AL052001	DEAN	2001	08	28	18	00	45.5	-50.5	45	0
AL052001	DEAN	2001	08	29	00	00	47	-48.5	45	0
AL052001	DEAN	2001	08	29	06	00	49	-45	45	0
AL052001	DEAN	2001	08	29	12	00	51	-40.9	40	0
