AL051956	DORA	1956	09	10	06	00	20.5	-91.1	35	0
AL051956	DORA	1956	09	10	12	00	20.8	-92.1	45	0
AL051956	DORA	1956	09	10	18	00	21.1	-93	50	0
AL051956	DORA	1956	09	11	00	00	21.3	-93.8	55	0
AL051956	DORA	1956	09	11	06	00	21.5	-94.4	55	0
AL051956	DORA	1956	09	11	12	00	21.6	-95	60	0
AL051956	DORA	1956	09	11	18	00	21.5	-95.5	60	0
AL051956	DORA	1956	09	12	00	00	21.4	-96	60	0
AL051956	DORA	1956	09	12	06	00	21.3	-96.4	60	0
AL051956	DORA	1956	09	12	12	00	21.1	-96.8	50	0
AL051956	DORA	1956	09	12	18	00	20.8	-97.4	30	0
