AL051920	UNNAMED	1920	09	25	06	00	25	-83	25	0
AL051920	UNNAMED	1920	09	25	12	00	25	-83.7	25	0
AL051920	UNNAMED	1920	09	25	18	00	25.1	-84.4	25	0
AL051920	UNNAMED	1920	09	26	00	00	25.3	-85.2	25	0
AL051920	UNNAMED	1920	09	26	06	00	25.4	-85.9	25	0
AL051920	UNNAMED	1920	09	26	12	00	25.5	-86.5	30	0
AL051920	UNNAMED	1920	09	26	18	00	25.5	-87	30	0
AL051920	UNNAMED	1920	09	27	00	00	25.4	-87.4	30	0
AL051920	UNNAMED	1920	09	27	06	00	25.3	-87.7	30	0
AL051920	UNNAMED	1920	09	27	12	00	25.2	-88	35	0
AL051920	UNNAMED	1920	09	27	18	00	25.1	-88.3	35	0
AL051920	UNNAMED	1920	09	28	00	00	25	-88.5	40	0
AL051920	UNNAMED	1920	09	28	06	00	24.9	-88.6	40	0
AL051920	UNNAMED	1920	09	28	12	00	24.8	-88.7	45	0
AL051920	UNNAMED	1920	09	28	18	00	24.9	-88.8	50	0
AL051920	UNNAMED	1920	09	29	00	00	25.1	-88.9	55	0
AL051920	UNNAMED	1920	09	29	06	00	25.4	-89	60	0
AL051920	UNNAMED	1920	09	29	12	00	25.8	-88.9	70	1
AL051920	UNNAMED	1920	09	29	18	00	26.4	-88.3	75	1
AL051920	UNNAMED	1920	09	30	00	00	27.2	-86.8	65	1
AL051920	UNNAMED	1920	09	30	06	00	28.2	-84.4	55	0
AL051920	UNNAMED	1920	09	30	09	00	28.9	-82.9	55	0
AL051920	UNNAMED	1920	09	30	12	00	29.5	-81.5	45	0
AL051920	UNNAMED	1920	09	30	18	00	31.1	-78	45	0
