id,name,year,month,day,hour,minute,lat,lon,max_sustained_wind_kts,sshws
AL051928,UNNAMED,1928,09,08,12,00,18,-48,35,0
AL051928,UNNAMED,1928,09,08,18,00,19,-48.6,35,0
AL051928,UNNAMED,1928,09,09,00,00,20.1,-49.3,40,0
AL051928,UNNAMED,1928,09,09,06,00,21.4,-50.1,45,0
AL051928,UNNAMED,1928,09,09,12,00,23,-51,50,0
AL051928,UNNAMED,1928,09,09,18,00,24.9,-52.5,55,0
AL051928,UNNAMED,1928,09,10,00,00,27,-54,60,0
AL051928,UNNAMED,1928,09,10,06,00,29.3,-54.3,60,0
AL051928,UNNAMED,1928,09,10,12,00,31.5,-54,60,0
AL051928,UNNAMED,1928,09,10,18,00,33.5,-53,60,0
AL051928,UNNAMED,1928,09,11,00,00,35.4,-50.3,60,0
AL051928,UNNAMED,1928,09,11,06,00,37.2,-48,60,0
AL051928,UNNAMED,1928,09,11,12,00,39,-45,60,0
AL051928,UNNAMED,1928,09,11,18,00,40.6,-42.5,60,0
AL051928,UNNAMED,1928,09,12,00,00,42,-40,60,0
AL051928,UNNAMED,1928,09,12,06,00,43.2,-37.5,60,0
AL051928,UNNAMED,1928,09,12,12,00,44.5,-35,60,0
AL051928,UNNAMED,1928,09,12,18,00,46,-32.5,55,0
AL051928,UNNAMED,1928,09,13,00,00,47.7,-30.5,50,0
AL051928,UNNAMED,1928,09,13,06,00,49.5,-29,45,0
