id,name,year,month,day,hour,minute,lat,lon,max_sustained_wind_kts,sshws
AL051952,DOG,1952,09,25,06,00,14,-51,50,0
AL051952,DOG,1952,09,25,12,00,14.8,-51.6,50,0
AL051952,DOG,1952,09,25,18,00,15.2,-51.9,50,0
AL051952,DOG,1952,09,26,00,00,15.5,-52.3,55,0
AL051952,DOG,1952,09,26,06,00,15.9,-52.8,55,0
AL051952,DOG,1952,09,26,12,00,16.2,-53.4,60,0
AL051952,DOG,1952,09,26,18,00,16.6,-54,70,1
AL051952,DOG,1952,09,27,00,00,17,-54.6,75,1
AL051952,DOG,1952,09,27,06,00,17.5,-55,70,1
AL051952,DOG,1952,09,27,12,00,18,-55.4,55,0
AL051952,DOG,1952,09,27,18,00,18.7,-55.9,45,0
AL051952,DOG,1952,09,28,00,00,19.3,-56.4,40,0
AL051952,DOG,1952,09,28,06,00,19.8,-56.9,40,0
AL051952,DOG,1952,09,28,12,00,20.2,-57.3,40,0
AL051952,DOG,1952,09,28,18,00,20.7,-57.7,35,0
AL051952,DOG,1952,09,29,00,00,21.3,-58.1,35,0
AL051952,DOG,1952,09,29,06,00,21.7,-58.7,35,0
