AL051859	UNNAMED	1859	09	15	00	00	28	-89	70	1
AL051859	UNNAMED	1859	09	15	06	00	28.5	-89	70	1
AL051859	UNNAMED	1859	09	15	12	00	29	-88.9	70	1
AL051859	UNNAMED	1859	09	15	18	00	29.6	-88.6	70	1
AL051859	UNNAMED	1859	09	16	00	00	30.3	-88.1	70	1
AL051859	UNNAMED	1859	09	16	06	00	31.1	-87.5	50	0
AL051859	UNNAMED	1859	09	16	12	00	32	-86.8	40	0
AL051859	UNNAMED	1859	09	16	18	00	33.1	-84.8	40	0
AL051859	UNNAMED	1859	09	17	00	00	34.3	-82.5	40	0
AL051859	UNNAMED	1859	09	17	06	00	35.6	-80	40	0
AL051859	UNNAMED	1859	09	17	12	00	37	-77.5	50	0
AL051859	UNNAMED	1859	09	17	18	00	38.5	-74.5	60	0
AL051859	UNNAMED	1859	09	18	00	00	40	-71	70	1
AL051859	UNNAMED	1859	09	18	06	00	41.2	-66.5	70	1
AL051859	UNNAMED	1859	09	18	12	00	42	-61	70	1
AL051859	UNNAMED	1859	09	18	18	00	42.5	-55	70	1
