AL051995	ERIN	1995	07	31	00	00	22.3	-73.2	45	0
AL051995	ERIN	1995	07	31	06	00	22.6	-73.6	50	0
AL051995	ERIN	1995	07	31	12	00	22.8	-73.9	55	0
AL051995	ERIN	1995	07	31	18	00	23.2	-74.3	60	0
AL051995	ERIN	1995	08	01	00	00	23.6	-74.9	70	1
AL051995	ERIN	1995	08	01	06	00	24.3	-75.7	75	1
AL051995	ERIN	1995	08	01	12	00	25.5	-76.3	75	1
AL051995	ERIN	1995	08	01	18	00	26.3	-77.7	75	1
AL051995	ERIN	1995	08	02	00	00	26.9	-79	75	1
AL051995	ERIN	1995	08	02	06	00	27.7	-80.4	75	1
AL051995	ERIN	1995	08	02	06	15	27.7	-80.3	75	1
AL051995	ERIN	1995	08	02	12	00	28.2	-81.9	50	0
AL051995	ERIN	1995	08	02	18	00	28.6	-83.4	60	0
AL051995	ERIN	1995	08	03	00	00	28.8	-84.7	65	1
AL051995	ERIN	1995	08	03	06	00	29.3	-85.7	70	1
AL051995	ERIN	1995	08	03	12	00	29.8	-86.6	80	1
AL051995	ERIN	1995	08	03	13	30	30	-86.8	85	2
AL051995	ERIN	1995	08	03	16	00	30.3	-87.2	75	1
AL051995	ERIN	1995	08	03	18	00	30.6	-87.5	65	1
AL051995	ERIN	1995	08	04	00	00	31.4	-88.5	45	0
AL051995	ERIN	1995	08	04	06	00	32.3	-89.1	35	0
AL051995	ERIN	1995	08	04	12	00	33.2	-89.7	20	0
AL051995	ERIN	1995	08	04	18	00	34.1	-90.2	20	0
AL051995	ERIN	1995	08	05	00	00	34.8	-90.2	20	0
AL051995	ERIN	1995	08	05	06	00	35.4	-90.1	20	0
AL051995	ERIN	1995	08	05	12	00	36.3	-89.8	20	0
AL051995	ERIN	1995	08	05	18	00	37.5	-88.8	20	0
AL051995	ERIN	1995	08	06	00	00	38.4	-86.8	20	0
AL051995	ERIN	1995	08	06	06	00	38.7	-84.9	20	0
AL051995	ERIN	1995	08	06	12	00	38.8	-82	20	0
