AL051874	UNNAMED	1874	09	08	00	00	25.8	-70.6	50	0
AL051874	UNNAMED	1874	09	08	06	00	26.7	-71.3	50	0
AL051874	UNNAMED	1874	09	08	12	00	27.7	-72.1	50	0
AL051874	UNNAMED	1874	09	08	18	00	28.8	-72.8	50	0
AL051874	UNNAMED	1874	09	09	00	00	29.9	-73.1	50	0
AL051874	UNNAMED	1874	09	09	06	00	31	-73.4	50	0
AL051874	UNNAMED	1874	09	09	12	00	32.2	-73.6	50	0
AL051874	UNNAMED	1874	09	09	18	00	33.8	-73	50	0
AL051874	UNNAMED	1874	09	10	00	00	35.5	-71.8	50	0
AL051874	UNNAMED	1874	09	10	06	00	36.5	-69.6	50	0
AL051874	UNNAMED	1874	09	10	12	00	37.5	-67.3	50	0
AL051874	UNNAMED	1874	09	10	18	00	38.5	-65.1	50	0
AL051874	UNNAMED	1874	09	11	00	00	39.9	-63.3	50	0
AL051874	UNNAMED	1874	09	11	06	00	42	-60.8	50	0
AL051874	UNNAMED	1874	09	11	12	00	44	-58.5	50	0
AL051874	UNNAMED	1874	09	11	18	00	45.5	-56.8	50	0
