AL051878	UNNAMED	1878	09	01	00	00	8.5	-54.2	50	0
AL051878	UNNAMED	1878	09	01	06	00	8.7	-55.6	50	0
AL051878	UNNAMED	1878	09	01	12	00	9	-57	60	0
AL051878	UNNAMED	1878	09	01	18	00	9.6	-58.4	60	0
AL051878	UNNAMED	1878	09	02	00	00	10.3	-59.9	70	1
AL051878	UNNAMED	1878	09	02	06	00	11.3	-61.7	80	1
AL051878	UNNAMED	1878	09	02	12	00	12.3	-63.3	80	1
AL051878	UNNAMED	1878	09	02	18	00	13.3	-64.8	80	1
AL051878	UNNAMED	1878	09	03	00	00	14.3	-66.3	80	1
AL051878	UNNAMED	1878	09	03	06	00	15.2	-67.8	80	1
AL051878	UNNAMED	1878	09	03	12	00	16	-69.3	80	1
AL051878	UNNAMED	1878	09	03	18	00	16.7	-70.1	80	1
AL051878	UNNAMED	1878	09	04	00	00	17.5	-71.1	80	1
AL051878	UNNAMED	1878	09	04	06	00	18.2	-72.1	70	1
AL051878	UNNAMED	1878	09	04	12	00	18.9	-73	60	0
AL051878	UNNAMED	1878	09	04	18	00	19.5	-73.9	70	1
AL051878	UNNAMED	1878	09	05	00	00	20	-74.6	70	1
AL051878	UNNAMED	1878	09	05	06	00	20.5	-75.6	60	0
AL051878	UNNAMED	1878	09	05	12	00	21	-76.6	60	0
AL051878	UNNAMED	1878	09	05	18	00	21.5	-77.1	60	0
AL051878	UNNAMED	1878	09	06	00	00	21.9	-77.8	50	0
AL051878	UNNAMED	1878	09	06	06	00	22.1	-78.4	50	0
AL051878	UNNAMED	1878	09	06	12	00	22.3	-79	50	0
AL051878	UNNAMED	1878	09	06	18	00	22.5	-79.5	50	0
AL051878	UNNAMED	1878	09	07	00	00	22.8	-80	50	0
AL051878	UNNAMED	1878	09	07	06	00	23.1	-80.5	50	0
AL051878	UNNAMED	1878	09	07	12	00	23.6	-80.8	50	0
AL051878	UNNAMED	1878	09	07	18	00	24.3	-80.9	50	0
AL051878	UNNAMED	1878	09	07	21	00	24.7	-80.9	60	0
AL051878	UNNAMED	1878	09	08	00	00	25	-81	60	0
AL051878	UNNAMED	1878	09	08	02	00	25.2	-81	60	0
AL051878	UNNAMED	1878	09	08	06	00	25.8	-81.2	50	0
AL051878	UNNAMED	1878	09	08	12	00	26.5	-81.5	40	0
AL051878	UNNAMED	1878	09	08	18	00	26.9	-81.9	40	0
AL051878	UNNAMED	1878	09	09	00	00	27.2	-82.4	40	0
AL051878	UNNAMED	1878	09	09	06	00	27.4	-82.9	50	0
AL051878	UNNAMED	1878	09	09	12	00	27.6	-83.3	60	0
AL051878	UNNAMED	1878	09	09	18	00	27.8	-83.5	70	1
AL051878	UNNAMED	1878	09	10	00	00	28	-83.4	80	1
AL051878	UNNAMED	1878	09	10	06	00	28.3	-83	90	2
AL051878	UNNAMED	1878	09	10	11	00	28.6	-82.6	90	2
AL051878	UNNAMED	1878	09	10	12	00	28.7	-82.5	80	1
AL051878	UNNAMED	1878	09	10	18	00	29.2	-82	70	1
AL051878	UNNAMED	1878	09	11	00	00	29.7	-81.5	60	0
AL051878	UNNAMED	1878	09	11	06	00	30.1	-81.1	70	1
AL051878	UNNAMED	1878	09	11	12	00	30.5	-80.9	80	1
AL051878	UNNAMED	1878	09	11	18	00	30.9	-80.7	80	1
AL051878	UNNAMED	1878	09	12	00	00	31.3	-80.6	80	1
AL051878	UNNAMED	1878	09	12	06	00	31.8	-80.5	80	1
AL051878	UNNAMED	1878	09	12	12	00	32.5	-80.4	80	1
AL051878	UNNAMED	1878	09	12	18	00	34	-80.1	60	0
AL051878	UNNAMED	1878	09	13	00	00	36.5	-79.8	50	0
AL051878	UNNAMED	1878	09	13	06	00	39	-79.4	50	0
AL051878	UNNAMED	1878	09	13	12	00	41.5	-79	40	0
AL051878	UNNAMED	1878	09	13	18	00	44	-78.5	40	0
