AL051880	UNNAMED	1880	08	26	00	00	19.5	-42.5	50	0
AL051880	UNNAMED	1880	08	26	06	00	19.9	-43.7	50	0
AL051880	UNNAMED	1880	08	26	12	00	20.5	-45	50	0
AL051880	UNNAMED	1880	08	26	18	00	21.2	-46.5	50	0
AL051880	UNNAMED	1880	08	27	00	00	22.2	-48.2	60	0
AL051880	UNNAMED	1880	08	27	06	00	23.1	-49.8	60	0
AL051880	UNNAMED	1880	08	27	12	00	24	-51.5	60	0
AL051880	UNNAMED	1880	08	27	18	00	24.9	-52.9	60	0
AL051880	UNNAMED	1880	08	28	00	00	25.8	-54.3	60	0
AL051880	UNNAMED	1880	08	28	06	00	26.6	-55.5	60	0
AL051880	UNNAMED	1880	08	28	12	00	27.5	-57	70	1
AL051880	UNNAMED	1880	08	28	18	00	28.2	-57.9	70	1
AL051880	UNNAMED	1880	08	29	00	00	29	-59.2	70	1
AL051880	UNNAMED	1880	08	29	06	00	29.8	-60.4	70	1
AL051880	UNNAMED	1880	08	29	12	00	30.5	-61.6	70	1
AL051880	UNNAMED	1880	08	29	18	00	31.2	-62.6	70	1
AL051880	UNNAMED	1880	08	30	00	00	31.9	-63.5	70	1
AL051880	UNNAMED	1880	08	30	06	00	32.5	-64.1	70	1
AL051880	UNNAMED	1880	08	30	12	00	33	-64.4	80	1
AL051880	UNNAMED	1880	08	30	18	00	33.3	-64.5	80	1
AL051880	UNNAMED	1880	08	31	00	00	33.5	-64.3	80	1
AL051880	UNNAMED	1880	08	31	06	00	33.5	-64	80	1
AL051880	UNNAMED	1880	08	31	12	00	33.7	-63.7	80	1
AL051880	UNNAMED	1880	08	31	18	00	33.9	-63.4	80	1
AL051880	UNNAMED	1880	09	01	00	00	34.2	-62.9	80	1
AL051880	UNNAMED	1880	09	01	06	00	34.4	-62.5	80	1
AL051880	UNNAMED	1880	09	01	12	00	34.5	-62	70	1
AL051880	UNNAMED	1880	09	01	18	00	34.5	-61.7	70	1
AL051880	UNNAMED	1880	09	02	00	00	34.5	-61.4	70	1
AL051880	UNNAMED	1880	09	02	06	00	34.5	-61.1	70	1
AL051880	UNNAMED	1880	09	02	12	00	34.5	-60.7	70	1
AL051880	UNNAMED	1880	09	02	18	00	34.5	-60.4	70	1
AL051880	UNNAMED	1880	09	03	00	00	34.4	-60.1	70	1
AL051880	UNNAMED	1880	09	03	06	00	34.4	-59.8	70	1
AL051880	UNNAMED	1880	09	03	12	00	34.5	-59.5	60	0
AL051880	UNNAMED	1880	09	03	18	00	34.9	-58.9	60	0
AL051880	UNNAMED	1880	09	04	00	00	35.4	-58.3	60	0
AL051880	UNNAMED	1880	09	04	06	00	36	-57.8	60	0
AL051880	UNNAMED	1880	09	04	12	00	36.7	-57.3	60	0
AL051880	UNNAMED	1880	09	04	18	00	37.5	-56.8	60	0
