id,name,year,month,day,hour,minute,lat,lon,max_sustained_wind_kts,sshws
AL051911,UNNAMED,1911,09,15,12,00,34,-55,45,0
AL051911,UNNAMED,1911,09,15,18,00,34,-55,45,0
AL051911,UNNAMED,1911,09,16,00,00,34,-55,45,0
AL051911,UNNAMED,1911,09,16,06,00,34,-55.1,50,0
AL051911,UNNAMED,1911,09,16,12,00,34,-55.5,50,0
AL051911,UNNAMED,1911,09,16,18,00,34,-56.3,50,0
AL051911,UNNAMED,1911,09,17,00,00,34,-57.3,55,0
AL051911,UNNAMED,1911,09,17,06,00,34,-58.7,55,0
AL051911,UNNAMED,1911,09,17,12,00,34,-60,55,0
AL051911,UNNAMED,1911,09,17,18,00,34.5,-61,55,0
AL051911,UNNAMED,1911,09,18,00,00,35.5,-61.8,50,0
AL051911,UNNAMED,1911,09,18,06,00,37,-62.6,50,0
AL051911,UNNAMED,1911,09,18,12,00,38,-63.5,45,0
AL051911,UNNAMED,1911,09,18,18,00,38.8,-64.5,45,0
AL051911,UNNAMED,1911,09,19,00,00,39.4,-65.7,40,0
AL051911,UNNAMED,1911,09,19,06,00,39.8,-66.7,40,0
AL051911,UNNAMED,1911,09,19,12,00,40,-67.5,40,0
AL051911,UNNAMED,1911,09,19,18,00,39.9,-67.8,40,0
AL051911,UNNAMED,1911,09,20,00,00,39.6,-67.6,35,0
AL051911,UNNAMED,1911,09,20,06,00,39.3,-67.3,35,0
AL051911,UNNAMED,1911,09,20,12,00,39,-67,30,0
AL051911,UNNAMED,1911,09,20,18,00,38.7,-66.7,25,0
