id,name,year,month,day,hour,minute,lat,lon,max_sustained_wind_kts,sshws
AL051909,UNNAMED,1909,08,06,00,00,16.6,-79.5,30,0
AL051909,UNNAMED,1909,08,06,06,00,17.3,-80,30,0
AL051909,UNNAMED,1909,08,06,12,00,18,-80.5,30,0
AL051909,UNNAMED,1909,08,06,18,00,18.8,-81.2,30,0
AL051909,UNNAMED,1909,08,07,00,00,19.6,-82,35,0
AL051909,UNNAMED,1909,08,07,06,00,20.6,-83,35,0
AL051909,UNNAMED,1909,08,07,12,00,21,-84.3,40,0
AL051909,UNNAMED,1909,08,07,18,00,20.9,-85.4,40,0
AL051909,UNNAMED,1909,08,08,00,00,20.8,-86.5,40,0
AL051909,UNNAMED,1909,08,08,06,00,20.6,-87.6,35,0
AL051909,UNNAMED,1909,08,08,12,00,20.5,-88.5,30,0
AL051909,UNNAMED,1909,08,08,18,00,20.4,-89.3,30,0
AL051909,UNNAMED,1909,08,09,00,00,20.4,-90.4,30,0
AL051909,UNNAMED,1909,08,09,06,00,20.4,-91.4,35,0
AL051909,UNNAMED,1909,08,09,12,00,20.5,-92.5,35,0
AL051909,UNNAMED,1909,08,09,18,00,20.9,-93.9,35,0
AL051909,UNNAMED,1909,08,10,00,00,21.5,-95.4,35,0
AL051909,UNNAMED,1909,08,10,06,00,22.3,-97,35,0
AL051909,UNNAMED,1909,08,10,12,00,23,-98.5,30,0
AL051909,UNNAMED,1909,08,10,18,00,23.7,-99.8,25,0
