id,name,year,month,day,hour,minute,lat,lon,max_sustained_wind_kts,sshws
AL051931,UNNAMED,1931,09,01,00,00,18.6,-60.9,25,0
AL051931,UNNAMED,1931,09,01,06,00,18.7,-61.7,25,0
AL051931,UNNAMED,1931,09,01,12,00,18.8,-62.5,25,0
AL051931,UNNAMED,1931,09,01,18,00,18.9,-63.2,25,0
AL051931,UNNAMED,1931,09,02,00,00,19,-63.9,30,0
AL051931,UNNAMED,1931,09,02,06,00,19.1,-64.6,30,0
AL051931,UNNAMED,1931,09,02,12,00,19.2,-65.4,30,0
AL051931,UNNAMED,1931,09,02,18,00,19.3,-66.4,30,0
AL051931,UNNAMED,1931,09,03,00,00,19.4,-67.6,35,0
AL051931,UNNAMED,1931,09,03,06,00,19.5,-68.5,35,0
AL051931,UNNAMED,1931,09,03,12,00,19.5,-69.4,40,0
AL051931,UNNAMED,1931,09,03,18,00,19.5,-70.8,35,0
AL051931,UNNAMED,1931,09,04,00,00,19.5,-72.3,30,0
