AL051910	UNNAMED	1910	10	09	06	00	11.2	-79.5	30	0
AL051910	UNNAMED	1910	10	09	12	00	11.3	-79.7	30	0
AL051910	UNNAMED	1910	10	09	18	00	11.3	-79.7	30	0
AL051910	UNNAMED	1910	10	10	00	00	11.4	-79.8	30	0
AL051910	UNNAMED	1910	10	10	06	00	11.6	-79.9	30	0
AL051910	UNNAMED	1910	10	10	12	00	11.8	-80	30	0
AL051910	UNNAMED	1910	10	10	18	00	12.1	-80.1	30	0
AL051910	UNNAMED	1910	10	11	00	00	12.4	-80.3	35	0
AL051910	UNNAMED	1910	10	11	06	00	12.8	-80.5	35	0
AL051910	UNNAMED	1910	10	11	12	00	13.2	-80.7	40	0
AL051910	UNNAMED	1910	10	11	18	00	13.8	-80.9	45	0
AL051910	UNNAMED	1910	10	12	00	00	14.6	-81.1	50	0
AL051910	UNNAMED	1910	10	12	06	00	15.2	-81.3	55	0
AL051910	UNNAMED	1910	10	12	12	00	16	-81.5	65	1
AL051910	UNNAMED	1910	10	12	18	00	16.9	-81.8	75	1
AL051910	UNNAMED	1910	10	13	00	00	17.7	-82.1	85	2
AL051910	UNNAMED	1910	10	13	06	00	18.6	-82.3	90	2
AL051910	UNNAMED	1910	10	13	12	00	19.5	-82.5	95	2
AL051910	UNNAMED	1910	10	13	18	00	20.4	-82.7	95	2
AL051910	UNNAMED	1910	10	14	00	00	21.4	-83	100	3
AL051910	UNNAMED	1910	10	14	06	00	22.3	-83.6	100	3
AL051910	UNNAMED	1910	10	14	12	00	23	-84	90	2
AL051910	UNNAMED	1910	10	14	18	00	23.3	-84.2	85	2
AL051910	UNNAMED	1910	10	15	00	00	23.6	-84.4	90	2
AL051910	UNNAMED	1910	10	15	06	00	23.7	-84.7	90	2
AL051910	UNNAMED	1910	10	15	12	00	23.7	-85	90	2
AL051910	UNNAMED	1910	10	15	18	00	23.6	-85.2	90	2
AL051910	UNNAMED	1910	10	16	00	00	23.4	-85.3	100	3
AL051910	UNNAMED	1910	10	16	06	00	23.2	-85.4	110	3
AL051910	UNNAMED	1910	10	16	12	00	22.9	-85.5	120	4
AL051910	UNNAMED	1910	10	16	18	00	22.4	-85.4	130	4
AL051910	UNNAMED	1910	10	17	00	00	22.1	-84.9	130	4
AL051910	UNNAMED	1910	10	17	06	00	22.5	-84.3	125	4
AL051910	UNNAMED	1910	10	17	12	00	23.4	-83.5	120	4
AL051910	UNNAMED	1910	10	17	18	00	24.4	-82.8	115	4
AL051910	UNNAMED	1910	10	18	00	00	25.5	-82.2	105	3
AL051910	UNNAMED	1910	10	18	06	00	26.5	-82	95	2
AL051910	UNNAMED	1910	10	18	12	00	27.5	-81.9	70	1
AL051910	UNNAMED	1910	10	18	18	00	28.3	-81.9	60	0
AL051910	UNNAMED	1910	10	19	00	00	29.2	-81.9	50	0
AL051910	UNNAMED	1910	10	19	06	00	30.1	-81.9	50	0
AL051910	UNNAMED	1910	10	19	12	00	31	-81.6	50	0
AL051910	UNNAMED	1910	10	19	18	00	32	-80.6	60	0
AL051910	UNNAMED	1910	10	20	00	00	32.7	-79.8	60	0
AL051910	UNNAMED	1910	10	20	06	00	33.6	-78.5	60	0
AL051910	UNNAMED	1910	10	20	12	00	34.4	-77.1	55	0
AL051910	UNNAMED	1910	10	20	18	00	35.3	-75	50	0
AL051910	UNNAMED	1910	10	21	00	00	36	-72.3	45	0
AL051910	UNNAMED	1910	10	21	06	00	36.6	-69	45	0
AL051910	UNNAMED	1910	10	21	12	00	37	-66	45	0
AL051910	UNNAMED	1910	10	21	18	00	37	-64.4	40	0
AL051910	UNNAMED	1910	10	22	00	00	36.8	-63.2	40	0
AL051910	UNNAMED	1910	10	22	06	00	36.4	-61.8	40	0
AL051910	UNNAMED	1910	10	22	12	00	36	-61	40	0
AL051910	UNNAMED	1910	10	22	18	00	35.8	-60.1	40	0
AL051910	UNNAMED	1910	10	23	00	00	35.7	-58.9	35	0
AL051910	UNNAMED	1910	10	23	06	00	35.7	-58.2	35	0
AL051910	UNNAMED	1910	10	23	12	00	35.7	-57.3	35	0
AL051910	UNNAMED	1910	10	23	18	00	35.7	-56.4	35	0
