id,name,year,month,day,hour,minute,lat,lon,max_sustained_wind_kts,sshws
AL051900,UNNAMED,1900,10,04,06,00,21.2,-61.3,30,0
AL051900,UNNAMED,1900,10,04,12,00,22.2,-62.3,30,0
AL051900,UNNAMED,1900,10,04,18,00,23.2,-62.8,30,0
AL051900,UNNAMED,1900,10,05,00,00,24.2,-63.1,30,0
AL051900,UNNAMED,1900,10,05,06,00,25.1,-63.7,30,0
AL051900,UNNAMED,1900,10,05,12,00,25.9,-64.4,30,0
AL051900,UNNAMED,1900,10,05,18,00,26.3,-65.3,30,0
AL051900,UNNAMED,1900,10,06,00,00,26.7,-66.2,30,0
AL051900,UNNAMED,1900,10,06,06,00,27,-67.1,30,0
AL051900,UNNAMED,1900,10,06,12,00,27.2,-68,30,0
AL051900,UNNAMED,1900,10,06,18,00,27.3,-68.8,30,0
AL051900,UNNAMED,1900,10,07,00,00,27.3,-69.5,35,0
AL051900,UNNAMED,1900,10,07,06,00,27.3,-70.2,35,0
AL051900,UNNAMED,1900,10,07,12,00,27.4,-70.9,40,0
AL051900,UNNAMED,1900,10,07,18,00,27.5,-71.6,45,0
AL051900,UNNAMED,1900,10,08,00,00,27.5,-72.4,50,0
AL051900,UNNAMED,1900,10,08,06,00,27.1,-72.9,50,0
AL051900,UNNAMED,1900,10,08,12,00,26.5,-73,55,0
AL051900,UNNAMED,1900,10,08,18,00,26.4,-72.1,55,0
AL051900,UNNAMED,1900,10,09,00,00,26.9,-71.5,60,0
AL051900,UNNAMED,1900,10,09,06,00,27.6,-71.1,60,0
AL051900,UNNAMED,1900,10,09,12,00,29,-70.5,60,0
AL051900,UNNAMED,1900,10,09,18,00,30.7,-69.5,60,0
AL051900,UNNAMED,1900,10,10,00,00,33.4,-68.8,60,0
AL051900,UNNAMED,1900,10,10,06,00,36.4,-68.5,55,0
AL051900,UNNAMED,1900,10,10,12,00,38.5,-68.5,50,0
AL051900,UNNAMED,1900,10,10,18,00,39.8,-68.5,45,0
AL051900,UNNAMED,1900,10,11,00,00,41.2,-68.5,40,0
AL051900,UNNAMED,1900,10,11,06,00,42.8,-68.1,40,0
AL051900,UNNAMED,1900,10,11,12,00,44,-67,40,0
AL051900,UNNAMED,1900,10,11,18,00,45.2,-63.9,40,0
AL051900,UNNAMED,1900,10,12,00,00,46,-60.6,40,0
AL051900,UNNAMED,1900,10,12,06,00,47.1,-58.4,40,0
AL051900,UNNAMED,1900,10,12,12,00,48.5,-56.5,40,0
AL051900,UNNAMED,1900,10,12,18,00,49.7,-54.9,40,0
AL051900,UNNAMED,1900,10,13,00,00,51.1,-53.1,35,0
AL051900,UNNAMED,1900,10,13,06,00,52.3,-51.6,35,0
AL051900,UNNAMED,1900,10,13,12,00,53.7,-50,35,0
AL051900,UNNAMED,1900,10,13,18,00,55.3,-48.2,35,0
AL051900,UNNAMED,1900,10,14,00,00,56.8,-46.8,35,0
AL051900,UNNAMED,1900,10,14,06,00,58.2,-45.7,35,0
AL051900,UNNAMED,1900,10,14,12,00,59.5,-45.1,35,0
