id,name,year,month,day,hour,minute,lat,lon,max_sustained_wind_kts,sshws
AL051946,UNNAMED,1946,10,01,12,00,32.5,-36.5,30,0
AL051946,UNNAMED,1946,10,01,18,00,32.7,-36.3,35,0
AL051946,UNNAMED,1946,10,02,00,00,33,-36,40,0
AL051946,UNNAMED,1946,10,02,06,00,33.2,-35.4,45,0
AL051946,UNNAMED,1946,10,02,12,00,33.5,-34.5,50,0
AL051946,UNNAMED,1946,10,02,18,00,33.7,-33.3,50,0
AL051946,UNNAMED,1946,10,03,00,00,33.9,-31.8,50,0
AL051946,UNNAMED,1946,10,03,06,00,34.2,-30.3,50,0
AL051946,UNNAMED,1946,10,03,12,00,34.5,-29.5,55,0
AL051946,UNNAMED,1946,10,03,18,00,35,-29.2,60,0
AL051946,UNNAMED,1946,10,04,00,00,35.6,-29.2,65,1
AL051946,UNNAMED,1946,10,04,06,00,36.3,-29.2,70,1
AL051946,UNNAMED,1946,10,04,12,00,37,-29.5,75,1
AL051946,UNNAMED,1946,10,04,18,00,37.7,-29.7,80,1
AL051946,UNNAMED,1946,10,05,00,00,38.2,-29.7,80,1
AL051946,UNNAMED,1946,10,05,06,00,38.8,-29.5,75,1
AL051946,UNNAMED,1946,10,05,12,00,39.5,-29,70,1
AL051946,UNNAMED,1946,10,05,18,00,40.5,-28.3,65,1
AL051946,UNNAMED,1946,10,06,00,00,41.7,-27.5,60,0
AL051946,UNNAMED,1946,10,06,06,00,43,-26.5,55,0
