AL052013	ERIN	2013	08	15	00	00	13.9	-23.3	30	0
AL052013	ERIN	2013	08	15	06	00	14.1	-24.6	35	0
AL052013	ERIN	2013	08	15	12	00	14.3	-25.9	35	0
AL052013	ERIN	2013	08	15	18	00	14.7	-27.2	35	0
AL052013	ERIN	2013	08	16	00	00	15.3	-28.6	35	0
AL052013	ERIN	2013	08	16	06	00	15.9	-30	35	0
AL052013	ERIN	2013	08	16	12	00	16.5	-31.4	35	0
AL052013	ERIN	2013	08	16	18	00	17.3	-32.7	35	0
AL052013	ERIN	2013	08	17	00	00	18	-33.8	40	0
AL052013	ERIN	2013	08	17	06	00	18.8	-34.7	40	0
AL052013	ERIN	2013	08	17	12	00	19.6	-35.5	35	0
AL052013	ERIN	2013	08	17	18	00	20.3	-36.2	35	0
AL052013	ERIN	2013	08	18	00	00	20.6	-37.2	35	0
AL052013	ERIN	2013	08	18	06	00	20.6	-38	30	0
AL052013	ERIN	2013	08	18	12	00	20.5	-38.8	30	0
AL052013	ERIN	2013	08	18	18	00	20.4	-39.6	25	0
AL052013	ERIN	2013	08	19	00	00	20.3	-40.4	25	0
AL052013	ERIN	2013	08	19	06	00	20.2	-41.2	25	0
AL052013	ERIN	2013	08	19	12	00	20.1	-42	20	0
AL052013	ERIN	2013	08	19	18	00	20	-42.8	20	0
