id,name,year,month,day,hour,minute,lat,lon,max_sustained_wind_kts,sshws
AL051953,DOLLY,1953,09,08,06,00,20.3,-65.9,40,0
AL051953,DOLLY,1953,09,08,12,00,20,-66.7,50,0
AL051953,DOLLY,1953,09,08,18,00,19.4,-67.5,50,0
AL051953,DOLLY,1953,09,09,00,00,19.5,-68.2,55,0
AL051953,DOLLY,1953,09,09,06,00,20.1,-68.9,60,0
AL051953,DOLLY,1953,09,09,12,00,20.7,-69.4,65,1
AL051953,DOLLY,1953,09,09,18,00,21.3,-69.8,85,2
AL051953,DOLLY,1953,09,10,00,00,22,-70.1,95,2
AL051953,DOLLY,1953,09,10,06,00,22.8,-70.3,100,3
AL051953,DOLLY,1953,09,10,12,00,23.7,-70.5,100,3
AL051953,DOLLY,1953,09,10,18,00,24.9,-70.6,100,3
AL051953,DOLLY,1953,09,11,00,00,26.1,-70.5,95,2
AL051953,DOLLY,1953,09,11,06,00,27.6,-70,90,2
AL051953,DOLLY,1953,09,11,12,00,29,-69,85,2
AL051953,DOLLY,1953,09,11,18,00,30.4,-67.6,75,1
AL051953,DOLLY,1953,09,12,00,00,31.8,-65.9,60,0
AL051953,DOLLY,1953,09,12,06,00,33.3,-64,60,0
AL051953,DOLLY,1953,09,12,12,00,34.9,-61.8,55,0
AL051953,DOLLY,1953,09,12,18,00,36.8,-58.9,55,0
AL051953,DOLLY,1953,09,13,00,00,38.8,-55.6,50,0
AL051953,DOLLY,1953,09,13,06,00,40.4,-51.6,50,0
AL051953,DOLLY,1953,09,13,12,00,41.7,-48,50,0
AL051953,DOLLY,1953,09,13,18,00,42.5,-45.7,50,0
AL051953,DOLLY,1953,09,14,00,00,42.9,-43.7,45,0
AL051953,DOLLY,1953,09,14,06,00,43,-41.8,45,0
AL051953,DOLLY,1953,09,14,12,00,43,-40,45,0
AL051953,DOLLY,1953,09,14,18,00,43,-38.6,45,0
AL051953,DOLLY,1953,09,15,00,00,43,-37.3,45,0
AL051953,DOLLY,1953,09,15,06,00,43,-36.2,45,0
AL051953,DOLLY,1953,09,15,12,00,42.9,-35,45,0
AL051953,DOLLY,1953,09,15,18,00,42.6,-31.9,40,0
AL051953,DOLLY,1953,09,16,00,00,42.3,-28.3,40,0
AL051953,DOLLY,1953,09,16,06,00,42.1,-26.1,40,0
AL051953,DOLLY,1953,09,16,12,00,42,-23.8,35,0
AL051953,DOLLY,1953,09,16,18,00,41.9,-21.2,30,0
AL051953,DOLLY,1953,09,17,00,00,41.8,-18.6,30,0
AL051953,DOLLY,1953,09,17,06,00,41.8,-15.9,30,0
AL051953,DOLLY,1953,09,17,12,00,41.8,-13.2,25,0
AL051953,DOLLY,1953,09,17,18,00,42,-10.5,25,0
