id,name,year,month,day,hour,minute,lat,lon,max_sustained_wind_kts,sshws
AL051862,UNNAMED,1862,10,14,00,00,33,-69.6,70,1
AL051862,UNNAMED,1862,10,14,06,00,33.5,-69.6,70,1
AL051862,UNNAMED,1862,10,14,12,00,34.2,-69.6,70,1
AL051862,UNNAMED,1862,10,14,18,00,34.9,-69.5,70,1
AL051862,UNNAMED,1862,10,15,00,00,35.5,-69.4,70,1
AL051862,UNNAMED,1862,10,15,06,00,36.3,-69.1,70,1
AL051862,UNNAMED,1862,10,15,12,00,37.2,-68.8,70,1
AL051862,UNNAMED,1862,10,15,18,00,38.4,-68.5,70,1
AL051862,UNNAMED,1862,10,16,00,00,39.8,-68.1,70,1
AL051862,UNNAMED,1862,10,16,06,00,41.2,-67.6,70,1
AL051862,UNNAMED,1862,10,16,12,00,42.3,-66.6,60,0
AL051862,UNNAMED,1862,10,16,18,00,43.4,-65,60,0
AL051862,UNNAMED,1862,10,17,00,00,44.5,-63,50,0
AL051862,UNNAMED,1862,10,17,06,00,45.5,-60,50,0
