id,name,year,month,day,hour,minute,lat,lon,max_sustained_wind_kts,sshws
AL051907,UNNAMED,1907,11,06,00,00,31.5,-39.7,35,0
AL051907,UNNAMED,1907,11,06,06,00,30.8,-39.9,35,0
AL051907,UNNAMED,1907,11,06,12,00,30,-40,35,0
AL051907,UNNAMED,1907,11,06,18,00,29.5,-40.1,35,0
AL051907,UNNAMED,1907,11,07,00,00,28.9,-40.2,35,0
AL051907,UNNAMED,1907,11,07,06,00,28.2,-40.3,35,0
AL051907,UNNAMED,1907,11,07,12,00,27.5,-40.5,35,0
AL051907,UNNAMED,1907,11,07,18,00,27.2,-40.9,35,0
AL051907,UNNAMED,1907,11,08,00,00,26.9,-41.4,40,0
AL051907,UNNAMED,1907,11,08,06,00,26.7,-41.9,40,0
AL051907,UNNAMED,1907,11,08,12,00,26.7,-42.5,40,0
AL051907,UNNAMED,1907,11,08,18,00,27.2,-43.5,40,0
AL051907,UNNAMED,1907,11,09,00,00,28.1,-44,40,0
AL051907,UNNAMED,1907,11,09,06,00,29.1,-44.2,40,0
AL051907,UNNAMED,1907,11,09,12,00,30,-44.5,40,0
AL051907,UNNAMED,1907,11,09,18,00,30.8,-44.7,40,0
AL051907,UNNAMED,1907,11,10,00,00,31.8,-45,40,0
AL051907,UNNAMED,1907,11,10,06,00,32.6,-45.4,40,0
AL051907,UNNAMED,1907,11,10,12,00,33.5,-46,40,0
AL051907,UNNAMED,1907,11,10,18,00,34.1,-46.4,40,0
AL051907,UNNAMED,1907,11,11,00,00,34.7,-46.9,40,0
AL051907,UNNAMED,1907,11,11,06,00,35.4,-47.6,40,0
AL051907,UNNAMED,1907,11,11,12,00,36.5,-48,40,0
AL051907,UNNAMED,1907,11,11,18,00,37.7,-48,40,0
AL051907,UNNAMED,1907,11,12,00,00,38.7,-47.3,35,0
AL051907,UNNAMED,1907,11,12,06,00,39.6,-46.7,35,0
AL051907,UNNAMED,1907,11,12,12,00,40.5,-46,35,0
AL051907,UNNAMED,1907,11,12,18,00,41.7,-45,35,0
