AL051919	UNNAMED	1919	11	10	00	00	32	-58.5	30	0
AL051919	UNNAMED	1919	11	10	06	00	31	-59.3	30	0
AL051919	UNNAMED	1919	11	10	12	00	30	-60	35	0
AL051919	UNNAMED	1919	11	10	18	00	29.1	-60.7	35	0
AL051919	UNNAMED	1919	11	11	00	00	28.3	-61.3	40	0
AL051919	UNNAMED	1919	11	11	06	00	27.6	-61.9	45	0
AL051919	UNNAMED	1919	11	11	12	00	27	-62.5	50	0
AL051919	UNNAMED	1919	11	11	18	00	26.6	-63.1	55	0
AL051919	UNNAMED	1919	11	12	00	00	26.3	-63.8	60	0
AL051919	UNNAMED	1919	11	12	06	00	26.1	-64.4	60	0
AL051919	UNNAMED	1919	11	12	12	00	26	-65	60	0
AL051919	UNNAMED	1919	11	12	18	00	26.3	-65.6	60	0
AL051919	UNNAMED	1919	11	13	00	00	27	-66.2	55	0
AL051919	UNNAMED	1919	11	13	06	00	27.7	-66.5	55	0
AL051919	UNNAMED	1919	11	13	12	00	28	-66.4	50	0
AL051919	UNNAMED	1919	11	13	18	00	28	-65.8	50	0
AL051919	UNNAMED	1919	11	14	00	00	27.8	-64.8	45	0
AL051919	UNNAMED	1919	11	14	06	00	27.6	-63.4	45	0
AL051919	UNNAMED	1919	11	14	12	00	27.5	-62	40	0
AL051919	UNNAMED	1919	11	14	18	00	28.3	-60.7	40	0
AL051919	UNNAMED	1919	11	15	00	00	29	-59.5	35	0
AL051919	UNNAMED	1919	11	15	06	00	29.5	-58.5	35	0
AL051919	UNNAMED	1919	11	15	12	00	30	-57.5	30	0
AL051919	UNNAMED	1919	11	15	18	00	30.7	-56.5	30	0
