id,name,year,month,day,hour,minute,lat,lon,max_sustained_wind_kts,sshws
AL052011,EMILY,2011,08,02,00,00,14.9,-61.4,40,0
AL052011,EMILY,2011,08,02,06,00,15.1,-62.5,40,0
AL052011,EMILY,2011,08,02,12,00,15.4,-63.6,40,0
AL052011,EMILY,2011,08,02,18,00,15.7,-64.8,40,0
AL052011,EMILY,2011,08,03,00,00,16,-66.2,45,0
AL052011,EMILY,2011,08,03,06,00,16.3,-67.7,45,0
AL052011,EMILY,2011,08,03,12,00,16.6,-69.1,45,0
AL052011,EMILY,2011,08,03,18,00,16.8,-70.3,45,0
AL052011,EMILY,2011,08,04,00,00,16.9,-70.7,45,0
AL052011,EMILY,2011,08,04,06,00,16.9,-71.3,45,0
AL052011,EMILY,2011,08,04,12,00,17.3,-72.2,45,0
AL052011,EMILY,2011,08,04,18,00,17.9,-73.4,30,0
AL052011,EMILY,2011,08,05,00,00,18.8,-74.6,25,0
AL052011,EMILY,2011,08,05,06,00,19.8,-75.5,25,0
AL052011,EMILY,2011,08,05,12,00,21,-76.3,25,0
AL052011,EMILY,2011,08,05,18,00,22.4,-76.9,25,0
AL052011,EMILY,2011,08,06,00,00,23.6,-77.4,25,0
AL052011,EMILY,2011,08,06,06,00,24.6,-77.9,25,0
AL052011,EMILY,2011,08,06,12,00,25.6,-78.1,25,0
AL052011,EMILY,2011,08,06,18,00,26.4,-78.2,30,0
AL052011,EMILY,2011,08,07,00,00,27.2,-78.1,35,0
AL052011,EMILY,2011,08,07,06,00,28.4,-77.4,35,0
AL052011,EMILY,2011,08,07,12,00,29.7,-76.4,30,0
AL052011,EMILY,2011,08,07,18,00,30.7,-74.8,30,0
