AL051881	UNNAMED	1881	08	21	00	00	17.6	-57	60	0
AL051881	UNNAMED	1881	08	21	06	00	17.7	-58	60	0
AL051881	UNNAMED	1881	08	21	12	00	17.7	-59	60	0
AL051881	UNNAMED	1881	08	21	18	00	17.7	-59.9	60	0
AL051881	UNNAMED	1881	08	22	00	00	18	-60.9	60	0
AL051881	UNNAMED	1881	08	22	06	00	18.2	-62	60	0
AL051881	UNNAMED	1881	08	22	12	00	18.6	-63	60	0
AL051881	UNNAMED	1881	08	22	18	00	18.9	-63.9	60	0
AL051881	UNNAMED	1881	08	23	00	00	19.2	-64.9	60	0
AL051881	UNNAMED	1881	08	23	06	00	19.6	-65.9	60	0
AL051881	UNNAMED	1881	08	23	12	00	20.1	-67	60	0
AL051881	UNNAMED	1881	08	23	18	00	20.7	-68	60	0
AL051881	UNNAMED	1881	08	24	00	00	21.6	-69.1	70	1
AL051881	UNNAMED	1881	08	24	06	00	22.2	-70	70	1
AL051881	UNNAMED	1881	08	24	12	00	23	-70.8	70	1
AL051881	UNNAMED	1881	08	24	18	00	23.7	-71.9	70	1
AL051881	UNNAMED	1881	08	25	00	00	24.4	-72.8	70	1
AL051881	UNNAMED	1881	08	25	06	00	24.9	-73.6	70	1
AL051881	UNNAMED	1881	08	25	12	00	25.5	-74.6	80	1
AL051881	UNNAMED	1881	08	25	18	00	26	-75.4	80	1
AL051881	UNNAMED	1881	08	26	00	00	26.7	-76.4	80	1
AL051881	UNNAMED	1881	08	26	06	00	27.4	-77.3	80	1
AL051881	UNNAMED	1881	08	26	12	00	28.2	-78.1	80	1
AL051881	UNNAMED	1881	08	26	18	00	28.6	-78.6	90	2
AL051881	UNNAMED	1881	08	27	00	00	29.3	-79	90	2
AL051881	UNNAMED	1881	08	27	06	00	29.9	-79.3	90	2
AL051881	UNNAMED	1881	08	27	12	00	30.7	-79.6	90	2
AL051881	UNNAMED	1881	08	27	18	00	31.3	-80.1	90	2
AL051881	UNNAMED	1881	08	28	00	00	31.6	-80.9	90	2
AL051881	UNNAMED	1881	08	28	02	00	31.7	-81.1	90	2
AL051881	UNNAMED	1881	08	28	06	00	31.9	-81.9	70	1
AL051881	UNNAMED	1881	08	28	12	00	32	-83	50	0
AL051881	UNNAMED	1881	08	28	18	00	32	-84.4	50	0
AL051881	UNNAMED	1881	08	29	00	00	32.5	-86.3	40	0
AL051881	UNNAMED	1881	08	29	06	00	33.2	-87.6	40	0
AL051881	UNNAMED	1881	08	29	12	00	34	-89	40	0
AL051881	UNNAMED	1881	08	29	18	00	34.7	-90.4	30	0
