AL051855	UNNAMED	1855	09	15	00	00	26.7	-89.1	70	1
AL051855	UNNAMED	1855	09	15	06	00	27.1	-89.1	80	1
AL051855	UNNAMED	1855	09	15	12	00	27.5	-89.3	90	2
AL051855	UNNAMED	1855	09	15	18	00	28.1	-89.4	100	3
AL051855	UNNAMED	1855	09	16	00	00	28.8	-89.5	110	3
AL051855	UNNAMED	1855	09	16	03	00	29.2	-89.5	110	3
AL051855	UNNAMED	1855	09	16	06	00	29.6	-89.5	110	3
AL051855	UNNAMED	1855	09	16	12	00	30.2	-89.4	100	3
AL051855	UNNAMED	1855	09	16	18	00	31	-89.1	70	1
AL051855	UNNAMED	1855	09	17	00	00	32	-88.8	50	0
AL051855	UNNAMED	1855	09	17	06	00	33	-88.3	40	0
