id,name,year,month,day,hour,minute,lat,lon,max_sustained_wind_kts,sshws
AL051988,ERNESTO,1988,09,03,00,00,32.5,-60.5,25,0
AL051988,ERNESTO,1988,09,03,06,00,33.1,-59.2,25,0
AL051988,ERNESTO,1988,09,03,12,00,34.3,-56.5,30,0
AL051988,ERNESTO,1988,09,03,18,00,35.2,-53.1,35,0
AL051988,ERNESTO,1988,09,04,00,00,35.9,-49.5,40,0
AL051988,ERNESTO,1988,09,04,06,00,36.6,-44.4,45,0
AL051988,ERNESTO,1988,09,04,12,00,38,-39.5,50,0
AL051988,ERNESTO,1988,09,04,18,00,40.2,-35,50,0
AL051988,ERNESTO,1988,09,05,00,00,43.1,-29.7,55,0
