id,name,year,month,day,hour,minute,lat,lon,max_sustained_wind_kts,sshws
AL051970,UNNAMED,1970,08,02,12,00,14,-18,20,0
AL051970,UNNAMED,1970,08,02,18,00,14.5,-19.5,25,0
AL051970,UNNAMED,1970,08,03,00,00,15,-21,25,0
AL051970,UNNAMED,1970,08,03,06,00,15.5,-22.5,30,0
AL051970,UNNAMED,1970,08,03,12,00,16,-24,30,0
AL051970,UNNAMED,1970,08,03,18,00,16.3,-25.5,30,0
AL051970,UNNAMED,1970,08,04,00,00,16.7,-27,30,0
AL051970,UNNAMED,1970,08,04,06,00,17.1,-28.5,30,0
AL051970,UNNAMED,1970,08,04,12,00,17.5,-30,25,0
AL051970,UNNAMED,1970,08,04,18,00,17.5,-31.5,25,0
AL051970,UNNAMED,1970,08,05,00,00,17.5,-33,25,0
AL051970,UNNAMED,1970,08,05,06,00,17.5,-34.5,25,0
AL051970,UNNAMED,1970,08,05,12,00,17.5,-36,25,0
AL051970,UNNAMED,1970,08,05,18,00,17.5,-38,25,0
AL051970,UNNAMED,1970,08,06,00,00,17.5,-40,20,0
AL051970,UNNAMED,1970,08,06,06,00,17.5,-42,20,0
AL051970,UNNAMED,1970,08,06,12,00,17.5,-44,20,0
