id,name,year,month,day,hour,minute,lat,lon,max_sustained_wind_kts,sshws
AL051891,UNNAMED,1891,09,16,00,00,19.3,-46.5,35,0
AL051891,UNNAMED,1891,09,16,06,00,19.8,-47.1,35,0
AL051891,UNNAMED,1891,09,16,12,00,20.2,-47.8,35,0
AL051891,UNNAMED,1891,09,16,18,00,20.7,-48.8,35,0
AL051891,UNNAMED,1891,09,17,00,00,21.3,-49.8,35,0
AL051891,UNNAMED,1891,09,17,06,00,21.8,-50.7,35,0
AL051891,UNNAMED,1891,09,17,12,00,22.3,-51.6,40,0
AL051891,UNNAMED,1891,09,17,18,00,22.8,-52.4,40,0
AL051891,UNNAMED,1891,09,18,00,00,23.2,-53.2,45,0
AL051891,UNNAMED,1891,09,18,06,00,23.7,-53.9,50,0
AL051891,UNNAMED,1891,09,18,12,00,24.2,-54.7,55,0
AL051891,UNNAMED,1891,09,18,18,00,24.8,-55.6,60,0
AL051891,UNNAMED,1891,09,19,00,00,25.4,-56.6,65,1
AL051891,UNNAMED,1891,09,19,06,00,26,-57.5,70,1
AL051891,UNNAMED,1891,09,19,12,00,26.6,-58.3,70,1
AL051891,UNNAMED,1891,09,19,18,00,27.2,-59,75,1
AL051891,UNNAMED,1891,09,20,00,00,28.1,-60,80,1
AL051891,UNNAMED,1891,09,20,06,00,28.8,-60.7,80,1
AL051891,UNNAMED,1891,09,20,12,00,29.5,-61.5,85,2
AL051891,UNNAMED,1891,09,20,18,00,30,-62.1,85,2
AL051891,UNNAMED,1891,09,21,00,00,30.5,-62.7,85,2
AL051891,UNNAMED,1891,09,21,06,00,31,-63.3,85,2
AL051891,UNNAMED,1891,09,21,12,00,31.5,-63.7,85,2
AL051891,UNNAMED,1891,09,21,18,00,32,-64,85,2
AL051891,UNNAMED,1891,09,22,00,00,32.5,-64.1,85,2
AL051891,UNNAMED,1891,09,22,06,00,32.9,-64.1,85,2
AL051891,UNNAMED,1891,09,22,12,00,33.3,-64,85,2
AL051891,UNNAMED,1891,09,22,18,00,34,-63.5,85,2
AL051891,UNNAMED,1891,09,23,00,00,34.8,-62.7,85,2
AL051891,UNNAMED,1891,09,23,06,00,35.6,-61.8,85,2
AL051891,UNNAMED,1891,09,23,12,00,36.3,-60.7,85,2
AL051891,UNNAMED,1891,09,23,18,00,37,-59.1,85,2
AL051891,UNNAMED,1891,09,24,00,00,37.5,-57.3,85,2
AL051891,UNNAMED,1891,09,24,06,00,37.9,-55.5,85,2
AL051891,UNNAMED,1891,09,24,12,00,38.2,-53.8,85,2
AL051891,UNNAMED,1891,09,24,18,00,38.2,-52.3,85,2
AL051891,UNNAMED,1891,09,25,00,00,38.2,-50.8,80,1
AL051891,UNNAMED,1891,09,25,06,00,38.2,-49.3,80,1
AL051891,UNNAMED,1891,09,25,12,00,38.2,-47.8,75,1
AL051891,UNNAMED,1891,09,25,18,00,38.4,-46.3,65,1
AL051891,UNNAMED,1891,09,26,00,00,38.8,-44.8,55,0
AL051891,UNNAMED,1891,09,26,06,00,39.4,-43.3,40,0
AL051891,UNNAMED,1891,09,26,12,00,40.2,-41.8,40,0
AL051891,UNNAMED,1891,09,26,18,00,41.3,-39.7,40,0
