AL051961	ESTHER	1961	09	10	18	00	11.7	-32.1	25	0
AL051961	ESTHER	1961	09	11	00	00	12.4	-33.9	25	0
AL051961	ESTHER	1961	09	11	06	00	13.5	-35.3	25	0
AL051961	ESTHER	1961	09	11	12	00	14.4	-36.7	35	0
AL051961	ESTHER	1961	09	11	18	00	15.2	-38.1	40	0
AL051961	ESTHER	1961	09	12	00	00	16	-39.4	50	0
AL051961	ESTHER	1961	09	12	06	00	16.8	-40.8	65	1
AL051961	ESTHER	1961	09	12	12	00	17.6	-42	65	1
AL051961	ESTHER	1961	09	12	18	00	18.4	-43.1	70	1
AL051961	ESTHER	1961	09	13	00	00	19.1	-44.2	75	1
AL051961	ESTHER	1961	09	13	06	00	19.6	-45.3	90	2
AL051961	ESTHER	1961	09	13	12	00	19.8	-46.4	105	3
AL051961	ESTHER	1961	09	13	18	00	20	-47.4	110	3
AL051961	ESTHER	1961	09	14	00	00	20.1	-48.4	110	3
AL051961	ESTHER	1961	09	14	06	00	20.2	-49.4	110	3
AL051961	ESTHER	1961	09	14	12	00	20.3	-50.5	110	3
AL051961	ESTHER	1961	09	14	18	00	20.5	-51.3	110	3
AL051961	ESTHER	1961	09	15	00	00	20.7	-52.1	110	3
AL051961	ESTHER	1961	09	15	06	00	21.1	-53.4	110	3
AL051961	ESTHER	1961	09	15	12	00	21.6	-54.7	110	3
AL051961	ESTHER	1961	09	15	18	00	21.8	-56.1	110	3
AL051961	ESTHER	1961	09	16	00	00	22	-57.4	110	3
AL051961	ESTHER	1961	09	16	06	00	22.3	-58.7	105	3
AL051961	ESTHER	1961	09	16	12	00	22.7	-60	105	3
AL051961	ESTHER	1961	09	16	18	00	23.3	-61.3	105	3
AL051961	ESTHER	1961	09	17	00	00	23.8	-62.6	105	3
AL051961	ESTHER	1961	09	17	06	00	24.1	-63.9	110	3
AL051961	ESTHER	1961	09	17	12	00	24.4	-65.2	110	3
AL051961	ESTHER	1961	09	17	18	00	24.8	-66.2	115	4
AL051961	ESTHER	1961	09	18	00	00	25.4	-66.9	120	4
AL051961	ESTHER	1961	09	18	06	00	26.1	-67.8	120	4
AL051961	ESTHER	1961	09	18	12	00	27	-68.6	125	4
AL051961	ESTHER	1961	09	18	18	00	28	-69.4	125	4
AL051961	ESTHER	1961	09	19	00	00	29	-70.1	125	4
AL051961	ESTHER	1961	09	19	06	00	30	-71	125	4
AL051961	ESTHER	1961	09	19	12	00	31	-71.9	125	4
AL051961	ESTHER	1961	09	19	18	00	32	-72.6	125	4
AL051961	ESTHER	1961	09	20	00	00	33	-73.1	120	4
AL051961	ESTHER	1961	09	20	06	00	34	-73.4	120	4
AL051961	ESTHER	1961	09	20	12	00	35	-73.3	120	4
AL051961	ESTHER	1961	09	20	18	00	36.3	-73	120	4
AL051961	ESTHER	1961	09	21	00	00	37.8	-72.5	115	4
AL051961	ESTHER	1961	09	21	06	00	39.2	-71.8	110	3
AL051961	ESTHER	1961	09	21	12	00	40.4	-71.1	110	3
AL051961	ESTHER	1961	09	21	18	00	40.9	-70.7	105	3
AL051961	ESTHER	1961	09	22	00	00	40.9	-70.1	60	0
AL051961	ESTHER	1961	09	22	06	00	40.9	-69.1	50	0
AL051961	ESTHER	1961	09	22	12	00	40.8	-67.9	45	0
AL051961	ESTHER	1961	09	22	18	00	40.4	-66.6	50	0
AL051961	ESTHER	1961	09	23	00	00	39.7	-65.4	60	0
AL051961	ESTHER	1961	09	23	06	00	38.8	-64.8	60	0
AL051961	ESTHER	1961	09	23	12	00	37.9	-64.9	60	0
AL051961	ESTHER	1961	09	23	18	00	37	-65.3	60	0
AL051961	ESTHER	1961	09	24	00	00	36.1	-65.9	55	0
AL051961	ESTHER	1961	09	24	06	00	35.6	-66.6	55	0
AL051961	ESTHER	1961	09	24	12	00	35.7	-67.4	50	0
AL051961	ESTHER	1961	09	24	18	00	36.1	-68.4	50	0
AL051961	ESTHER	1961	09	25	00	00	36.7	-69.5	45	0
AL051961	ESTHER	1961	09	25	06	00	37.4	-70.2	45	0
AL051961	ESTHER	1961	09	25	12	00	38.1	-70.5	45	0
AL051961	ESTHER	1961	09	25	18	00	38.9	-70.5	45	0
AL051961	ESTHER	1961	09	26	00	00	40	-70.3	40	0
AL051961	ESTHER	1961	09	26	06	00	42.2	-70.1	35	0
AL051961	ESTHER	1961	09	26	12	00	44.7	-69.8	30	0
AL051961	ESTHER	1961	09	26	18	00	46.6	-69.2	30	0
AL051961	ESTHER	1961	09	27	00	00	48.2	-68.3	30	0
AL051961	ESTHER	1961	09	27	06	00	50	-67	30	0
