AL051899	UNNAMED	1899	09	03	00	00	13.2	-38.4	35	0
AL051899	UNNAMED	1899	09	03	06	00	13.2	-40.2	35	0
AL051899	UNNAMED	1899	09	03	12	00	13.4	-42	35	0
AL051899	UNNAMED	1899	09	03	18	00	13.8	-44	35	0
AL051899	UNNAMED	1899	09	04	00	00	14.2	-45.8	35	0
AL051899	UNNAMED	1899	09	04	06	00	14.5	-47.3	35	0
AL051899	UNNAMED	1899	09	04	12	00	14.7	-48.3	40	0
AL051899	UNNAMED	1899	09	04	18	00	14.9	-49	45	0
AL051899	UNNAMED	1899	09	05	00	00	15	-49.7	50	0
AL051899	UNNAMED	1899	09	05	06	00	15.1	-50.4	55	0
AL051899	UNNAMED	1899	09	05	12	00	15.3	-51.1	60	0
AL051899	UNNAMED	1899	09	05	18	00	15.5	-51.9	65	1
AL051899	UNNAMED	1899	09	06	00	00	15.8	-52.7	70	1
AL051899	UNNAMED	1899	09	06	06	00	16	-53.4	70	1
AL051899	UNNAMED	1899	09	06	12	00	16.2	-54.2	70	1
AL051899	UNNAMED	1899	09	06	18	00	16.4	-54.9	70	1
AL051899	UNNAMED	1899	09	07	00	00	16.5	-55.4	70	1
AL051899	UNNAMED	1899	09	07	06	00	16.6	-56	75	1
AL051899	UNNAMED	1899	09	07	12	00	16.8	-56.8	80	1
AL051899	UNNAMED	1899	09	07	18	00	17	-57.7	85	2
AL051899	UNNAMED	1899	09	08	00	00	17.2	-58.6	85	2
AL051899	UNNAMED	1899	09	08	06	00	17.3	-59.5	90	2
AL051899	UNNAMED	1899	09	08	12	00	17.5	-60.5	95	2
AL051899	UNNAMED	1899	09	08	18	00	18	-61.7	100	3
AL051899	UNNAMED	1899	09	09	00	00	18.4	-62.6	100	3
AL051899	UNNAMED	1899	09	09	06	00	18.9	-63.6	105	3
AL051899	UNNAMED	1899	09	09	12	00	19.5	-64.5	105	3
AL051899	UNNAMED	1899	09	09	18	00	20	-65.7	105	3
AL051899	UNNAMED	1899	09	10	00	00	20.5	-66.8	105	3
AL051899	UNNAMED	1899	09	10	06	00	21.1	-67.7	105	3
AL051899	UNNAMED	1899	09	10	12	00	21.7	-68.7	105	3
AL051899	UNNAMED	1899	09	10	18	00	22.5	-69.4	105	3
AL051899	UNNAMED	1899	09	11	00	00	23.2	-69.6	105	3
AL051899	UNNAMED	1899	09	11	06	00	24.2	-69.8	105	3
AL051899	UNNAMED	1899	09	11	12	00	25	-70	105	3
AL051899	UNNAMED	1899	09	11	18	00	25.9	-69.8	105	3
AL051899	UNNAMED	1899	09	12	00	00	26.9	-69.6	105	3
AL051899	UNNAMED	1899	09	12	06	00	27.8	-69	105	3
AL051899	UNNAMED	1899	09	12	12	00	28.7	-68.3	105	3
AL051899	UNNAMED	1899	09	12	18	00	29.8	-67.3	105	3
AL051899	UNNAMED	1899	09	13	00	00	31	-66	105	3
AL051899	UNNAMED	1899	09	13	06	00	32.2	-64.6	105	3
AL051899	UNNAMED	1899	09	13	12	00	33.5	-63.2	105	3
AL051899	UNNAMED	1899	09	13	18	00	34.9	-61.9	100	3
AL051899	UNNAMED	1899	09	14	00	00	36.5	-60.5	95	2
AL051899	UNNAMED	1899	09	14	06	00	38.5	-58.8	90	2
AL051899	UNNAMED	1899	09	14	12	00	40.5	-57	85	2
AL051899	UNNAMED	1899	09	14	18	00	43.1	-55.1	80	1
AL051899	UNNAMED	1899	09	15	00	00	45.8	-53.5	75	1
AL051899	UNNAMED	1899	09	15	06	00	48.9	-52.5	60	0
AL051899	UNNAMED	1899	09	15	12	00	52	-52.5	50	0
AL051899	UNNAMED	1899	09	15	18	00	55	-53	40	0
