id,name,year,month,day,hour,minute,lat,lon,max_sustained_wind_kts,sshws
AL051966,ELLA,1966,07,22,12,00,10,-35,25,0
AL051966,ELLA,1966,07,22,18,00,10.8,-36.8,25,0
AL051966,ELLA,1966,07,23,00,00,11.7,-38.7,25,0
AL051966,ELLA,1966,07,23,06,00,12.5,-40.7,25,0
AL051966,ELLA,1966,07,23,12,00,13.4,-42.7,30,0
AL051966,ELLA,1966,07,23,18,00,14.2,-44.6,30,0
AL051966,ELLA,1966,07,24,00,00,15,-46.5,30,0
AL051966,ELLA,1966,07,24,06,00,15.7,-48.6,30,0
AL051966,ELLA,1966,07,24,12,00,16.3,-50.6,30,0
AL051966,ELLA,1966,07,24,18,00,16.8,-52.2,35,0
AL051966,ELLA,1966,07,25,00,00,17.2,-53.5,40,0
AL051966,ELLA,1966,07,25,06,00,17.5,-54.6,45,0
AL051966,ELLA,1966,07,25,12,00,17.8,-55.8,45,0
AL051966,ELLA,1966,07,25,18,00,18.1,-57,45,0
AL051966,ELLA,1966,07,26,00,00,18.4,-58.2,45,0
AL051966,ELLA,1966,07,26,06,00,18.8,-59.3,45,0
AL051966,ELLA,1966,07,26,12,00,19.3,-60.3,45,0
AL051966,ELLA,1966,07,26,18,00,19.8,-61.1,45,0
AL051966,ELLA,1966,07,27,00,00,20.2,-61.9,45,0
AL051966,ELLA,1966,07,27,06,00,20.8,-62.6,45,0
AL051966,ELLA,1966,07,27,12,00,21.4,-63.4,45,0
AL051966,ELLA,1966,07,27,18,00,21.9,-64.2,45,0
AL051966,ELLA,1966,07,28,00,00,22.5,-65.1,45,0
AL051966,ELLA,1966,07,28,06,00,23.1,-66.2,45,0
AL051966,ELLA,1966,07,28,12,00,23.7,-67.3,40,0
AL051966,ELLA,1966,07,28,18,00,24.3,-68.4,30,0
