id,name,year,month,day,hour,minute,lat,lon,max_sustained_wind_kts,sshws
AL051854,UNNAMED,1854,10,20,00,00,25,-67.6,50,0
AL051854,UNNAMED,1854,10,20,06,00,25.8,-67.6,50,0
AL051854,UNNAMED,1854,10,20,12,00,26.7,-67.6,50,0
AL051854,UNNAMED,1854,10,20,18,00,27.6,-67.5,50,0
AL051854,UNNAMED,1854,10,21,00,00,28.6,-67.3,60,0
AL051854,UNNAMED,1854,10,21,06,00,29.5,-67,60,0
AL051854,UNNAMED,1854,10,21,12,00,30.3,-66.6,60,0
AL051854,UNNAMED,1854,10,21,18,00,31.5,-65.6,60,0
AL051854,UNNAMED,1854,10,22,00,00,32.4,-64.3,60,0
AL051854,UNNAMED,1854,10,22,06,00,33,-62.8,60,0
AL051854,UNNAMED,1854,10,22,12,00,33.5,-61,50,0
AL051854,UNNAMED,1854,10,22,18,00,34.2,-58.7,50,0
