id,name,year,month,day,hour,minute,lat,lon,max_sustained_wind_kts,sshws
AL051977,ANITA,1977,08,29,12,00,26.9,-88.4,20,0
AL051977,ANITA,1977,08,29,18,00,27,-88.9,25,0
AL051977,ANITA,1977,08,30,00,00,26.9,-89.4,30,0
AL051977,ANITA,1977,08,30,06,00,26.8,-89.8,40,0
AL051977,ANITA,1977,08,30,12,00,26.7,-90.3,50,0
AL051977,ANITA,1977,08,30,18,00,26.5,-90.6,65,1
AL051977,ANITA,1977,08,31,00,00,26.4,-91,70,1
AL051977,ANITA,1977,08,31,06,00,26.3,-91.4,75,1
AL051977,ANITA,1977,08,31,12,00,26.2,-91.8,75,1
AL051977,ANITA,1977,08,31,18,00,26.1,-92.3,80,1
AL051977,ANITA,1977,09,01,00,00,25.9,-92.8,80,1
AL051977,ANITA,1977,09,01,06,00,25.8,-93.7,85,2
AL051977,ANITA,1977,09,01,12,00,25.5,-94.7,90,2
AL051977,ANITA,1977,09,01,18,00,25.2,-95.5,110,3
AL051977,ANITA,1977,09,02,00,00,24.6,-96.2,140,5
AL051977,ANITA,1977,09,02,06,00,24.2,-97.1,150,5
AL051977,ANITA,1977,09,02,12,00,23.7,-98,120,4
AL051977,ANITA,1977,09,02,18,00,23.1,-99.2,70,1
AL051977,ANITA,1977,09,03,00,00,22.5,-101,40,0
AL051977,ANITA,1977,09,03,06,00,22,-103,25,0
