AL051972	UNNAMED	1972	07	16	12	00	37	-38.5	20	0
AL051972	UNNAMED	1972	07	16	18	00	37.4	-39.1	20	0
AL051972	UNNAMED	1972	07	17	00	00	37.8	-39.7	25	0
AL051972	UNNAMED	1972	07	17	06	00	38.1	-40.3	25	0
AL051972	UNNAMED	1972	07	17	12	00	38.5	-41	25	0
AL051972	UNNAMED	1972	07	17	18	00	38.5	-41.5	25	0
AL051972	UNNAMED	1972	07	18	00	00	38.5	-42	25	0
AL051972	UNNAMED	1972	07	18	06	00	38.5	-42.5	25	0
AL051972	UNNAMED	1972	07	18	12	00	38.5	-43	20	0
AL051972	UNNAMED	1972	07	18	18	00	38.2	-43.1	20	0
AL051972	UNNAMED	1972	07	19	00	00	38	-43.2	20	0
AL051972	UNNAMED	1972	07	19	06	00	37.7	-43.3	20	0
AL051972	UNNAMED	1972	07	19	12	00	37.5	-43.5	20	0
AL051972	UNNAMED	1972	07	19	18	00	37.8	-41.8	25	0
AL051972	UNNAMED	1972	07	20	00	00	38.2	-40.2	25	0
AL051972	UNNAMED	1972	07	20	06	00	38.6	-38.6	25	0
AL051972	UNNAMED	1972	07	20	12	00	39	-37	25	0
AL051972	UNNAMED	1972	07	20	18	00	39.5	-35.5	20	0
