AL051927	UNNAMED	1927	09	30	12	00	23	-69	30	0
AL051927	UNNAMED	1927	09	30	18	00	23.6	-70.4	30	0
AL051927	UNNAMED	1927	10	01	00	00	24.3	-71.8	30	0
AL051927	UNNAMED	1927	10	01	06	00	24.9	-73	30	0
AL051927	UNNAMED	1927	10	01	12	00	25.5	-74	30	0
AL051927	UNNAMED	1927	10	01	18	00	26.1	-74.9	30	0
AL051927	UNNAMED	1927	10	02	00	00	26.7	-75.7	35	0
AL051927	UNNAMED	1927	10	02	06	00	27.3	-76.4	40	0
AL051927	UNNAMED	1927	10	02	12	00	28	-77	45	0
AL051927	UNNAMED	1927	10	02	18	00	29	-77.8	50	0
AL051927	UNNAMED	1927	10	03	00	00	30.3	-78.9	50	0
AL051927	UNNAMED	1927	10	03	06	00	31.8	-80	50	0
AL051927	UNNAMED	1927	10	03	09	00	32.5	-80.4	50	0
AL051927	UNNAMED	1927	10	03	12	00	33.4	-80.7	40	0
AL051927	UNNAMED	1927	10	03	18	00	35	-80.8	35	0
AL051927	UNNAMED	1927	10	04	00	00	37	-80.3	30	0
AL051927	UNNAMED	1927	10	04	06	00	39	-79	25	0
