id,name,year,month,day,hour,minute,lat,lon,max_sustained_wind_kts,sshws
AL051898,UNNAMED,1898,09,12,06,00,12.9,-79.1,50,0
AL051898,UNNAMED,1898,09,12,12,00,13.2,-79.5,50,0
AL051898,UNNAMED,1898,09,12,18,00,13.5,-79.7,50,0
AL051898,UNNAMED,1898,09,13,00,00,13.8,-79.9,50,0
AL051898,UNNAMED,1898,09,13,06,00,14.1,-80.2,50,0
AL051898,UNNAMED,1898,09,13,12,00,14.4,-80.4,50,0
AL051898,UNNAMED,1898,09,13,18,00,14.7,-80.7,50,0
AL051898,UNNAMED,1898,09,14,00,00,14.9,-80.9,50,0
AL051898,UNNAMED,1898,09,14,06,00,15.2,-81.2,50,0
AL051898,UNNAMED,1898,09,14,12,00,15.4,-81.5,50,0
AL051898,UNNAMED,1898,09,14,18,00,15.6,-81.8,50,0
AL051898,UNNAMED,1898,09,15,00,00,15.9,-82.1,50,0
AL051898,UNNAMED,1898,09,15,06,00,16.1,-82.5,50,0
AL051898,UNNAMED,1898,09,15,12,00,16.3,-83.1,50,0
AL051898,UNNAMED,1898,09,15,18,00,16.6,-84,50,0
AL051898,UNNAMED,1898,09,16,00,00,16.9,-85.1,50,0
AL051898,UNNAMED,1898,09,16,06,00,17.2,-86.3,50,0
AL051898,UNNAMED,1898,09,16,12,00,17.6,-87.5,50,0
AL051898,UNNAMED,1898,09,16,18,00,18,-88.7,40,0
AL051898,UNNAMED,1898,09,17,00,00,18.5,-90,35,0
AL051898,UNNAMED,1898,09,17,06,00,19.1,-91.3,40,0
AL051898,UNNAMED,1898,09,17,12,00,19.9,-92.4,40,0
AL051898,UNNAMED,1898,09,17,18,00,20.8,-93.2,45,0
AL051898,UNNAMED,1898,09,18,00,00,21.7,-93.6,45,0
AL051898,UNNAMED,1898,09,18,06,00,22.5,-93.8,50,0
AL051898,UNNAMED,1898,09,18,12,00,23.4,-93.9,50,0
AL051898,UNNAMED,1898,09,18,18,00,24.3,-93.9,50,0
AL051898,UNNAMED,1898,09,19,00,00,25.2,-93.9,50,0
AL051898,UNNAMED,1898,09,19,06,00,26,-93.8,50,0
AL051898,UNNAMED,1898,09,19,12,00,26.9,-93.7,50,0
AL051898,UNNAMED,1898,09,19,18,00,27.7,-93.5,50,0
AL051898,UNNAMED,1898,09,20,00,00,28.4,-93.3,50,0
AL051898,UNNAMED,1898,09,20,06,00,29.1,-93,50,0
AL051898,UNNAMED,1898,09,20,11,00,29.6,-92.8,50,0
AL051898,UNNAMED,1898,09,20,12,00,29.8,-92.8,45,0
AL051898,UNNAMED,1898,09,20,18,00,30.5,-92.5,40,0
AL051898,UNNAMED,1898,09,21,00,00,31.3,-92.3,35,0
AL051898,UNNAMED,1898,09,21,06,00,32,-92,35,0
AL051898,UNNAMED,1898,09,21,12,00,32.7,-91.7,30,0
AL051898,UNNAMED,1898,09,21,18,00,33.9,-91.3,30,0
AL051898,UNNAMED,1898,09,22,00,00,35.8,-91,30,0
AL051898,UNNAMED,1898,09,22,06,00,38,-90.5,25,0
AL051898,UNNAMED,1898,09,22,12,00,39.9,-90,25,0
