AL051979	UNNAMED	1979	07	10	12	00	30	-79.8	20	0
AL051979	UNNAMED	1979	07	10	18	00	30.8	-78.5	20	0
AL051979	UNNAMED	1979	07	11	00	00	31.5	-77.1	25	0
AL051979	UNNAMED	1979	07	11	06	00	32	-75.9	25	0
AL051979	UNNAMED	1979	07	11	12	00	32.6	-74.1	30	0
AL051979	UNNAMED	1979	07	11	18	00	32.6	-72.7	30	0
AL051979	UNNAMED	1979	07	12	00	00	32.4	-71.2	30	0
AL051979	UNNAMED	1979	07	12	06	00	32.1	-70	30	0
AL051979	UNNAMED	1979	07	12	12	00	32	-68.8	30	0
AL051979	UNNAMED	1979	07	12	18	00	31.9	-66.6	30	0
AL051979	UNNAMED	1979	07	13	00	00	31.8	-64.5	30	0
AL051979	UNNAMED	1979	07	13	06	00	31.9	-62.4	30	0
AL051979	UNNAMED	1979	07	13	12	00	32	-60.5	25	0
AL051979	UNNAMED	1979	07	13	18	00	32.7	-58.2	20	0
