id,name,year,month,day,hour,minute,lat,lon,max_sustained_wind_kts,sshws
AL051934,UNNAMED,1934,08,26,06,00,27.4,-89.4,35,0
AL051934,UNNAMED,1934,08,26,12,00,27.7,-90.4,40,0
AL051934,UNNAMED,1934,08,26,18,00,28,-91.4,45,0
AL051934,UNNAMED,1934,08,27,00,00,28.3,-92.3,50,0
AL051934,UNNAMED,1934,08,27,06,00,28.7,-93,60,0
AL051934,UNNAMED,1934,08,27,12,00,29.2,-93.7,70,1
AL051934,UNNAMED,1934,08,27,18,00,29.2,-94.4,70,1
AL051934,UNNAMED,1934,08,28,00,00,29,-94.9,70,1
AL051934,UNNAMED,1934,08,28,06,00,28.7,-95.3,70,1
AL051934,UNNAMED,1934,08,28,12,00,28.4,-95.4,70,1
AL051934,UNNAMED,1934,08,28,18,00,28.1,-95.5,70,1
AL051934,UNNAMED,1934,08,29,00,00,27.8,-95.6,70,1
AL051934,UNNAMED,1934,08,29,06,00,27.5,-95.6,65,1
AL051934,UNNAMED,1934,08,29,12,00,27.2,-95.6,60,0
AL051934,UNNAMED,1934,08,29,18,00,26.9,-95.5,55,0
AL051934,UNNAMED,1934,08,30,00,00,26.5,-95.5,55,0
AL051934,UNNAMED,1934,08,30,06,00,26,-95.5,50,0
AL051934,UNNAMED,1934,08,30,12,00,25.5,-95.5,50,0
AL051934,UNNAMED,1934,08,30,18,00,25,-95.5,45,0
AL051934,UNNAMED,1934,08,31,00,00,24.5,-95.6,45,0
AL051934,UNNAMED,1934,08,31,06,00,24,-95.8,45,0
AL051934,UNNAMED,1934,08,31,12,00,23.5,-96.2,45,0
AL051934,UNNAMED,1934,08,31,18,00,23,-96.7,40,0
AL051934,UNNAMED,1934,09,01,00,00,22.5,-97.3,40,0
AL051934,UNNAMED,1934,09,01,06,00,22.1,-98,35,0
AL051934,UNNAMED,1934,09,01,12,00,21.7,-98.6,30,0
AL051934,UNNAMED,1934,09,01,18,00,21.4,-99.2,20,0
