AL051982	CHRIS	1982	09	09	00	00	26.2	-91	25	0
AL051982	CHRIS	1982	09	09	06	00	26.3	-91.7	25	0
AL051982	CHRIS	1982	09	09	12	00	26.4	-92.3	25	0
AL051982	CHRIS	1982	09	09	18	00	26.6	-93	30	0
AL051982	CHRIS	1982	09	10	00	00	26.8	-93.1	30	0
AL051982	CHRIS	1982	09	10	06	00	26.9	-94	30	0
AL051982	CHRIS	1982	09	10	12	00	27.3	-94.2	35	0
AL051982	CHRIS	1982	09	10	18	00	27.9	-94.1	45	0
AL051982	CHRIS	1982	09	11	00	00	28.4	-94.1	50	0
AL051982	CHRIS	1982	09	11	06	00	29	-94	50	0
AL051982	CHRIS	1982	09	11	12	00	29.8	-93.8	55	0
AL051982	CHRIS	1982	09	11	18	00	30.8	-93.4	40	0
AL051982	CHRIS	1982	09	12	00	00	31.8	-93.2	30	0
AL051982	CHRIS	1982	09	12	06	00	32.8	-92.8	30	0
AL051982	CHRIS	1982	09	12	12	00	33.8	-92.4	30	0
AL051982	CHRIS	1982	09	12	18	00	34.8	-91.8	25	0
