id,name,year,month,day,hour,minute,lat,lon,max_sustained_wind_kts,sshws
AL051902,UNNAMED,1902,11,01,00,00,20,-67.3,30,0
AL051902,UNNAMED,1902,11,01,06,00,21,-68.3,30,0
AL051902,UNNAMED,1902,11,01,12,00,22.5,-67.3,35,0
AL051902,UNNAMED,1902,11,01,18,00,24.6,-66.3,35,0
AL051902,UNNAMED,1902,11,02,00,00,26.6,-65.3,35,0
AL051902,UNNAMED,1902,11,02,06,00,28.7,-63.9,40,0
AL051902,UNNAMED,1902,11,02,12,00,30.5,-62.6,45,0
AL051902,UNNAMED,1902,11,02,18,00,31.8,-61.3,50,0
AL051902,UNNAMED,1902,11,03,00,00,32.7,-60.3,55,0
AL051902,UNNAMED,1902,11,03,06,00,33.5,-59.2,60,0
AL051902,UNNAMED,1902,11,03,12,00,34.3,-58,60,0
AL051902,UNNAMED,1902,11,03,18,00,34.8,-57.2,60,0
AL051902,UNNAMED,1902,11,04,00,00,35.2,-56.5,60,0
AL051902,UNNAMED,1902,11,04,06,00,35.7,-55.7,55,0
AL051902,UNNAMED,1902,11,04,12,00,36,-55,50,0
AL051902,UNNAMED,1902,11,04,18,00,36.3,-53.8,50,0
AL051902,UNNAMED,1902,11,05,00,00,36.6,-52.8,50,0
AL051902,UNNAMED,1902,11,05,06,00,36.8,-51.9,50,0
AL051902,UNNAMED,1902,11,05,12,00,37,-51,50,0
AL051902,UNNAMED,1902,11,05,18,00,37.1,-49.8,40,0
AL051902,UNNAMED,1902,11,06,00,00,37.1,-48.6,35,0
AL051902,UNNAMED,1902,11,06,06,00,37,-47.4,30,0
AL051902,UNNAMED,1902,11,06,12,00,37,-46.5,25,0
AL051902,UNNAMED,1902,11,06,18,00,37.1,-45.4,20,0
