AL051948	UNNAMED	1948	09	01	18	00	24.3	-94.8	25	0
AL051948	UNNAMED	1948	09	02	00	00	24.3	-94.8	30	0
AL051948	UNNAMED	1948	09	02	06	00	24.3	-94.8	30	0
AL051948	UNNAMED	1948	09	02	12	00	24.3	-94.7	35	0
AL051948	UNNAMED	1948	09	02	18	00	24.3	-94.3	40	0
AL051948	UNNAMED	1948	09	03	00	00	24.5	-93.8	40	0
AL051948	UNNAMED	1948	09	03	06	00	25.1	-93.2	45	0
AL051948	UNNAMED	1948	09	03	12	00	25.9	-92.6	50	0
AL051948	UNNAMED	1948	09	03	18	00	26.9	-91.9	60	0
AL051948	UNNAMED	1948	09	04	00	00	27.9	-91.3	65	1
AL051948	UNNAMED	1948	09	04	06	00	28.9	-90.6	70	1
AL051948	UNNAMED	1948	09	04	07	00	29.1	-90.5	70	1
AL051948	UNNAMED	1948	09	04	12	00	29.9	-90	60	0
AL051948	UNNAMED	1948	09	04	18	00	31.1	-89.4	45	0
AL051948	UNNAMED	1948	09	05	00	00	32.3	-89.1	35	0
AL051948	UNNAMED	1948	09	05	06	00	33.5	-89.1	30	0
AL051948	UNNAMED	1948	09	05	12	00	34.8	-89.2	25	0
AL051948	UNNAMED	1948	09	05	18	00	35.8	-89.3	25	0
AL051948	UNNAMED	1948	09	06	00	00	36.5	-89.3	25	0
AL051948	UNNAMED	1948	09	06	06	00	37.5	-89.1	25	0
AL051948	UNNAMED	1948	09	06	12	00	38.8	-88.6	20	0
AL051948	UNNAMED	1948	09	06	18	00	40	-87.6	20	0
