id,name,year,month,day,hour,minute,lat,lon,max_sustained_wind_kts,sshws
AL051983,CHANTAL,1983,09,10,12,00,30.2,-64.4,25,0
AL051983,CHANTAL,1983,09,10,18,00,30.9,-64,30,0
AL051983,CHANTAL,1983,09,11,00,00,31.6,-63.3,35,0
AL051983,CHANTAL,1983,09,11,06,00,32,-62.4,45,0
AL051983,CHANTAL,1983,09,11,12,00,32.4,-61.2,55,0
AL051983,CHANTAL,1983,09,11,18,00,32.8,-60,65,1
AL051983,CHANTAL,1983,09,12,00,00,33.1,-58.9,65,1
AL051983,CHANTAL,1983,09,12,06,00,33.6,-57.6,65,1
AL051983,CHANTAL,1983,09,12,12,00,34,-56.3,65,1
AL051983,CHANTAL,1983,09,12,18,00,34.4,-55.5,65,1
AL051983,CHANTAL,1983,09,13,00,00,34.8,-54.9,55,0
AL051983,CHANTAL,1983,09,13,06,00,35.3,-54.5,55,0
AL051983,CHANTAL,1983,09,13,12,00,35.9,-54.2,45,0
AL051983,CHANTAL,1983,09,13,18,00,36.3,-53.9,40,0
AL051983,CHANTAL,1983,09,14,00,00,36.8,-53.8,40,0
AL051983,CHANTAL,1983,09,14,06,00,37.4,-53.8,40,0
AL051983,CHANTAL,1983,09,14,12,00,38.7,-53.8,35,0
AL051983,CHANTAL,1983,09,14,18,00,39.5,-52.5,35,0
AL051983,CHANTAL,1983,09,15,00,00,40.4,-50.7,30,0
AL051983,CHANTAL,1983,09,15,06,00,41.7,-48.8,30,0
