id,name,year,month,day,hour,minute,lat,lon,max_sustained_wind_kts,sshws
AL052009,DANNY,2009,08,26,09,00,24.3,-69.6,40,0
AL052009,DANNY,2009,08,26,12,00,24.6,-70.1,40,0
AL052009,DANNY,2009,08,26,18,00,25.1,-70.7,45,0
AL052009,DANNY,2009,08,27,00,00,25.9,-71.2,50,0
AL052009,DANNY,2009,08,27,06,00,27,-71.8,50,0
AL052009,DANNY,2009,08,27,12,00,27.4,-72.7,50,0
AL052009,DANNY,2009,08,27,18,00,27.4,-73.3,45,0
AL052009,DANNY,2009,08,28,00,00,28.1,-73.5,40,0
AL052009,DANNY,2009,08,28,06,00,29,-74.4,35,0
AL052009,DANNY,2009,08,28,12,00,29.7,-75.4,35,0
AL052009,DANNY,2009,08,28,18,00,30.1,-75.7,35,0
AL052009,DANNY,2009,08,29,00,00,31,-75,35,0
