AL051943	UNNAMED	1943	09	13	00	00	26	-77.8	30	0
AL051943	UNNAMED	1943	09	13	06	00	26.8	-77.8	35	0
AL051943	UNNAMED	1943	09	13	12	00	28	-77.5	40	0
AL051943	UNNAMED	1943	09	13	18	00	29.5	-76.5	45	0
AL051943	UNNAMED	1943	09	14	00	00	31	-75.5	45	0
AL051943	UNNAMED	1943	09	14	06	00	32.5	-74.5	45	0
AL051943	UNNAMED	1943	09	14	12	00	34.1	-73.5	45	0
AL051943	UNNAMED	1943	09	14	18	00	35.5	-72.5	45	0
AL051943	UNNAMED	1943	09	15	00	00	36.8	-71.5	45	0
AL051943	UNNAMED	1943	09	15	06	00	38.3	-70.5	45	0
AL051943	UNNAMED	1943	09	15	12	00	40	-69.2	40	0
AL051943	UNNAMED	1943	09	15	18	00	41.8	-67	40	0
AL051943	UNNAMED	1943	09	16	00	00	43.5	-64.8	40	0
AL051943	UNNAMED	1943	09	16	06	00	45.2	-62.5	40	0
AL051943	UNNAMED	1943	09	16	12	00	47.1	-60.1	40	0
AL051943	UNNAMED	1943	09	16	18	00	49	-57.3	35	0
AL051943	UNNAMED	1943	09	17	00	00	51.2	-53.8	35	0
AL051943	UNNAMED	1943	09	17	06	00	54	-49	35	0
