id,name,year,month,day,hour,minute,lat,lon,max_sustained_wind_kts,sshws
AL051879,UNNAMED,1879,10,03,00,00,14.5,-77.6,40,0
AL051879,UNNAMED,1879,10,03,06,00,15.4,-78.6,40,0
AL051879,UNNAMED,1879,10,03,12,00,16.2,-79.5,40,0
AL051879,UNNAMED,1879,10,03,18,00,17.2,-80.4,40,0
AL051879,UNNAMED,1879,10,04,00,00,18.2,-81.4,40,0
AL051879,UNNAMED,1879,10,04,06,00,19.1,-82.1,40,0
AL051879,UNNAMED,1879,10,04,12,00,20,-83,40,0
AL051879,UNNAMED,1879,10,04,18,00,20.7,-83.9,40,0
AL051879,UNNAMED,1879,10,05,00,00,21.6,-84.6,40,0
AL051879,UNNAMED,1879,10,05,06,00,22.4,-85.4,40,0
AL051879,UNNAMED,1879,10,05,12,00,23.1,-85.9,40,0
AL051879,UNNAMED,1879,10,05,18,00,23.7,-86.4,40,0
AL051879,UNNAMED,1879,10,06,00,00,24.4,-86.9,50,0
AL051879,UNNAMED,1879,10,06,06,00,25,-87.4,50,0
AL051879,UNNAMED,1879,10,06,12,00,25.8,-87.9,50,0
AL051879,UNNAMED,1879,10,06,18,00,26.7,-88.4,50,0
AL051879,UNNAMED,1879,10,07,00,00,28,-88.9,50,0
AL051879,UNNAMED,1879,10,07,05,00,29,-89.2,50,0
AL051879,UNNAMED,1879,10,07,06,00,29.3,-89.3,50,0
AL051879,UNNAMED,1879,10,07,12,00,31.2,-90,40,0
AL051879,UNNAMED,1879,10,07,18,00,33,-90.5,30,0
