id,name,year,month,day,hour,minute,lat,lon,max_sustained_wind_kts,sshws
AL051987,BRET,1987,08,18,00,00,14.8,-20,25,0
AL051987,BRET,1987,08,18,06,00,14.9,-22,25,0
AL051987,BRET,1987,08,18,12,00,15,-24,30,0
AL051987,BRET,1987,08,18,18,00,15.1,-26,35,0
AL051987,BRET,1987,08,19,00,00,15.2,-27.9,35,0
AL051987,BRET,1987,08,19,06,00,15.3,-29.5,35,0
AL051987,BRET,1987,08,19,12,00,15.4,-31,35,0
AL051987,BRET,1987,08,19,18,00,15.5,-32.4,40,0
AL051987,BRET,1987,08,20,00,00,15.6,-34,40,0
AL051987,BRET,1987,08,20,06,00,15.7,-35.5,45,0
AL051987,BRET,1987,08,20,12,00,15.8,-37,45,0
AL051987,BRET,1987,08,20,18,00,15.9,-38.4,45,0
AL051987,BRET,1987,08,21,00,00,16,-39.8,40,0
AL051987,BRET,1987,08,21,06,00,16.4,-41,40,0
AL051987,BRET,1987,08,21,12,00,16.9,-42.5,35,0
AL051987,BRET,1987,08,21,18,00,17.1,-43.9,35,0
AL051987,BRET,1987,08,22,00,00,17.5,-45,35,0
AL051987,BRET,1987,08,22,06,00,17.8,-46.1,35,0
AL051987,BRET,1987,08,22,12,00,18.1,-47.2,35,0
AL051987,BRET,1987,08,22,18,00,18.4,-48.3,30,0
AL051987,BRET,1987,08,23,00,00,19,-49.4,30,0
AL051987,BRET,1987,08,23,06,00,19.8,-50.3,30,0
AL051987,BRET,1987,08,23,12,00,20.5,-51.3,25,0
AL051987,BRET,1987,08,23,18,00,21.4,-52.5,25,0
AL051987,BRET,1987,08,24,00,00,22.2,-53.8,25,0
AL051987,BRET,1987,08,24,06,00,23.8,-54.5,25,0
