id,name,year,month,day,hour,minute,lat,lon,max_sustained_wind_kts,sshws
AL051989,DEAN,1989,07,31,06,00,14.8,-41.8,25,0
AL051989,DEAN,1989,07,31,12,00,15,-44.1,25,0
AL051989,DEAN,1989,07,31,18,00,15.1,-46,30,0
AL051989,DEAN,1989,08,01,00,00,15.4,-47.6,30,0
AL051989,DEAN,1989,08,01,06,00,15.8,-49.3,35,0
AL051989,DEAN,1989,08,01,12,00,16.1,-51.1,40,0
AL051989,DEAN,1989,08,01,18,00,16.4,-52.9,45,0
AL051989,DEAN,1989,08,02,00,00,16.6,-54.6,50,0
AL051989,DEAN,1989,08,02,06,00,16.9,-56.4,60,0
AL051989,DEAN,1989,08,02,12,00,17.3,-58.1,65,1
AL051989,DEAN,1989,08,02,18,00,17.9,-59.5,70,1
AL051989,DEAN,1989,08,03,00,00,18.5,-60.7,70,1
AL051989,DEAN,1989,08,03,06,00,18.9,-61.7,70,1
AL051989,DEAN,1989,08,03,12,00,19.3,-62.7,75,1
AL051989,DEAN,1989,08,03,18,00,19.7,-63.4,75,1
AL051989,DEAN,1989,08,04,00,00,20.1,-63.8,75,1
AL051989,DEAN,1989,08,04,06,00,20.4,-63.9,75,1
AL051989,DEAN,1989,08,04,12,00,20.9,-63.9,75,1
AL051989,DEAN,1989,08,04,18,00,21.6,-63.8,75,1
AL051989,DEAN,1989,08,05,00,00,22.5,-63.8,75,1
AL051989,DEAN,1989,08,05,06,00,23.5,-63.8,75,1
AL051989,DEAN,1989,08,05,12,00,24.7,-63.9,75,1
AL051989,DEAN,1989,08,05,18,00,26,-64,75,1
AL051989,DEAN,1989,08,06,00,00,27.6,-64.3,75,1
AL051989,DEAN,1989,08,06,06,00,29.2,-64.6,80,1
AL051989,DEAN,1989,08,06,12,00,30.8,-65,80,1
AL051989,DEAN,1989,08,06,18,00,32.4,-65.1,85,2
AL051989,DEAN,1989,08,07,00,00,34,-64.9,90,2
AL051989,DEAN,1989,08,07,06,00,35.6,-64.5,90,2
AL051989,DEAN,1989,08,07,12,00,37.5,-64,85,2
AL051989,DEAN,1989,08,07,18,00,39.4,-63.4,80,1
AL051989,DEAN,1989,08,08,00,00,41.7,-62.1,75,1
AL051989,DEAN,1989,08,08,06,00,44.1,-59.7,65,1
AL051989,DEAN,1989,08,08,12,00,46.5,-56.5,55,0
AL051989,DEAN,1989,08,08,13,00,46.9,-55.9,55,0
AL051989,DEAN,1989,08,08,18,00,48.8,-53.2,45,0
AL051989,DEAN,1989,08,09,00,00,50.8,-48.1,40,0
AL051989,DEAN,1989,08,09,06,00,51.8,-41.9,35,0
