id,name,year,month,day,hour,minute,lat,lon,max_sustained_wind_kts,sshws
AL051886,UNNAMED,1886,08,12,06,00,10.5,-58,35,0
AL051886,UNNAMED,1886,08,12,12,00,11.1,-58.9,40,0
AL051886,UNNAMED,1886,08,12,18,00,11.8,-59.8,45,0
AL051886,UNNAMED,1886,08,13,00,00,12.5,-60.7,50,0
AL051886,UNNAMED,1886,08,13,06,00,13.2,-61.7,55,0
AL051886,UNNAMED,1886,08,13,12,00,14,-62.7,60,0
AL051886,UNNAMED,1886,08,13,18,00,14.6,-63.9,65,1
AL051886,UNNAMED,1886,08,14,00,00,15.2,-65.2,70,1
AL051886,UNNAMED,1886,08,14,06,00,15.7,-66.2,75,1
AL051886,UNNAMED,1886,08,14,12,00,16.3,-67.3,80,1
AL051886,UNNAMED,1886,08,14,18,00,16.9,-68.3,85,2
AL051886,UNNAMED,1886,08,15,00,00,17.4,-69.3,85,2
AL051886,UNNAMED,1886,08,15,06,00,17.9,-70.2,85,2
AL051886,UNNAMED,1886,08,15,12,00,18.3,-71.3,80,1
AL051886,UNNAMED,1886,08,15,18,00,18.6,-72.6,75,1
AL051886,UNNAMED,1886,08,16,00,00,18.8,-73.9,70,1
AL051886,UNNAMED,1886,08,16,06,00,19.1,-75.2,80,1
AL051886,UNNAMED,1886,08,16,12,00,19.5,-76.5,85,2
AL051886,UNNAMED,1886,08,16,18,00,20.4,-77.3,80,1
AL051886,UNNAMED,1886,08,17,00,00,21.3,-78.1,75,1
AL051886,UNNAMED,1886,08,17,06,00,22.1,-79,70,1
AL051886,UNNAMED,1886,08,17,12,00,22.5,-79.7,55,0
AL051886,UNNAMED,1886,08,17,18,00,23.1,-80.5,60,0
AL051886,UNNAMED,1886,08,18,00,00,23.8,-81.7,65,1
AL051886,UNNAMED,1886,08,18,06,00,24.3,-83,70,1
AL051886,UNNAMED,1886,08,18,12,00,24.7,-84.3,75,1
AL051886,UNNAMED,1886,08,18,18,00,25.3,-86.1,75,1
AL051886,UNNAMED,1886,08,19,00,00,25.6,-87.9,80,1
AL051886,UNNAMED,1886,08,19,06,00,25.9,-89.7,90,2
AL051886,UNNAMED,1886,08,19,12,00,26.3,-91.9,100,3
AL051886,UNNAMED,1886,08,19,18,00,26.5,-93.3,110,3
AL051886,UNNAMED,1886,08,20,00,00,26.8,-94.5,120,4
AL051886,UNNAMED,1886,08,20,06,00,27.4,-95.6,130,4
AL051886,UNNAMED,1886,08,20,12,00,28,-96.6,130,4
AL051886,UNNAMED,1886,08,20,13,00,28.1,-96.8,130,4
AL051886,UNNAMED,1886,08,20,18,00,29,-98,85,2
AL051886,UNNAMED,1886,08,21,00,00,30,-99,60,0
AL051886,UNNAMED,1886,08,21,06,00,31,-99.6,50,0
AL051886,UNNAMED,1886,08,21,12,00,32,-100.7,35,0
AL051886,UNNAMED,1886,08,21,18,00,33.5,-101.3,25,0
