AL051949	UNNAMED	1949	09	03	06	00	23.7	-89	35	0
AL051949	UNNAMED	1949	09	03	12	00	24.2	-89	40	0
AL051949	UNNAMED	1949	09	03	18	00	25	-89.3	45	0
AL051949	UNNAMED	1949	09	04	00	00	26.3	-89.8	50	0
AL051949	UNNAMED	1949	09	04	06	00	27.8	-90.2	50	0
AL051949	UNNAMED	1949	09	04	12	00	29.3	-90.6	50	0
AL051949	UNNAMED	1949	09	04	18	00	30.3	-90.8	40	0
AL051949	UNNAMED	1949	09	05	00	00	31.3	-90.6	35	0
AL051949	UNNAMED	1949	09	05	06	00	32.3	-90.1	30	0
AL051949	UNNAMED	1949	09	05	12	00	33.4	-89.4	25	0
AL051949	UNNAMED	1949	09	05	18	00	34.8	-88.5	20	0
