id,name,year,month,day,hour,minute,lat,lon,max_sustained_wind_kts,sshws
AL051892,UNNAMED,1892,09,12,00,00,15.3,-19.5,35,0
AL051892,UNNAMED,1892,09,12,06,00,15.4,-20.5,40,0
AL051892,UNNAMED,1892,09,12,12,00,15.5,-21.5,45,0
AL051892,UNNAMED,1892,09,12,18,00,15.6,-22.3,50,0
AL051892,UNNAMED,1892,09,13,00,00,15.7,-23,55,0
AL051892,UNNAMED,1892,09,13,06,00,15.9,-23.6,60,0
AL051892,UNNAMED,1892,09,13,12,00,16,-24.1,65,1
AL051892,UNNAMED,1892,09,13,18,00,16.2,-24.8,70,1
AL051892,UNNAMED,1892,09,14,00,00,16.4,-25.5,75,1
AL051892,UNNAMED,1892,09,14,06,00,16.6,-26.2,80,1
AL051892,UNNAMED,1892,09,14,12,00,16.9,-27,85,2
AL051892,UNNAMED,1892,09,14,18,00,17.1,-27.7,85,2
AL051892,UNNAMED,1892,09,15,00,00,17.3,-28.4,85,2
AL051892,UNNAMED,1892,09,15,06,00,17.4,-29.2,85,2
AL051892,UNNAMED,1892,09,15,12,00,17.6,-30,85,2
AL051892,UNNAMED,1892,09,15,18,00,18,-31.1,85,2
AL051892,UNNAMED,1892,09,16,00,00,18.4,-32.3,85,2
AL051892,UNNAMED,1892,09,16,06,00,18.9,-33.4,85,2
AL051892,UNNAMED,1892,09,16,12,00,19.4,-34.5,85,2
AL051892,UNNAMED,1892,09,16,18,00,19.9,-35.6,85,2
AL051892,UNNAMED,1892,09,17,00,00,20.5,-36.7,85,2
AL051892,UNNAMED,1892,09,17,06,00,21,-37.8,85,2
AL051892,UNNAMED,1892,09,17,12,00,21.5,-38.9,85,2
AL051892,UNNAMED,1892,09,17,18,00,22,-39.8,85,2
AL051892,UNNAMED,1892,09,18,00,00,22.4,-40.6,85,2
AL051892,UNNAMED,1892,09,18,06,00,22.9,-41.4,85,2
AL051892,UNNAMED,1892,09,18,12,00,23.4,-42.2,85,2
AL051892,UNNAMED,1892,09,18,18,00,23.9,-43.1,85,2
AL051892,UNNAMED,1892,09,19,00,00,24.5,-44,85,2
AL051892,UNNAMED,1892,09,19,06,00,25,-44.9,85,2
AL051892,UNNAMED,1892,09,19,12,00,25.6,-45.8,85,2
AL051892,UNNAMED,1892,09,19,18,00,26.1,-46.6,85,2
AL051892,UNNAMED,1892,09,20,00,00,26.7,-47.4,85,2
AL051892,UNNAMED,1892,09,20,06,00,27.2,-48.2,85,2
AL051892,UNNAMED,1892,09,20,12,00,27.7,-48.9,85,2
AL051892,UNNAMED,1892,09,20,18,00,28.3,-49.5,80,1
AL051892,UNNAMED,1892,09,21,00,00,29,-50,80,1
AL051892,UNNAMED,1892,09,21,06,00,29.8,-50.4,80,1
AL051892,UNNAMED,1892,09,21,12,00,30.6,-50.7,75,1
AL051892,UNNAMED,1892,09,21,18,00,31.6,-50.9,70,1
AL051892,UNNAMED,1892,09,22,00,00,32.6,-50.7,70,1
AL051892,UNNAMED,1892,09,22,06,00,33.7,-50.3,70,1
AL051892,UNNAMED,1892,09,22,12,00,34.7,-49.7,65,1
AL051892,UNNAMED,1892,09,22,18,00,35.5,-48.7,60,0
AL051892,UNNAMED,1892,09,23,00,00,36.3,-47.3,50,0
AL051892,UNNAMED,1892,09,23,06,00,36.9,-45.4,45,0
AL051892,UNNAMED,1892,09,23,12,00,37.5,-43.2,35,0
AL051892,UNNAMED,1892,09,23,18,00,38.2,-41.9,25,0
