id,name,year,month,day,hour,minute,lat,lon,max_sustained_wind_kts,sshws
AL061861,UNNAMED,1861,10,06,00,00,20,-46,60,0
AL061861,UNNAMED,1861,10,06,06,00,21,-47,60,0
AL061861,UNNAMED,1861,10,06,12,00,22,-48,60,0
AL061861,UNNAMED,1861,10,06,18,00,23,-49,60,0
AL061861,UNNAMED,1861,10,07,00,00,24,-50,60,0
AL061861,UNNAMED,1861,10,07,06,00,25,-51,60,0
AL061861,UNNAMED,1861,10,07,12,00,26,-52,60,0
AL061861,UNNAMED,1861,10,07,18,00,27.2,-52.8,60,0
AL061861,UNNAMED,1861,10,08,00,00,28.5,-53.4,60,0
AL061861,UNNAMED,1861,10,08,06,00,30,-53.8,60,0
AL061861,UNNAMED,1861,10,08,12,00,32,-54,60,0
AL061861,UNNAMED,1861,10,08,18,00,34,-53.6,60,0
AL061861,UNNAMED,1861,10,09,00,00,35.5,-52.4,50,0
AL061861,UNNAMED,1861,10,09,06,00,36.8,-51.3,50,0
AL061861,UNNAMED,1861,10,09,12,00,38,-50,50,0
AL061861,UNNAMED,1861,10,09,18,00,39,-48.5,50,0
