AL062009	ERIKA	2009	09	01	18	00	16.7	-57.3	45	0
AL062009	ERIKA	2009	09	02	00	00	16.8	-58	45	0
AL062009	ERIKA	2009	09	02	06	00	16.5	-58.9	45	0
AL062009	ERIKA	2009	09	02	12	00	16.4	-59.9	35	0
AL062009	ERIKA	2009	09	02	18	00	16.3	-61	35	0
AL062009	ERIKA	2009	09	02	18	30	16.3	-61.3	35	0
AL062009	ERIKA	2009	09	03	00	00	16.3	-61.9	35	0
AL062009	ERIKA	2009	09	03	06	00	16.4	-62.7	40	0
AL062009	ERIKA	2009	09	03	12	00	16.5	-63.5	40	0
AL062009	ERIKA	2009	09	03	18	00	16.6	-64.5	30	0
AL062009	ERIKA	2009	09	04	00	00	16.8	-65.5	25	0
AL062009	ERIKA	2009	09	04	06	00	17	-66.5	25	0
