AL061968	UNNAMED	1968	08	26	00	00	26	-87.5	25	0
AL061968	UNNAMED	1968	08	26	06	00	26.1	-87	25	0
AL061968	UNNAMED	1968	08	26	12	00	26.6	-86.5	25	0
AL061968	UNNAMED	1968	08	26	18	00	27.1	-85.9	25	0
AL061968	UNNAMED	1968	08	27	00	00	27.4	-85.1	25	0
AL061968	UNNAMED	1968	08	27	06	00	27.8	-84.6	25	0
AL061968	UNNAMED	1968	08	27	12	00	28.1	-84	25	0
AL061968	UNNAMED	1968	08	27	18	00	28.9	-83.5	25	0
AL061968	UNNAMED	1968	08	28	00	00	29.1	-83	25	0
AL061968	UNNAMED	1968	08	28	06	00	28.9	-82.9	25	0
AL061968	UNNAMED	1968	08	28	12	00	28	-82.8	25	0
AL061968	UNNAMED	1968	08	28	18	00	27.5	-82.7	25	0
AL061968	UNNAMED	1968	08	29	00	00	27.1	-82.5	25	0
AL061968	UNNAMED	1968	08	29	06	00	27.2	-82.4	25	0
AL061968	UNNAMED	1968	08	29	12	00	27.5	-82.3	25	0
AL061968	UNNAMED	1968	08	29	18	00	27.8	-82.1	25	0
AL061968	UNNAMED	1968	08	30	00	00	28	-82	25	0
AL061968	UNNAMED	1968	08	30	06	00	28.2	-82	25	0
AL061968	UNNAMED	1968	08	30	12	00	28.3	-82	25	0
AL061968	UNNAMED	1968	08	30	18	00	28.9	-82	25	0
AL061968	UNNAMED	1968	08	31	00	00	29.1	-81.8	25	0
AL061968	UNNAMED	1968	08	31	06	00	29.5	-81.8	25	0
AL061968	UNNAMED	1968	08	31	12	00	30.1	-81.7	25	0
AL061968	UNNAMED	1968	08	31	18	00	30.5	-81.1	25	0
AL061968	UNNAMED	1968	09	01	00	00	31	-81	25	0
