AL061886	UNNAMED	1886	08	15	00	00	14.6	-54.5	55	0
AL061886	UNNAMED	1886	08	15	06	00	14.4	-55.5	60	0
AL061886	UNNAMED	1886	08	15	12	00	14.3	-56.5	65	1
AL061886	UNNAMED	1886	08	15	18	00	14.1	-57.7	70	1
AL061886	UNNAMED	1886	08	16	00	00	13.8	-58.9	75	1
AL061886	UNNAMED	1886	08	16	06	00	13.5	-60	85	2
AL061886	UNNAMED	1886	08	16	12	00	13	-61.3	95	2
AL061886	UNNAMED	1886	08	16	18	00	12.7	-62.4	95	2
AL061886	UNNAMED	1886	08	17	00	00	12.5	-63.7	95	2
AL061886	UNNAMED	1886	08	17	06	00	12.5	-65.1	90	2
AL061886	UNNAMED	1886	08	17	12	00	12.5	-66.5	85	2
AL061886	UNNAMED	1886	08	17	18	00	12.5	-67.8	85	2
AL061886	UNNAMED	1886	08	18	00	00	12.6	-69.2	85	2
AL061886	UNNAMED	1886	08	18	06	00	12.8	-70.6	85	2
AL061886	UNNAMED	1886	08	18	12	00	13	-71.7	85	2
AL061886	UNNAMED	1886	08	18	18	00	13.2	-72.5	85	2
AL061886	UNNAMED	1886	08	19	00	00	13.7	-73.3	85	2
AL061886	UNNAMED	1886	08	19	06	00	14.1	-73.9	85	2
AL061886	UNNAMED	1886	08	19	12	00	14.7	-74.5	85	2
AL061886	UNNAMED	1886	08	19	18	00	15.9	-75.3	90	2
AL061886	UNNAMED	1886	08	20	00	00	17	-76.2	95	2
AL061886	UNNAMED	1886	08	20	06	00	17.9	-76.8	95	2
AL061886	UNNAMED	1886	08	20	12	00	18.5	-77.3	95	2
AL061886	UNNAMED	1886	08	20	18	00	19	-77.8	95	2
AL061886	UNNAMED	1886	08	21	00	00	19.7	-78.4	95	2
AL061886	UNNAMED	1886	08	21	06	00	20.4	-78.8	100	3
AL061886	UNNAMED	1886	08	21	12	00	21	-79	105	3
AL061886	UNNAMED	1886	08	21	18	00	21.3	-79	105	3
AL061886	UNNAMED	1886	08	22	00	00	21.5	-79	105	3
AL061886	UNNAMED	1886	08	22	06	00	21.7	-79	90	2
AL061886	UNNAMED	1886	08	22	12	00	22	-79	80	1
AL061886	UNNAMED	1886	08	22	18	00	23.1	-79	80	1
AL061886	UNNAMED	1886	08	23	00	00	24.6	-79	80	1
AL061886	UNNAMED	1886	08	23	06	00	26.3	-78.7	85	2
AL061886	UNNAMED	1886	08	23	12	00	28	-77.9	85	2
AL061886	UNNAMED	1886	08	23	18	00	29.8	-76.8	85	2
AL061886	UNNAMED	1886	08	24	00	00	31.8	-75.5	85	2
AL061886	UNNAMED	1886	08	24	06	00	33.6	-74.3	85	2
AL061886	UNNAMED	1886	08	24	12	00	35	-73.2	85	2
AL061886	UNNAMED	1886	08	24	18	00	36	-72.3	85	2
AL061886	UNNAMED	1886	08	25	00	00	36.7	-71.6	85	2
AL061886	UNNAMED	1886	08	25	06	00	37.4	-70.8	85	2
AL061886	UNNAMED	1886	08	25	12	00	38.2	-70	85	2
AL061886	UNNAMED	1886	08	25	18	00	39.1	-69	85	2
AL061886	UNNAMED	1886	08	26	00	00	39.9	-67.8	85	2
AL061886	UNNAMED	1886	08	26	06	00	40.8	-66.5	80	1
AL061886	UNNAMED	1886	08	26	12	00	41.6	-65	75	1
AL061886	UNNAMED	1886	08	26	18	00	42	-63.2	70	1
AL061886	UNNAMED	1886	08	27	00	00	42.2	-61.1	65	1
AL061886	UNNAMED	1886	08	27	06	00	42.5	-58.6	60	0
AL061886	UNNAMED	1886	08	27	12	00	43	-56	60	0
AL061886	UNNAMED	1886	08	27	18	00	43.6	-53.3	60	0
