id,name,year,month,day,hour,minute,lat,lon,max_sustained_wind_kts,sshws
AL061957,ESTHER,1957,09,16,18,00,23,-92.8,30,0
AL061957,ESTHER,1957,09,17,00,00,23.7,-92.8,35,0
AL061957,ESTHER,1957,09,17,06,00,24.5,-92.7,45,0
AL061957,ESTHER,1957,09,17,12,00,25.3,-92.6,45,0
AL061957,ESTHER,1957,09,17,18,00,26.3,-92.3,45,0
AL061957,ESTHER,1957,09,18,00,00,27.3,-91.8,45,0
AL061957,ESTHER,1957,09,18,06,00,28.2,-91.3,45,0
AL061957,ESTHER,1957,09,18,12,00,29.2,-90.9,45,0
AL061957,ESTHER,1957,09,18,18,00,30.4,-90.5,45,0
AL061957,ESTHER,1957,09,19,00,00,31.5,-90.5,35,0
AL061957,ESTHER,1957,09,19,06,00,32.5,-90.5,25,0
AL061957,ESTHER,1957,09,19,12,00,33.5,-91,25,0
