id,name,year,month,day,hour,minute,lat,lon,max_sustained_wind_kts,sshws
AL061947,UNNAMED,1947,09,20,06,00,19.2,-77.7,35,0
AL061947,UNNAMED,1947,09,20,12,00,19.5,-78.7,35,0
AL061947,UNNAMED,1947,09,20,18,00,19.7,-79.4,35,0
AL061947,UNNAMED,1947,09,21,00,00,19.9,-80,35,0
AL061947,UNNAMED,1947,09,21,06,00,20.2,-80.6,40,0
AL061947,UNNAMED,1947,09,21,12,00,20.5,-81.2,40,0
AL061947,UNNAMED,1947,09,21,18,00,21.1,-82,45,0
AL061947,UNNAMED,1947,09,21,22,00,21.6,-82.6,45,0
AL061947,UNNAMED,1947,09,22,00,00,22,-82.8,45,0
AL061947,UNNAMED,1947,09,22,03,00,22.5,-83.1,45,0
AL061947,UNNAMED,1947,09,22,06,00,23,-83.3,45,0
AL061947,UNNAMED,1947,09,22,12,00,23.8,-83.4,45,0
AL061947,UNNAMED,1947,09,22,18,00,24.7,-83.4,50,0
AL061947,UNNAMED,1947,09,23,00,00,25.7,-83.4,50,0
AL061947,UNNAMED,1947,09,23,06,00,26.7,-83.4,50,0
AL061947,UNNAMED,1947,09,23,12,00,27.6,-83.2,55,0
AL061947,UNNAMED,1947,09,23,18,00,28.5,-82.9,55,0
AL061947,UNNAMED,1947,09,23,22,00,28.9,-82.7,55,0
AL061947,UNNAMED,1947,09,24,00,00,29.4,-82.6,50,0
AL061947,UNNAMED,1947,09,24,06,00,30.7,-82.1,45,0
AL061947,UNNAMED,1947,09,24,12,00,32.4,-81.2,40,0
AL061947,UNNAMED,1947,09,24,18,00,33.6,-80.2,40,0
AL061947,UNNAMED,1947,09,25,00,00,34.6,-78.8,35,0
AL061947,UNNAMED,1947,09,25,06,00,35.6,-76.9,35,0
AL061947,UNNAMED,1947,09,25,12,00,36.6,-74.8,40,0
AL061947,UNNAMED,1947,09,25,18,00,37.3,-72.3,35,0
AL061947,UNNAMED,1947,09,26,00,00,38,-68.3,35,0
