id,name,year,month,day,hour,minute,lat,lon,max_sustained_wind_kts,sshws
AL061945,UNNAMED,1945,08,29,06,00,13.6,-82.3,35,0
AL061945,UNNAMED,1945,08,29,12,00,14.2,-81.8,35,0
AL061945,UNNAMED,1945,08,29,18,00,14.8,-81.5,40,0
AL061945,UNNAMED,1945,08,30,00,00,15.5,-81.3,40,0
AL061945,UNNAMED,1945,08,30,06,00,16.4,-81.5,45,0
AL061945,UNNAMED,1945,08,30,12,00,17.2,-82.2,50,0
AL061945,UNNAMED,1945,08,30,18,00,17.6,-83.2,50,0
AL061945,UNNAMED,1945,08,31,00,00,17.7,-84.4,55,0
AL061945,UNNAMED,1945,08,31,06,00,17.8,-85.6,55,0
AL061945,UNNAMED,1945,08,31,12,00,17.7,-86.9,60,0
AL061945,UNNAMED,1945,08,31,18,00,17.4,-88.2,60,0
AL061945,UNNAMED,1945,09,01,00,00,17.2,-89.4,40,0
AL061945,UNNAMED,1945,09,01,06,00,17.1,-90.4,30,0
AL061945,UNNAMED,1945,09,01,12,00,17,-91.3,25,0
AL061945,UNNAMED,1945,09,01,18,00,17,-92,25,0
