AL061928	UNNAMED	1928	10	10	00	00	16.7	-35.6	40	0
AL061928	UNNAMED	1928	10	10	06	00	17.3	-36.3	45	0
AL061928	UNNAMED	1928	10	10	12	00	18	-37	50	0
AL061928	UNNAMED	1928	10	10	18	00	18.7	-37.7	55	0
AL061928	UNNAMED	1928	10	11	00	00	19.4	-38.4	60	0
AL061928	UNNAMED	1928	10	11	06	00	20.2	-39.1	60	0
AL061928	UNNAMED	1928	10	11	12	00	21	-39.8	60	0
AL061928	UNNAMED	1928	10	11	18	00	21.8	-40.5	60	0
AL061928	UNNAMED	1928	10	12	00	00	22.7	-41.1	60	0
AL061928	UNNAMED	1928	10	12	06	00	23.6	-41.8	60	0
AL061928	UNNAMED	1928	10	12	12	00	24.5	-42.5	60	0
AL061928	UNNAMED	1928	10	12	18	00	25.5	-43.4	60	0
AL061928	UNNAMED	1928	10	13	00	00	26.6	-44.5	65	1
AL061928	UNNAMED	1928	10	13	06	00	27.7	-45.4	70	1
AL061928	UNNAMED	1928	10	13	12	00	29	-46	70	1
AL061928	UNNAMED	1928	10	13	18	00	30.5	-45.9	75	1
AL061928	UNNAMED	1928	10	14	00	00	32.2	-45.2	80	1
AL061928	UNNAMED	1928	10	14	06	00	34.2	-43.5	80	1
AL061928	UNNAMED	1928	10	14	12	00	36.3	-41	80	1
AL061928	UNNAMED	1928	10	14	18	00	38	-39	75	1
AL061928	UNNAMED	1928	10	15	00	00	39.5	-37.5	65	1
AL061928	UNNAMED	1928	10	15	06	00	40.5	-36.5	50	0
