id,name,year,month,day,hour,minute,lat,lon,max_sustained_wind_kts,sshws
AL061983,DEAN,1983,09,26,18,00,28,-73,35,0
AL061983,DEAN,1983,09,27,00,00,28.5,-72.9,35,0
AL061983,DEAN,1983,09,27,06,00,29,-72.8,40,0
AL061983,DEAN,1983,09,27,12,00,29.5,-72.6,40,0
AL061983,DEAN,1983,09,27,18,00,30.3,-72.1,40,0
AL061983,DEAN,1983,09,28,00,00,31.2,-71.7,45,0
AL061983,DEAN,1983,09,28,06,00,32.2,-71.1,45,0
AL061983,DEAN,1983,09,28,12,00,33.1,-70.7,50,0
AL061983,DEAN,1983,09,28,18,00,34,-70.7,50,0
AL061983,DEAN,1983,09,29,00,00,34.5,-70.8,55,0
AL061983,DEAN,1983,09,29,06,00,34.8,-71,55,0
AL061983,DEAN,1983,09,29,12,00,35.1,-71.5,55,0
AL061983,DEAN,1983,09,29,18,00,35.8,-73,55,0
AL061983,DEAN,1983,09,30,00,00,36.4,-74,55,0
AL061983,DEAN,1983,09,30,06,00,37,-74.9,55,0
AL061983,DEAN,1983,09,30,12,00,37.5,-75.8,40,0
AL061983,DEAN,1983,09,30,18,00,37.9,-76.9,30,0
