AL061937	UNNAMED	1937	09	13	06	00	17	-56.4	40	0
AL061937	UNNAMED	1937	09	13	12	00	17.3	-56.8	40	0
AL061937	UNNAMED	1937	09	13	18	00	17.5	-57.2	45	0
AL061937	UNNAMED	1937	09	14	00	00	17.8	-57.5	50	0
AL061937	UNNAMED	1937	09	14	06	00	18.2	-57.8	55	0
AL061937	UNNAMED	1937	09	14	12	00	18.7	-58	65	1
AL061937	UNNAMED	1937	09	14	18	00	19.3	-58.2	75	1
AL061937	UNNAMED	1937	09	15	00	00	20	-57.9	90	2
AL061937	UNNAMED	1937	09	15	06	00	20.7	-57.7	110	3
AL061937	UNNAMED	1937	09	15	12	00	21.4	-57.4	110	3
AL061937	UNNAMED	1937	09	15	18	00	21.7	-56.7	110	3
AL061937	UNNAMED	1937	09	16	00	00	21.8	-55.6	105	3
AL061937	UNNAMED	1937	09	16	06	00	21.9	-54.4	105	3
AL061937	UNNAMED	1937	09	16	12	00	22.1	-53.3	105	3
AL061937	UNNAMED	1937	09	16	18	00	23.1	-52.6	100	3
AL061937	UNNAMED	1937	09	17	00	00	24.7	-52.1	100	3
AL061937	UNNAMED	1937	09	17	06	00	26.3	-51.8	100	3
AL061937	UNNAMED	1937	09	17	12	00	27.7	-51.5	95	2
AL061937	UNNAMED	1937	09	17	18	00	29.2	-51.2	95	2
AL061937	UNNAMED	1937	09	18	00	00	31.1	-50.9	95	2
AL061937	UNNAMED	1937	09	18	06	00	33.4	-50.3	95	2
AL061937	UNNAMED	1937	09	18	12	00	35.8	-49.5	95	2
AL061937	UNNAMED	1937	09	18	18	00	38.3	-48.9	90	2
AL061937	UNNAMED	1937	09	19	00	00	40.8	-48.2	90	2
AL061937	UNNAMED	1937	09	19	06	00	43.3	-47.5	85	2
AL061937	UNNAMED	1937	09	19	12	00	45.7	-46.5	80	1
AL061937	UNNAMED	1937	09	19	18	00	47.5	-45	75	1
AL061937	UNNAMED	1937	09	20	00	00	49.5	-41.5	65	1
AL061937	UNNAMED	1937	09	20	06	00	51.5	-38	55	0
AL061937	UNNAMED	1937	09	20	12	00	53.5	-34.7	50	0
AL061937	UNNAMED	1937	09	20	18	00	55.5	-31.3	50	0
