id,name,year,month,day,hour,minute,lat,lon,max_sustained_wind_kts,sshws
AL061989,UNNAMED,1989,08,08,18,00,15.8,-20.8,25,0
AL061989,UNNAMED,1989,08,09,00,00,15.8,-19.9,25,0
AL061989,UNNAMED,1989,08,09,06,00,15.7,-19.1,25,0
AL061989,UNNAMED,1989,08,09,12,00,15.7,-18.4,25,0
AL061989,UNNAMED,1989,08,09,18,00,15.7,-17.8,25,0
AL061989,UNNAMED,1989,08,10,00,00,15.6,-17.4,25,0
AL061989,UNNAMED,1989,08,10,06,00,15.6,-17.1,25,0
AL061989,UNNAMED,1989,08,10,12,00,15.6,-16.9,25,0
AL061989,UNNAMED,1989,08,10,18,00,15.6,-16.8,25,0
AL061989,UNNAMED,1989,08,11,00,00,15.6,-16.9,25,0
AL061989,UNNAMED,1989,08,11,06,00,15.6,-17.1,25,0
AL061989,UNNAMED,1989,08,11,12,00,15.6,-17.4,25,0
AL061989,UNNAMED,1989,08,11,18,00,15.7,-17.9,25,0
AL061989,UNNAMED,1989,08,12,00,00,15.7,-18.5,25,0
AL061989,UNNAMED,1989,08,12,06,00,15.8,-19.2,25,0
AL061989,UNNAMED,1989,08,12,12,00,15.8,-20.1,25,0
AL061989,UNNAMED,1989,08,12,18,00,15.9,-21.1,25,0
AL061989,UNNAMED,1989,08,13,00,00,16.1,-22.8,25,0
AL061989,UNNAMED,1989,08,13,06,00,16.4,-25.3,25,0
AL061989,UNNAMED,1989,08,13,12,00,16.6,-28.5,25,0
AL061989,UNNAMED,1989,08,13,18,00,16.5,-31.4,25,0
AL061989,UNNAMED,1989,08,14,00,00,16.2,-33.6,25,0
AL061989,UNNAMED,1989,08,14,06,00,15.7,-35.3,25,0
AL061989,UNNAMED,1989,08,14,12,00,15,-36.5,25,0
AL061989,UNNAMED,1989,08,14,18,00,14.4,-37.7,25,0
AL061989,UNNAMED,1989,08,15,00,00,14.4,-39.3,25,0
AL061989,UNNAMED,1989,08,15,06,00,15,-41.1,25,0
AL061989,UNNAMED,1989,08,15,12,00,15.4,-42.7,25,0
AL061989,UNNAMED,1989,08,15,18,00,15.6,-44,25,0
AL061989,UNNAMED,1989,08,16,00,00,15.8,-45.4,25,0
AL061989,UNNAMED,1989,08,16,06,00,16,-47.2,25,0
AL061989,UNNAMED,1989,08,16,12,00,16.1,-49.2,30,0
AL061989,UNNAMED,1989,08,16,18,00,16.5,-51.1,30,0
AL061989,UNNAMED,1989,08,17,00,00,17.1,-52.5,30,0
AL061989,UNNAMED,1989,08,17,06,00,17.6,-53.8,25,0
AL061989,UNNAMED,1989,08,17,12,00,17.7,-55.1,25,0
