id,name,year,month,day,hour,minute,lat,lon,max_sustained_wind_kts,sshws
AL061880,UNNAMED,1880,09,06,00,00,23.9,-88.6,40,0
AL061880,UNNAMED,1880,09,06,06,00,24.2,-88.4,40,0
AL061880,UNNAMED,1880,09,06,12,00,24.6,-88,40,0
AL061880,UNNAMED,1880,09,06,18,00,24.9,-87.6,40,0
AL061880,UNNAMED,1880,09,07,00,00,25.2,-87.3,40,0
AL061880,UNNAMED,1880,09,07,06,00,25.6,-87,40,0
AL061880,UNNAMED,1880,09,07,12,00,26,-86.6,40,0
AL061880,UNNAMED,1880,09,07,18,00,26.6,-86.3,40,0
AL061880,UNNAMED,1880,09,08,00,00,27.1,-86,50,0
AL061880,UNNAMED,1880,09,08,06,00,27.7,-85.6,50,0
AL061880,UNNAMED,1880,09,08,12,00,28.7,-84.6,50,0
AL061880,UNNAMED,1880,09,08,16,00,29.8,-83.6,50,0
AL061880,UNNAMED,1880,09,08,18,00,30.1,-83.1,40,0
AL061880,UNNAMED,1880,09,09,00,00,31.7,-80.4,60,0
AL061880,UNNAMED,1880,09,09,06,00,33.5,-78.1,70,1
AL061880,UNNAMED,1880,09,09,10,00,34.7,-77.1,70,1
AL061880,UNNAMED,1880,09,09,12,00,35.3,-76.5,70,1
AL061880,UNNAMED,1880,09,09,18,00,37,-74.3,70,1
AL061880,UNNAMED,1880,09,10,00,00,38.9,-72,70,1
AL061880,UNNAMED,1880,09,10,06,00,40.8,-68.9,70,1
AL061880,UNNAMED,1880,09,10,12,00,42.3,-66,70,1
AL061880,UNNAMED,1880,09,10,18,00,43.2,-63.9,70,1
AL061880,UNNAMED,1880,09,11,00,00,44,-61.7,60,0
AL061880,UNNAMED,1880,09,11,06,00,44.7,-59.1,60,0
AL061880,UNNAMED,1880,09,11,12,00,45.3,-56.7,60,0
AL061880,UNNAMED,1880,09,11,18,00,46,-54.2,60,0
