AL061896	UNNAMED	1896	10	26	06	00	8.7	-44.2	35	0
AL061896	UNNAMED	1896	10	26	12	00	8.7	-45	35	0
AL061896	UNNAMED	1896	10	26	18	00	8.8	-45.5	40	0
AL061896	UNNAMED	1896	10	27	00	00	8.9	-46	40	0
AL061896	UNNAMED	1896	10	27	06	00	9	-46.6	45	0
AL061896	UNNAMED	1896	10	27	12	00	9.2	-47.4	45	0
AL061896	UNNAMED	1896	10	27	18	00	9.5	-48.3	50	0
AL061896	UNNAMED	1896	10	28	00	00	9.8	-49.2	55	0
AL061896	UNNAMED	1896	10	28	06	00	10.1	-50.1	60	0
AL061896	UNNAMED	1896	10	28	12	00	10.5	-51	65	1
AL061896	UNNAMED	1896	10	28	18	00	10.9	-51.9	65	1
AL061896	UNNAMED	1896	10	29	00	00	11.4	-52.8	70	1
AL061896	UNNAMED	1896	10	29	06	00	12	-53.7	75	1
AL061896	UNNAMED	1896	10	29	12	00	12.6	-54.6	80	1
AL061896	UNNAMED	1896	10	29	18	00	13.4	-55.3	85	2
AL061896	UNNAMED	1896	10	30	00	00	14.2	-55.7	85	2
AL061896	UNNAMED	1896	10	30	06	00	15.1	-55.9	85	2
AL061896	UNNAMED	1896	10	30	12	00	16.1	-56	85	2
AL061896	UNNAMED	1896	10	30	18	00	17.2	-56	85	2
AL061896	UNNAMED	1896	10	31	00	00	18.3	-55.8	85	2
AL061896	UNNAMED	1896	10	31	06	00	19.4	-55.5	85	2
AL061896	UNNAMED	1896	10	31	12	00	20.4	-55	85	2
AL061896	UNNAMED	1896	10	31	18	00	21.4	-54.3	85	2
AL061896	UNNAMED	1896	11	01	00	00	22.3	-53.6	85	2
AL061896	UNNAMED	1896	11	01	06	00	23.1	-52.9	85	2
AL061896	UNNAMED	1896	11	01	12	00	23.9	-52.3	85	2
AL061896	UNNAMED	1896	11	01	18	00	24.7	-51.7	85	2
AL061896	UNNAMED	1896	11	02	00	00	25.4	-51.2	85	2
AL061896	UNNAMED	1896	11	02	06	00	26.1	-50.6	85	2
AL061896	UNNAMED	1896	11	02	12	00	26.7	-50	85	2
AL061896	UNNAMED	1896	11	02	18	00	27.3	-49.4	85	2
AL061896	UNNAMED	1896	11	03	00	00	27.9	-48.8	85	2
AL061896	UNNAMED	1896	11	03	06	00	28.5	-48.1	85	2
AL061896	UNNAMED	1896	11	03	12	00	29.1	-47.5	85	2
AL061896	UNNAMED	1896	11	03	18	00	29.7	-46.8	85	2
AL061896	UNNAMED	1896	11	04	00	00	30.3	-46.1	85	2
AL061896	UNNAMED	1896	11	04	06	00	30.9	-45.4	85	2
AL061896	UNNAMED	1896	11	04	12	00	31.5	-44.6	85	2
AL061896	UNNAMED	1896	11	04	18	00	32.3	-43.6	85	2
AL061896	UNNAMED	1896	11	05	00	00	33.3	-42.4	85	2
AL061896	UNNAMED	1896	11	05	06	00	34.5	-41.1	85	2
AL061896	UNNAMED	1896	11	05	12	00	35.6	-40.3	85	2
AL061896	UNNAMED	1896	11	05	18	00	37	-39.3	85	2
AL061896	UNNAMED	1896	11	06	00	00	38.4	-39	85	2
AL061896	UNNAMED	1896	11	06	06	00	39.8	-39.7	85	2
AL061896	UNNAMED	1896	11	06	12	00	40.4	-41	80	1
AL061896	UNNAMED	1896	11	06	18	00	40.4	-41.5	80	1
AL061896	UNNAMED	1896	11	07	00	00	40.1	-42.1	80	1
AL061896	UNNAMED	1896	11	07	06	00	39.6	-42.6	75	1
AL061896	UNNAMED	1896	11	07	12	00	39	-43	75	1
AL061896	UNNAMED	1896	11	07	18	00	38.5	-43	75	1
AL061896	UNNAMED	1896	11	08	00	00	37.9	-42.5	70	1
AL061896	UNNAMED	1896	11	08	06	00	37.4	-41.7	70	1
AL061896	UNNAMED	1896	11	08	12	00	37	-40.7	65	1
AL061896	UNNAMED	1896	11	08	18	00	36.6	-39.6	60	0
AL061896	UNNAMED	1896	11	09	00	00	36.4	-38.3	55	0
AL061896	UNNAMED	1896	11	09	06	00	36.2	-36.7	50	0
AL061896	UNNAMED	1896	11	09	12	00	36	-35	45	0
AL061896	UNNAMED	1896	11	09	18	00	36	-33.9	35	0
