id,name,year,month,day,hour,minute,lat,lon,max_sustained_wind_kts,sshws
AL061903,UNNAMED,1903,09,26,06,00,22.9,-58.8,40,0
AL061903,UNNAMED,1903,09,26,12,00,23.3,-60,40,0
AL061903,UNNAMED,1903,09,26,18,00,23.6,-61.6,40,0
AL061903,UNNAMED,1903,09,27,00,00,23.9,-62.8,45,0
AL061903,UNNAMED,1903,09,27,06,00,24.3,-63.8,50,0
AL061903,UNNAMED,1903,09,27,12,00,24.8,-64.6,55,0
AL061903,UNNAMED,1903,09,27,18,00,26,-65.3,60,0
AL061903,UNNAMED,1903,09,28,00,00,27.3,-65.7,70,1
AL061903,UNNAMED,1903,09,28,06,00,28.7,-65.7,80,1
AL061903,UNNAMED,1903,09,28,12,00,30,-65.5,90,2
AL061903,UNNAMED,1903,09,28,18,00,32.1,-64.2,95,2
AL061903,UNNAMED,1903,09,29,00,00,34.1,-62.3,95,2
AL061903,UNNAMED,1903,09,29,06,00,36,-59.1,95,2
AL061903,UNNAMED,1903,09,29,12,00,37.5,-56.3,90,2
AL061903,UNNAMED,1903,09,29,18,00,39.4,-52.8,85,2
AL061903,UNNAMED,1903,09,30,00,00,41.2,-48.6,80,1
AL061903,UNNAMED,1903,09,30,06,00,42.7,-44.8,75,1
AL061903,UNNAMED,1903,09,30,12,00,44.5,-40.5,70,1
AL061903,UNNAMED,1903,09,30,18,00,46.5,-35.5,60,0
