AL061979	CLAUDETTE	1979	07	15	12	00	12.5	-46.3	20	0
AL061979	CLAUDETTE	1979	07	15	18	00	12.8	-48.4	20	0
AL061979	CLAUDETTE	1979	07	16	00	00	13.4	-50.4	25	0
AL061979	CLAUDETTE	1979	07	16	06	00	14.6	-52.1	25	0
AL061979	CLAUDETTE	1979	07	16	12	00	15.7	-53.8	30	0
AL061979	CLAUDETTE	1979	07	16	18	00	16.5	-55.5	30	0
AL061979	CLAUDETTE	1979	07	17	00	00	17	-57.2	30	0
AL061979	CLAUDETTE	1979	07	17	06	00	17.5	-58.8	30	0
AL061979	CLAUDETTE	1979	07	17	12	00	17.8	-60.3	35	0
AL061979	CLAUDETTE	1979	07	17	18	00	18	-62.1	40	0
AL061979	CLAUDETTE	1979	07	18	00	00	18.2	-63.8	35	0
AL061979	CLAUDETTE	1979	07	18	06	00	18.3	-65.4	30	0
AL061979	CLAUDETTE	1979	07	18	12	00	18.4	-67	30	0
AL061979	CLAUDETTE	1979	07	18	18	00	18.5	-68.5	25	0
AL061979	CLAUDETTE	1979	07	19	00	00	18.7	-69.5	20	0
AL061979	CLAUDETTE	1979	07	19	06	00	18.8	-70.5	20	0
AL061979	CLAUDETTE	1979	07	19	12	00	18.8	-71.4	20	0
AL061979	CLAUDETTE	1979	07	19	18	00	19	-72.4	20	0
AL061979	CLAUDETTE	1979	07	20	00	00	19	-73.3	20	0
AL061979	CLAUDETTE	1979	07	20	06	00	19.2	-74.7	20	0
AL061979	CLAUDETTE	1979	07	20	12	00	19.5	-76.7	20	0
AL061979	CLAUDETTE	1979	07	20	18	00	20	-78.7	20	0
AL061979	CLAUDETTE	1979	07	21	00	00	20.6	-80.4	20	0
AL061979	CLAUDETTE	1979	07	21	06	00	21.4	-82.2	25	0
AL061979	CLAUDETTE	1979	07	21	12	00	22.1	-83.5	30	0
AL061979	CLAUDETTE	1979	07	21	18	00	22.8	-85	30	0
AL061979	CLAUDETTE	1979	07	22	00	00	23.5	-86.5	30	0
AL061979	CLAUDETTE	1979	07	22	06	00	24	-87.4	30	0
AL061979	CLAUDETTE	1979	07	22	12	00	24.5	-88.5	30	0
AL061979	CLAUDETTE	1979	07	22	18	00	25	-89.5	30	0
AL061979	CLAUDETTE	1979	07	23	00	00	25.4	-90.5	30	0
AL061979	CLAUDETTE	1979	07	23	06	00	25.9	-91.4	30	0
AL061979	CLAUDETTE	1979	07	23	12	00	26.4	-92.4	35	0
AL061979	CLAUDETTE	1979	07	23	18	00	26.9	-92.9	35	0
AL061979	CLAUDETTE	1979	07	24	00	00	27.5	-93.4	35	0
AL061979	CLAUDETTE	1979	07	24	06	00	28.3	-93.5	40	0
AL061979	CLAUDETTE	1979	07	24	12	00	28.8	-93.7	45	0
AL061979	CLAUDETTE	1979	07	24	18	00	29.6	-93.9	45	0
AL061979	CLAUDETTE	1979	07	25	00	00	30.3	-93.9	40	0
AL061979	CLAUDETTE	1979	07	25	06	00	30.3	-94.3	35	0
AL061979	CLAUDETTE	1979	07	25	12	00	30.5	-94.8	30	0
AL061979	CLAUDETTE	1979	07	25	18	00	30.5	-95.2	30	0
AL061979	CLAUDETTE	1979	07	26	00	00	30.2	-95.3	30	0
AL061979	CLAUDETTE	1979	07	26	06	00	30.6	-95.1	30	0
AL061979	CLAUDETTE	1979	07	26	12	00	30.8	-95.4	25	0
AL061979	CLAUDETTE	1979	07	26	18	00	31.3	-96.3	25	0
AL061979	CLAUDETTE	1979	07	27	00	00	31.8	-96.6	20	0
AL061979	CLAUDETTE	1979	07	27	06	00	32.7	-96.4	20	0
AL061979	CLAUDETTE	1979	07	27	12	00	34	-95.9	15	0
AL061979	CLAUDETTE	1979	07	27	18	00	35.3	-95.3	15	0
AL061979	CLAUDETTE	1979	07	28	00	00	36.4	-94.6	15	0
AL061979	CLAUDETTE	1979	07	28	06	00	37.8	-93.4	15	0
AL061979	CLAUDETTE	1979	07	28	12	00	38.6	-91	15	0
AL061979	CLAUDETTE	1979	07	28	18	00	38.8	-88	15	0
AL061979	CLAUDETTE	1979	07	29	00	00	39	-85.2	15	0
AL061979	CLAUDETTE	1979	07	29	06	00	39	-82.8	15	0
AL061979	CLAUDETTE	1979	07	29	12	00	39	-80.2	15	0
