AL061885	UNNAMED	1885	09	24	00	00	26.4	-87.8	40	0
AL061885	UNNAMED	1885	09	24	06	00	26.7	-87.9	40	0
AL061885	UNNAMED	1885	09	24	12	00	27	-88	40	0
AL061885	UNNAMED	1885	09	24	18	00	27.4	-88.1	40	0
AL061885	UNNAMED	1885	09	25	00	00	27.8	-88.3	50	0
AL061885	UNNAMED	1885	09	25	06	00	28.2	-88.4	50	0
AL061885	UNNAMED	1885	09	25	12	00	28.7	-88.6	50	0
AL061885	UNNAMED	1885	09	25	18	00	29	-88.8	50	0
AL061885	UNNAMED	1885	09	26	00	00	29.3	-88.9	60	0
AL061885	UNNAMED	1885	09	26	04	00	29.6	-89	60	0
AL061885	UNNAMED	1885	09	26	06	00	29.7	-89	60	0
AL061885	UNNAMED	1885	09	26	12	00	30	-89.1	60	0
AL061885	UNNAMED	1885	09	26	18	00	30.2	-89	60	0
AL061885	UNNAMED	1885	09	27	00	00	30.3	-88.9	60	0
AL061885	UNNAMED	1885	09	27	06	00	30.4	-88.8	50	0
AL061885	UNNAMED	1885	09	27	12	00	30.5	-88.6	50	0
AL061885	UNNAMED	1885	09	27	18	00	30.6	-88.4	40	0
AL061885	UNNAMED	1885	09	28	00	00	30.6	-88.1	40	0
AL061885	UNNAMED	1885	09	28	06	00	30.6	-87.8	40	0
AL061885	UNNAMED	1885	09	28	12	00	30.6	-87.4	40	0
AL061885	UNNAMED	1885	09	28	18	00	30.6	-87	40	0
AL061885	UNNAMED	1885	09	29	00	00	30.6	-86.5	30	0
AL061885	UNNAMED	1885	09	29	06	00	30.6	-86	30	0
AL061885	UNNAMED	1885	09	29	12	00	30.5	-85.4	30	0
AL061885	UNNAMED	1885	09	29	18	00	30.4	-84.8	30	0
AL061885	UNNAMED	1885	09	30	00	00	30.3	-84	30	0
AL061885	UNNAMED	1885	09	30	06	00	30.2	-83.3	30	0
AL061885	UNNAMED	1885	09	30	12	00	30.2	-82.8	30	0
AL061885	UNNAMED	1885	09	30	18	00	30.2	-81.8	30	0
AL061885	UNNAMED	1885	10	01	00	00	30.4	-80.8	40	0
AL061885	UNNAMED	1885	10	01	06	00	30.7	-79.6	40	0
AL061885	UNNAMED	1885	10	01	12	00	31.2	-78.8	50	0
AL061885	UNNAMED	1885	10	01	18	00	32	-77.8	60	0
AL061885	UNNAMED	1885	10	02	00	00	32.9	-77	60	0
AL061885	UNNAMED	1885	10	02	06	00	33.8	-76.3	60	0
AL061885	UNNAMED	1885	10	02	12	00	34.5	-75.6	70	1
AL061885	UNNAMED	1885	10	02	18	00	35.5	-74.1	70	1
