id,name,year,month,day,hour,minute,lat,lon,max_sustained_wind_kts,sshws
AL061976,ANNA,1976,07,28,18,00,28,-52.3,20,0
AL061976,ANNA,1976,07,29,00,00,28,-51.3,20,0
AL061976,ANNA,1976,07,29,06,00,28,-50.3,20,0
AL061976,ANNA,1976,07,29,12,00,28,-49.3,25,0
AL061976,ANNA,1976,07,29,18,00,28,-48.1,25,0
AL061976,ANNA,1976,07,30,00,00,28.3,-45.6,30,0
AL061976,ANNA,1976,07,30,06,00,29.8,-42,35,0
AL061976,ANNA,1976,07,30,12,00,30.1,-39.9,40,0
AL061976,ANNA,1976,07,30,18,00,30.5,-37.7,40,0
AL061976,ANNA,1976,07,31,00,00,31.3,-35.7,40,0
AL061976,ANNA,1976,07,31,06,00,31.9,-33.6,40,0
AL061976,ANNA,1976,07,31,12,00,32.5,-31.5,40,0
AL061976,ANNA,1976,07,31,18,00,33.2,-29.4,40,0
AL061976,ANNA,1976,08,01,00,00,33.9,-27.1,35,0
AL061976,ANNA,1976,08,01,06,00,35,-24.9,35,0
AL061976,ANNA,1976,08,01,12,00,36.3,-23.2,35,0
AL061976,ANNA,1976,08,01,18,00,37.8,-21.8,35,0
AL061976,ANNA,1976,08,02,00,00,39.2,-20.9,35,0
AL061976,ANNA,1976,08,02,06,00,40.6,-20.3,40,0
AL061976,ANNA,1976,08,02,12,00,42.1,-20.5,45,0
AL061976,ANNA,1976,08,02,18,00,42.7,-21,40,0
AL061976,ANNA,1976,08,03,00,00,42.8,-21.9,35,0
AL061976,ANNA,1976,08,03,06,00,42.7,-22.8,35,0
AL061976,ANNA,1976,08,03,12,00,42.5,-23.7,30,0
AL061976,ANNA,1976,08,03,18,00,41.9,-24.9,30,0
AL061976,ANNA,1976,08,04,00,00,41.2,-25.9,30,0
AL061976,ANNA,1976,08,04,06,00,40.4,-26.7,30,0
AL061976,ANNA,1976,08,04,12,00,39.5,-27.5,30,0
AL061976,ANNA,1976,08,04,18,00,38.5,-28.1,30,0
AL061976,ANNA,1976,08,05,00,00,38,-28.1,30,0
AL061976,ANNA,1976,08,05,06,00,37.5,-27.7,30,0
AL061976,ANNA,1976,08,05,12,00,37.4,-27.3,25,0
AL061976,ANNA,1976,08,05,18,00,37.4,-26.7,25,0
AL061976,ANNA,1976,08,06,00,00,37.5,-26.3,25,0
AL061976,ANNA,1976,08,06,06,00,37.6,-25.6,25,0
AL061976,ANNA,1976,08,06,12,00,37.9,-25.1,25,0
AL061976,ANNA,1976,08,06,18,00,38.2,-24.6,25,0
