AL061958	FIFI	1958	09	04	12	00	10.1	-44.8	25	0
AL061958	FIFI	1958	09	04	18	00	10.6	-46.2	25	0
AL061958	FIFI	1958	09	05	00	00	11.1	-47.5	25	0
AL061958	FIFI	1958	09	05	06	00	11.6	-48.6	30	0
AL061958	FIFI	1958	09	05	12	00	12.2	-49.8	45	0
AL061958	FIFI	1958	09	05	18	00	13.3	-51.9	45	0
AL061958	FIFI	1958	09	06	00	00	14.5	-54.1	50	0
AL061958	FIFI	1958	09	06	06	00	15.6	-55.7	65	1
AL061958	FIFI	1958	09	06	12	00	16.6	-57.1	75	1
AL061958	FIFI	1958	09	06	18	00	17.5	-58.3	80	1
AL061958	FIFI	1958	09	07	00	00	18.4	-59.6	75	1
AL061958	FIFI	1958	09	07	06	00	19.5	-61	65	1
AL061958	FIFI	1958	09	07	12	00	20.6	-62.3	65	1
AL061958	FIFI	1958	09	07	18	00	21.3	-63.4	65	1
AL061958	FIFI	1958	09	08	00	00	21.9	-64.2	60	0
AL061958	FIFI	1958	09	08	06	00	22.6	-64.8	60	0
AL061958	FIFI	1958	09	08	12	00	23	-65.3	60	0
AL061958	FIFI	1958	09	08	18	00	23.1	-65.6	55	0
AL061958	FIFI	1958	09	09	00	00	23.3	-65.8	50	0
AL061958	FIFI	1958	09	09	06	00	23.5	-65.9	50	0
AL061958	FIFI	1958	09	09	12	00	23.6	-66	50	0
AL061958	FIFI	1958	09	09	18	00	23.8	-66.2	50	0
AL061958	FIFI	1958	09	10	00	00	24.1	-66.5	50	0
AL061958	FIFI	1958	09	10	06	00	24.7	-66.8	45	0
AL061958	FIFI	1958	09	10	12	00	25.5	-67.1	45	0
AL061958	FIFI	1958	09	10	18	00	26.4	-67.1	40	0
AL061958	FIFI	1958	09	11	00	00	27.2	-66.9	40	0
AL061958	FIFI	1958	09	11	06	00	27.6	-66.7	40	0
AL061958	FIFI	1958	09	11	12	00	28	-66.2	40	0
AL061958	FIFI	1958	09	11	18	00	28.9	-65.3	50	0
AL061958	FIFI	1958	09	12	00	00	29.7	-64.3	55	0
AL061958	FIFI	1958	09	12	06	00	30.2	-63.2	45	0
AL061958	FIFI	1958	09	12	12	00	30.7	-62.1	35	0
AL061958	FIFI	1958	09	12	18	00	31.3	-61.3	25	0
