id,name,year,month,day,hour,minute,lat,lon,max_sustained_wind_kts,sshws
AL061963,EDITH,1963,09,23,12,00,11,-52,25,0
AL061963,EDITH,1963,09,23,18,00,11.5,-53,25,0
AL061963,EDITH,1963,09,24,00,00,12.1,-54,30,0
AL061963,EDITH,1963,09,24,06,00,12.5,-55.3,30,0
AL061963,EDITH,1963,09,24,12,00,12.9,-56.5,35,0
AL061963,EDITH,1963,09,24,18,00,13.2,-58.2,65,1
AL061963,EDITH,1963,09,25,00,00,13.7,-59.6,85,2
AL061963,EDITH,1963,09,25,06,00,13.9,-60.6,75,1
AL061963,EDITH,1963,09,25,12,00,14.4,-61.6,85,2
AL061963,EDITH,1963,09,25,18,00,14.7,-62.7,85,2
AL061963,EDITH,1963,09,26,00,00,15,-64.1,65,1
AL061963,EDITH,1963,09,26,06,00,15.3,-65.4,65,1
AL061963,EDITH,1963,09,26,12,00,15.8,-66.9,65,1
AL061963,EDITH,1963,09,26,18,00,16.8,-67.3,65,1
AL061963,EDITH,1963,09,27,00,00,17.8,-67.5,65,1
AL061963,EDITH,1963,09,27,06,00,18.1,-69,65,1
AL061963,EDITH,1963,09,27,12,00,18.7,-69.3,65,1
AL061963,EDITH,1963,09,27,18,00,19.5,-69.9,65,1
AL061963,EDITH,1963,09,28,00,00,20.2,-70.5,40,0
AL061963,EDITH,1963,09,28,06,00,20.7,-70.9,35,0
AL061963,EDITH,1963,09,28,12,00,21.3,-71.5,35,0
AL061963,EDITH,1963,09,28,18,00,21.8,-72,35,0
AL061963,EDITH,1963,09,29,00,00,22.6,-72.3,30,0
AL061963,EDITH,1963,09,29,06,00,23.1,-72,30,0
