id,name,year,month,day,hour,minute,lat,lon,max_sustained_wind_kts,sshws
AL061892,UNNAMED,1892,09,25,06,00,19.5,-92.2,35,0
AL061892,UNNAMED,1892,09,25,12,00,19.6,-92.9,40,0
AL061892,UNNAMED,1892,09,25,18,00,19.9,-93.6,40,0
AL061892,UNNAMED,1892,09,26,00,00,20.3,-94.3,45,0
AL061892,UNNAMED,1892,09,26,06,00,20.8,-94.9,50,0
AL061892,UNNAMED,1892,09,26,12,00,21.3,-95.5,50,0
AL061892,UNNAMED,1892,09,26,18,00,21.9,-96.1,50,0
AL061892,UNNAMED,1892,09,27,00,00,22.5,-96.6,50,0
AL061892,UNNAMED,1892,09,27,06,00,23.1,-97.1,50,0
AL061892,UNNAMED,1892,09,27,12,00,23.8,-97.6,45,0
AL061892,UNNAMED,1892,09,27,18,00,24.3,-97.9,35,0
