AL062012	FLORENCE	2012	08	03	06	00	12.2	-23.1	25	0
AL062012	FLORENCE	2012	08	03	12	00	12.5	-24.5	30	0
AL062012	FLORENCE	2012	08	03	18	00	13	-25.9	30	0
AL062012	FLORENCE	2012	08	04	00	00	13.5	-27.3	30	0
AL062012	FLORENCE	2012	08	04	06	00	14.1	-28.6	35	0
AL062012	FLORENCE	2012	08	04	12	00	14.7	-29.9	40	0
AL062012	FLORENCE	2012	08	04	18	00	15.3	-31.2	45	0
AL062012	FLORENCE	2012	08	05	00	00	15.8	-32.5	50	0
AL062012	FLORENCE	2012	08	05	06	00	16.1	-33.8	50	0
AL062012	FLORENCE	2012	08	05	12	00	16.2	-35	45	0
AL062012	FLORENCE	2012	08	05	18	00	16.2	-36.2	45	0
AL062012	FLORENCE	2012	08	06	00	00	16.2	-37.3	35	0
AL062012	FLORENCE	2012	08	06	06	00	16.3	-38.4	30	0
AL062012	FLORENCE	2012	08	06	12	00	16.4	-39.6	30	0
AL062012	FLORENCE	2012	08	06	18	00	16.5	-40.9	30	0
AL062012	FLORENCE	2012	08	07	00	00	16.7	-42.5	25	0
AL062012	FLORENCE	2012	08	07	06	00	16.9	-44.3	25	0
AL062012	FLORENCE	2012	08	07	12	00	17.2	-46.3	25	0
AL062012	FLORENCE	2012	08	07	18	00	17.6	-48.5	25	0
AL062012	FLORENCE	2012	08	08	00	00	18	-50.7	25	0
AL062012	FLORENCE	2012	08	08	06	00	18.4	-52.9	25	0
