id,name,year,month,day,hour,minute,lat,lon,max_sustained_wind_kts,sshws
AL061978,CORA,1978,08,07,12,00,13,-35,25,0
AL061978,CORA,1978,08,07,18,00,13.4,-36.2,25,0
AL061978,CORA,1978,08,08,00,00,13.8,-37.8,25,0
AL061978,CORA,1978,08,08,06,00,13.9,-39.6,30,0
AL061978,CORA,1978,08,08,12,00,14,-41.5,50,0
AL061978,CORA,1978,08,08,18,00,14,-43.2,65,1
AL061978,CORA,1978,08,09,00,00,14,-44.9,80,1
AL061978,CORA,1978,08,09,06,00,13.9,-46.8,80,1
AL061978,CORA,1978,08,09,12,00,13.6,-48.6,70,1
AL061978,CORA,1978,08,09,18,00,13.2,-50.6,65,1
AL061978,CORA,1978,08,10,00,00,12.8,-52.8,60,0
AL061978,CORA,1978,08,10,06,00,12.4,-54.8,55,0
AL061978,CORA,1978,08,10,12,00,12.2,-56.8,55,0
AL061978,CORA,1978,08,10,18,00,12.1,-58.8,50,0
AL061978,CORA,1978,08,11,00,00,12,-60.9,45,0
AL061978,CORA,1978,08,11,06,00,12,-62.8,35,0
AL061978,CORA,1978,08,11,12,00,12.1,-64.8,30,0
AL061978,CORA,1978,08,11,18,00,12.1,-66.8,30,0
AL061978,CORA,1978,08,12,00,00,12.2,-68.8,30,0
