id,name,year,month,day,hour,minute,lat,lon,max_sustained_wind_kts,sshws
AL061932,UNNAMED,1932,09,09,06,00,19.2,-93.3,35,0
AL061932,UNNAMED,1932,09,09,12,00,20.8,-93.2,35,0
AL061932,UNNAMED,1932,09,09,18,00,21.4,-93.2,35,0
AL061932,UNNAMED,1932,09,10,00,00,21.8,-93.1,35,0
AL061932,UNNAMED,1932,09,10,06,00,22.1,-93.1,35,0
AL061932,UNNAMED,1932,09,10,12,00,22.4,-93,35,0
AL061932,UNNAMED,1932,09,10,18,00,22.9,-93,35,0
AL061932,UNNAMED,1932,09,11,00,00,23.5,-93,35,0
AL061932,UNNAMED,1932,09,11,06,00,24.2,-93,35,0
AL061932,UNNAMED,1932,09,11,12,00,24.8,-92.9,35,0
AL061932,UNNAMED,1932,09,11,18,00,25.1,-92.8,35,0
AL061932,UNNAMED,1932,09,12,00,00,25.3,-92.7,35,0
AL061932,UNNAMED,1932,09,12,06,00,25.4,-92.6,35,0
AL061932,UNNAMED,1932,09,12,12,00,25.5,-92.5,40,0
AL061932,UNNAMED,1932,09,12,18,00,25.6,-92.3,40,0
AL061932,UNNAMED,1932,09,13,00,00,25.7,-92,45,0
AL061932,UNNAMED,1932,09,13,06,00,25.8,-91.6,45,0
AL061932,UNNAMED,1932,09,13,12,00,26,-91,50,0
AL061932,UNNAMED,1932,09,13,18,00,26.3,-90.6,50,0
AL061932,UNNAMED,1932,09,14,00,00,26.7,-90.2,50,0
AL061932,UNNAMED,1932,09,14,06,00,27.2,-89.9,50,0
AL061932,UNNAMED,1932,09,14,12,00,27.8,-89.2,50,0
AL061932,UNNAMED,1932,09,14,18,00,28.5,-87.7,50,0
AL061932,UNNAMED,1932,09,15,00,00,29.3,-85.7,50,0
AL061932,UNNAMED,1932,09,15,04,00,30,-83.9,50,0
AL061932,UNNAMED,1932,09,15,06,00,30.2,-83.3,45,0
AL061932,UNNAMED,1932,09,15,12,00,31.4,-80.8,40,0
AL061932,UNNAMED,1932,09,15,18,00,32.7,-78.6,40,0
AL061932,UNNAMED,1932,09,16,00,00,34,-77,45,0
AL061932,UNNAMED,1932,09,16,06,00,35.4,-75.6,50,0
AL061932,UNNAMED,1932,09,16,12,00,36.7,-74.2,55,0
AL061932,UNNAMED,1932,09,16,18,00,38,-72.6,60,0
AL061932,UNNAMED,1932,09,17,00,00,39.5,-71,65,1
AL061932,UNNAMED,1932,09,17,06,00,41.5,-69.3,65,1
AL061932,UNNAMED,1932,09,17,12,00,44,-67.7,55,0
AL061932,UNNAMED,1932,09,17,18,00,47.5,-66,45,0
AL061932,UNNAMED,1932,09,18,00,00,52,-66.5,40,0
AL061932,UNNAMED,1932,09,18,06,00,56,-67,35,0
