AL061987	UNNAMED	1987	08	30	12	00	14	-32	25	0
AL061987	UNNAMED	1987	08	30	18	00	14.2	-33.2	25	0
AL061987	UNNAMED	1987	08	31	00	00	14.5	-34.6	30	0
AL061987	UNNAMED	1987	08	31	06	00	14.8	-35.8	30	0
AL061987	UNNAMED	1987	08	31	12	00	15	-37	30	0
AL061987	UNNAMED	1987	08	31	18	00	15.2	-38.2	30	0
AL061987	UNNAMED	1987	09	01	00	00	15.5	-39.8	30	0
AL061987	UNNAMED	1987	09	01	06	00	15.9	-40.9	30	0
AL061987	UNNAMED	1987	09	01	12	00	16	-42	30	0
AL061987	UNNAMED	1987	09	01	18	00	16.2	-43.2	30	0
AL061987	UNNAMED	1987	09	02	00	00	16.7	-44.4	30	0
AL061987	UNNAMED	1987	09	02	06	00	16.9	-45.8	25	0
AL061987	UNNAMED	1987	09	02	12	00	17	-47	25	0
AL061987	UNNAMED	1987	09	02	18	00	17.2	-48.2	20	0
