AL062006	ERNESTO	2006	08	24	18	00	12.7	-61.6	30	0
AL062006	ERNESTO	2006	08	25	00	00	13	-63	30	0
AL062006	ERNESTO	2006	08	25	06	00	13.3	-64.4	30	0
AL062006	ERNESTO	2006	08	25	12	00	13.7	-65.8	35	0
AL062006	ERNESTO	2006	08	25	18	00	14	-67.1	35	0
AL062006	ERNESTO	2006	08	26	00	00	14.3	-68.3	40	0
AL062006	ERNESTO	2006	08	26	06	00	14.6	-69.5	45	0
AL062006	ERNESTO	2006	08	26	12	00	15.1	-70.4	50	0
AL062006	ERNESTO	2006	08	26	18	00	15.7	-71.2	55	0
AL062006	ERNESTO	2006	08	27	00	00	16.3	-72	55	0
AL062006	ERNESTO	2006	08	27	06	00	16.9	-72.7	65	1
AL062006	ERNESTO	2006	08	27	12	00	17.4	-73.4	55	0
AL062006	ERNESTO	2006	08	27	18	00	17.8	-74	45	0
AL062006	ERNESTO	2006	08	28	00	00	18.3	-74.6	40	0
AL062006	ERNESTO	2006	08	28	06	00	19.1	-75.2	40	0
AL062006	ERNESTO	2006	08	28	11	15	19.9	-75.5	35	0
AL062006	ERNESTO	2006	08	28	12	00	20	-75.6	35	0
AL062006	ERNESTO	2006	08	28	18	00	20.8	-76.4	35	0
AL062006	ERNESTO	2006	08	29	00	00	21.6	-77.4	35	0
AL062006	ERNESTO	2006	08	29	06	00	22.4	-78.5	40	0
AL062006	ERNESTO	2006	08	29	12	00	23.2	-79.3	40	0
AL062006	ERNESTO	2006	08	29	18	00	23.9	-79.9	40	0
AL062006	ERNESTO	2006	08	30	00	00	24.7	-80.4	40	0
AL062006	ERNESTO	2006	08	30	03	00	24.9	-80.6	40	0
AL062006	ERNESTO	2006	08	30	05	00	25.2	-80.7	40	0
AL062006	ERNESTO	2006	08	30	06	00	25.3	-80.8	40	0
AL062006	ERNESTO	2006	08	30	12	00	26.1	-81	35	0
AL062006	ERNESTO	2006	08	30	18	00	27	-80.9	35	0
AL062006	ERNESTO	2006	08	31	00	00	28.1	-80.7	35	0
AL062006	ERNESTO	2006	08	31	06	00	29.4	-80.4	45	0
AL062006	ERNESTO	2006	08	31	12	00	30.6	-79.9	55	0
AL062006	ERNESTO	2006	08	31	18	00	31.9	-79.2	60	0
AL062006	ERNESTO	2006	09	01	00	00	33.2	-78.4	60	0
AL062006	ERNESTO	2006	09	01	03	40	33.9	-78.1	60	0
AL062006	ERNESTO	2006	09	01	06	00	34.5	-78	50	0
AL062006	ERNESTO	2006	09	01	12	00	35.8	-77.6	30	0
AL062006	ERNESTO	2006	09	01	18	00	36.6	-77.2	40	0
AL062006	ERNESTO	2006	09	02	00	00	37.1	-77	40	0
AL062006	ERNESTO	2006	09	02	06	00	37.6	-76.8	40	0
AL062006	ERNESTO	2006	09	02	12	00	38.2	-76.7	40	0
AL062006	ERNESTO	2006	09	02	18	00	38.9	-76.7	40	0
AL062006	ERNESTO	2006	09	03	00	00	39.9	-76.7	35	0
AL062006	ERNESTO	2006	09	03	06	00	41.3	-77.1	25	0
AL062006	ERNESTO	2006	09	03	12	00	43.1	-77.5	20	0
AL062006	ERNESTO	2006	09	03	18	00	44.5	-77	20	0
AL062006	ERNESTO	2006	09	04	00	00	45.6	-75.8	20	0
AL062006	ERNESTO	2006	09	04	06	00	46.5	-74.4	20	0
