id,name,year,month,day,hour,minute,lat,lon,max_sustained_wind_kts,sshws
AL061952,EASY,1952,10,06,12,00,15.2,-51,30,0
AL061952,EASY,1952,10,06,18,00,15.3,-51,30,0
AL061952,EASY,1952,10,07,00,00,15.5,-51,35,0
AL061952,EASY,1952,10,07,06,00,15.7,-51,35,0
AL061952,EASY,1952,10,07,12,00,16,-51,40,0
AL061952,EASY,1952,10,07,18,00,16.3,-51,45,0
AL061952,EASY,1952,10,08,00,00,16.7,-51,50,0
AL061952,EASY,1952,10,08,06,00,17.1,-51,60,0
AL061952,EASY,1952,10,08,12,00,17.5,-51,65,1
AL061952,EASY,1952,10,08,18,00,18.1,-50.9,80,1
AL061952,EASY,1952,10,09,00,00,18.7,-50.5,95,2
AL061952,EASY,1952,10,09,06,00,18.7,-50.2,80,1
AL061952,EASY,1952,10,09,12,00,18.7,-49.8,60,0
AL061952,EASY,1952,10,09,18,00,18,-49.2,40,0
AL061952,EASY,1952,10,10,00,00,17.2,-49.2,40,0
AL061952,EASY,1952,10,10,06,00,16.4,-49.4,40,0
AL061952,EASY,1952,10,10,12,00,15.6,-49.9,35,0
AL061952,EASY,1952,10,10,18,00,15.1,-50.3,35,0
AL061952,EASY,1952,10,11,00,00,14.7,-51,35,0
AL061952,EASY,1952,10,11,06,00,14.1,-51.9,35,0
AL061952,EASY,1952,10,11,12,00,14,-53,35,0
