id,name,year,month,day,hour,minute,lat,lon,max_sustained_wind_kts,sshws
AL061900,UNNAMED,1900,10,10,06,00,21,-91.4,35,0
AL061900,UNNAMED,1900,10,10,12,00,22,-91,35,0
AL061900,UNNAMED,1900,10,10,18,00,23.5,-90.7,35,0
AL061900,UNNAMED,1900,10,11,00,00,24.8,-90.2,35,0
AL061900,UNNAMED,1900,10,11,06,00,26.1,-89.4,40,0
AL061900,UNNAMED,1900,10,11,12,00,27.3,-88.5,40,0
AL061900,UNNAMED,1900,10,11,18,00,28.5,-86.6,40,0
AL061900,UNNAMED,1900,10,12,00,00,29.2,-84.2,40,0
AL061900,UNNAMED,1900,10,12,03,00,29.5,-83.3,40,0
AL061900,UNNAMED,1900,10,12,06,00,30,-82.4,35,0
AL061900,UNNAMED,1900,10,12,12,00,31.1,-80.8,35,0
AL061900,UNNAMED,1900,10,12,18,00,32.2,-79.3,35,0
AL061900,UNNAMED,1900,10,13,00,00,33.4,-78,35,0
AL061900,UNNAMED,1900,10,13,06,00,34.6,-76.6,35,0
AL061900,UNNAMED,1900,10,13,12,00,35.8,-75.4,35,0
AL061900,UNNAMED,1900,10,13,18,00,36.9,-74.9,35,0
AL061900,UNNAMED,1900,10,14,00,00,38,-74.5,35,0
AL061900,UNNAMED,1900,10,14,06,00,39.2,-74.1,35,0
AL061900,UNNAMED,1900,10,14,12,00,40.3,-73.7,35,0
AL061900,UNNAMED,1900,10,14,18,00,41.9,-72.4,30,0
AL061900,UNNAMED,1900,10,15,00,00,44.1,-70.7,30,0
AL061900,UNNAMED,1900,10,15,06,00,46.8,-68.6,25,0
AL061900,UNNAMED,1900,10,15,12,00,49.7,-66.1,25,0
AL061900,UNNAMED,1900,10,15,18,00,52.8,-63.8,25,0
