AL061942	UNNAMED	1942	09	18	12	00	35	-65	35	0
AL061942	UNNAMED	1942	09	18	18	00	34.4	-65.2	35	0
AL061942	UNNAMED	1942	09	19	00	00	33.7	-66	35	0
AL061942	UNNAMED	1942	09	19	06	00	33	-67.2	40	0
AL061942	UNNAMED	1942	09	19	12	00	32.5	-68	40	0
AL061942	UNNAMED	1942	09	19	18	00	32.7	-68.5	45	0
AL061942	UNNAMED	1942	09	20	00	00	33.2	-68.9	45	0
AL061942	UNNAMED	1942	09	20	06	00	33.9	-69.2	45	0
AL061942	UNNAMED	1942	09	20	12	00	34.5	-69.5	45	0
AL061942	UNNAMED	1942	09	20	18	00	34.9	-69.5	45	0
AL061942	UNNAMED	1942	09	21	00	00	35.2	-69.2	45	0
AL061942	UNNAMED	1942	09	21	06	00	35.6	-68.9	45	0
AL061942	UNNAMED	1942	09	21	12	00	36	-68.5	40	0
AL061942	UNNAMED	1942	09	21	18	00	36.7	-68.1	40	0
AL061942	UNNAMED	1942	09	22	00	00	37.7	-67.7	40	0
AL061942	UNNAMED	1942	09	22	06	00	38.9	-67.1	40	0
AL061942	UNNAMED	1942	09	22	12	00	40	-66.5	35	0
AL061942	UNNAMED	1942	09	22	18	00	40.8	-65.5	35	0
AL061942	UNNAMED	1942	09	23	00	00	41.4	-64.2	35	0
AL061942	UNNAMED	1942	09	23	06	00	42	-62.8	35	0
AL061942	UNNAMED	1942	09	23	12	00	42.5	-61.5	35	0
AL061942	UNNAMED	1942	09	23	18	00	43	-60.6	35	0
AL061942	UNNAMED	1942	09	24	00	00	43.7	-59.7	35	0
AL061942	UNNAMED	1942	09	24	06	00	44.5	-58.8	35	0
AL061942	UNNAMED	1942	09	24	12	00	45.5	-58	35	0
AL061942	UNNAMED	1942	09	24	18	00	47	-56.9	35	0
AL061942	UNNAMED	1942	09	25	00	00	49	-55	35	0
