AL061944	UNNAMED	1944	09	09	00	00	25	-95	25	0
AL061944	UNNAMED	1944	09	09	06	00	25.8	-94.8	30	0
AL061944	UNNAMED	1944	09	09	12	00	26.5	-94.5	35	0
AL061944	UNNAMED	1944	09	09	18	00	27	-94.1	40	0
AL061944	UNNAMED	1944	09	10	00	00	27.2	-93.5	45	0
AL061944	UNNAMED	1944	09	10	06	00	27.7	-92.6	45	0
AL061944	UNNAMED	1944	09	10	12	00	28.4	-91.5	50	0
AL061944	UNNAMED	1944	09	10	18	00	29.1	-89.6	55	0
AL061944	UNNAMED	1944	09	10	19	00	29.3	-89.4	55	0
AL061944	UNNAMED	1944	09	10	23	00	30.3	-88.3	50	0
AL061944	UNNAMED	1944	09	11	00	00	30.7	-88.1	40	0
AL061944	UNNAMED	1944	09	11	06	00	31.4	-87	30	0
AL061944	UNNAMED	1944	09	11	12	00	32	-86.8	25	0
