id,name,year,month,day,hour,minute,lat,lon,max_sustained_wind_kts,sshws
AL061964,DORA,1964,08,28,12,00,14,-18,25,0
AL061964,DORA,1964,08,28,18,00,13.6,-20,25,0
AL061964,DORA,1964,08,29,00,00,13.1,-22,25,0
AL061964,DORA,1964,08,29,06,00,12.8,-24,25,0
AL061964,DORA,1964,08,29,12,00,12.4,-26,25,0
AL061964,DORA,1964,08,29,18,00,12.1,-27.5,25,0
AL061964,DORA,1964,08,30,00,00,11.8,-29.6,25,0
AL061964,DORA,1964,08,30,06,00,11.7,-31.7,25,0
AL061964,DORA,1964,08,30,12,00,11.5,-33.3,25,0
AL061964,DORA,1964,08,30,18,00,11.4,-35,25,0
AL061964,DORA,1964,08,31,00,00,11.2,-37,25,0
AL061964,DORA,1964,08,31,06,00,11.1,-39,25,0
AL061964,DORA,1964,08,31,12,00,11,-41,30,0
AL061964,DORA,1964,08,31,18,00,11.1,-42.5,30,0
AL061964,DORA,1964,09,01,00,00,11.3,-44,30,0
AL061964,DORA,1964,09,01,06,00,11.5,-45.5,30,0
AL061964,DORA,1964,09,01,12,00,11.7,-47,50,0
AL061964,DORA,1964,09,01,18,00,12.7,-48.7,55,0
AL061964,DORA,1964,09,02,00,00,13.3,-49.6,60,0
AL061964,DORA,1964,09,02,06,00,14.2,-51.2,60,0
AL061964,DORA,1964,09,02,12,00,15.3,-53,60,0
AL061964,DORA,1964,09,02,18,00,16.5,-54.9,60,0
AL061964,DORA,1964,09,03,00,00,17.8,-56.5,80,1
AL061964,DORA,1964,09,03,06,00,18.2,-57.3,85,2
AL061964,DORA,1964,09,03,12,00,18.7,-58,90,2
AL061964,DORA,1964,09,03,18,00,19.6,-58.9,90,2
AL061964,DORA,1964,09,04,00,00,20.5,-59.5,95,2
AL061964,DORA,1964,09,04,06,00,21.1,-59.9,95,2
AL061964,DORA,1964,09,04,12,00,21.6,-60.3,95,2
AL061964,DORA,1964,09,04,18,00,22.2,-60.8,95,2
AL061964,DORA,1964,09,05,00,00,22.8,-61.2,95,2
AL061964,DORA,1964,09,05,06,00,23.4,-61.6,95,2
AL061964,DORA,1964,09,05,12,00,24,-62.1,100,3
AL061964,DORA,1964,09,05,18,00,24.8,-62.9,105,3
AL061964,DORA,1964,09,06,00,00,25.5,-63.6,110,3
AL061964,DORA,1964,09,06,06,00,26.1,-64.4,115,4
AL061964,DORA,1964,09,06,12,00,26.7,-65.2,115,4
AL061964,DORA,1964,09,06,18,00,27.1,-66.1,110,3
AL061964,DORA,1964,09,07,00,00,27.4,-67,100,3
AL061964,DORA,1964,09,07,06,00,27.8,-67.9,95,2
AL061964,DORA,1964,09,07,12,00,28,-69,95,2
AL061964,DORA,1964,09,07,18,00,28.1,-70.2,95,2
AL061964,DORA,1964,09,08,00,00,28.2,-71.8,100,3
AL061964,DORA,1964,09,08,06,00,28.5,-73,100,3
AL061964,DORA,1964,09,08,12,00,28.6,-74.4,100,3
AL061964,DORA,1964,09,08,18,00,28.6,-75.9,100,3
AL061964,DORA,1964,09,09,00,00,28.8,-77.4,100,3
AL061964,DORA,1964,09,09,06,00,29,-78.3,100,3
AL061964,DORA,1964,09,09,12,00,29.4,-79.4,100,3
AL061964,DORA,1964,09,09,18,00,29.7,-80,100,3
AL061964,DORA,1964,09,10,00,00,29.8,-80.7,100,3
AL061964,DORA,1964,09,10,06,00,29.9,-81.4,95,2
AL061964,DORA,1964,09,10,12,00,30,-82.4,90,2
AL061964,DORA,1964,09,10,18,00,30.1,-83.1,80,1
AL061964,DORA,1964,09,11,00,00,30.1,-83.5,70,1
AL061964,DORA,1964,09,11,06,00,30.2,-84,55,0
AL061964,DORA,1964,09,11,12,00,30.5,-84.5,45,0
AL061964,DORA,1964,09,11,18,00,31.1,-84.9,35,0
AL061964,DORA,1964,09,12,00,00,31.5,-85,35,0
AL061964,DORA,1964,09,12,06,00,31.6,-84.8,35,0
AL061964,DORA,1964,09,12,12,00,31.5,-84.6,35,0
AL061964,DORA,1964,09,12,18,00,31.9,-83.3,35,0
AL061964,DORA,1964,09,13,00,00,32.2,-82.2,35,0
AL061964,DORA,1964,09,13,06,00,32.9,-81,40,0
AL061964,DORA,1964,09,13,12,00,33.7,-79.8,45,0
AL061964,DORA,1964,09,13,18,00,34.4,-77.9,45,0
AL061964,DORA,1964,09,14,00,00,35.6,-75.3,50,0
AL061964,DORA,1964,09,14,06,00,36.9,-73.3,50,0
AL061964,DORA,1964,09,14,12,00,38,-71.5,55,0
AL061964,DORA,1964,09,14,18,00,40.6,-68.1,55,0
AL061964,DORA,1964,09,15,00,00,43,-64.6,55,0
AL061964,DORA,1964,09,15,06,00,44.6,-61.7,55,0
AL061964,DORA,1964,09,15,12,00,46,-59,55,0
AL061964,DORA,1964,09,15,18,00,47.6,-55.6,55,0
AL061964,DORA,1964,09,16,00,00,49,-52,55,0
