id,name,year,month,day,hour,minute,lat,lon,max_sustained_wind_kts,sshws
AL061856,UNNAMED,1856,09,18,00,00,32,-48.8,50,0
AL061856,UNNAMED,1856,09,18,06,00,32.5,-48.9,50,0
AL061856,UNNAMED,1856,09,18,12,00,32.9,-49,50,0
AL061856,UNNAMED,1856,09,18,18,00,33.5,-49.3,50,0
AL061856,UNNAMED,1856,09,19,00,00,34.5,-49.8,60,0
AL061856,UNNAMED,1856,09,19,06,00,35.2,-50.5,60,0
AL061856,UNNAMED,1856,09,19,12,00,35.6,-51,70,1
AL061856,UNNAMED,1856,09,19,18,00,35.8,-51.4,70,1
AL061856,UNNAMED,1856,09,20,00,00,36,-51.7,70,1
AL061856,UNNAMED,1856,09,20,06,00,36.1,-52,70,1
AL061856,UNNAMED,1856,09,20,12,00,36.2,-52.3,70,1
AL061856,UNNAMED,1856,09,20,18,00,36.3,-52.4,70,1
AL061856,UNNAMED,1856,09,21,00,00,36.4,-52.5,60,0
AL061856,UNNAMED,1856,09,21,06,00,36.5,-52.6,60,0
AL061856,UNNAMED,1856,09,21,12,00,36.5,-52.7,60,0
AL061856,UNNAMED,1856,09,21,18,00,36.5,-52.8,60,0
AL061856,UNNAMED,1856,09,22,00,00,36.5,-52.9,60,0
AL061856,UNNAMED,1856,09,22,06,00,36.5,-53,60,0
AL061856,UNNAMED,1856,09,22,12,00,36.5,-53,60,0
AL061856,UNNAMED,1856,09,22,18,00,36.5,-53,60,0
