AL061996	FRAN	1996	08	23	12	00	14	-21	25	0
AL061996	FRAN	1996	08	23	18	00	14.1	-22.8	25	0
AL061996	FRAN	1996	08	24	00	00	14.2	-24.8	25	0
AL061996	FRAN	1996	08	24	06	00	14.2	-26.6	30	0
AL061996	FRAN	1996	08	24	12	00	14.1	-28.2	30	0
AL061996	FRAN	1996	08	24	18	00	14.1	-29.6	30	0
AL061996	FRAN	1996	08	25	00	00	14.1	-30.8	25	0
AL061996	FRAN	1996	08	25	06	00	14.3	-32	25	0
AL061996	FRAN	1996	08	25	12	00	14.6	-33.4	25	0
AL061996	FRAN	1996	08	25	18	00	14.7	-35.1	25	0
AL061996	FRAN	1996	08	26	00	00	14.9	-37	25	0
AL061996	FRAN	1996	08	26	06	00	15.1	-38.6	25	0
AL061996	FRAN	1996	08	26	12	00	15.3	-40	30	0
AL061996	FRAN	1996	08	26	18	00	15.2	-41.4	30	0
AL061996	FRAN	1996	08	27	00	00	14.9	-42.7	30	0
AL061996	FRAN	1996	08	27	06	00	14.7	-43.8	30	0
AL061996	FRAN	1996	08	27	12	00	14.6	-44.9	35	0
AL061996	FRAN	1996	08	27	18	00	14.6	-46.1	40	0
AL061996	FRAN	1996	08	28	00	00	14.6	-47.5	45	0
AL061996	FRAN	1996	08	28	06	00	15	-49.1	50	0
AL061996	FRAN	1996	08	28	12	00	15.5	-50.7	55	0
AL061996	FRAN	1996	08	28	18	00	15.9	-52.3	60	0
AL061996	FRAN	1996	08	29	00	00	16.4	-53.7	65	1
AL061996	FRAN	1996	08	29	06	00	17	-55	65	1
AL061996	FRAN	1996	08	29	12	00	17.8	-56.3	65	1
AL061996	FRAN	1996	08	29	18	00	18.6	-57.5	65	1
AL061996	FRAN	1996	08	30	00	00	19.1	-58.5	65	1
AL061996	FRAN	1996	08	30	06	00	19.4	-59.4	65	1
AL061996	FRAN	1996	08	30	12	00	19.8	-60.1	65	1
AL061996	FRAN	1996	08	30	18	00	20.2	-60.6	60	0
AL061996	FRAN	1996	08	31	00	00	20.5	-60.9	60	0
AL061996	FRAN	1996	08	31	06	00	20.8	-61.2	60	0
AL061996	FRAN	1996	08	31	12	00	21.1	-61.4	65	1
AL061996	FRAN	1996	08	31	18	00	21.5	-61.7	65	1
AL061996	FRAN	1996	09	01	00	00	21.7	-62.1	65	1
AL061996	FRAN	1996	09	01	06	00	21.9	-62.6	65	1
AL061996	FRAN	1996	09	01	12	00	22.2	-63.2	70	1
AL061996	FRAN	1996	09	01	18	00	22.5	-63.9	75	1
AL061996	FRAN	1996	09	02	00	00	22.9	-64.7	75	1
AL061996	FRAN	1996	09	02	06	00	23.3	-65.7	75	1
AL061996	FRAN	1996	09	02	12	00	23.6	-66.7	75	1
AL061996	FRAN	1996	09	02	18	00	23.9	-67.9	75	1
AL061996	FRAN	1996	09	03	00	00	24.2	-69	75	1
AL061996	FRAN	1996	09	03	06	00	24.4	-70.1	80	1
AL061996	FRAN	1996	09	03	12	00	24.7	-71.2	80	1
AL061996	FRAN	1996	09	03	18	00	25.2	-72.2	85	2
AL061996	FRAN	1996	09	04	00	00	25.7	-73.1	95	2
AL061996	FRAN	1996	09	04	06	00	26.4	-73.9	100	3
AL061996	FRAN	1996	09	04	12	00	27	-74.7	105	3
AL061996	FRAN	1996	09	04	18	00	27.7	-75.5	105	3
AL061996	FRAN	1996	09	05	00	00	28.6	-76.1	105	3
AL061996	FRAN	1996	09	05	06	00	29.8	-76.7	105	3
AL061996	FRAN	1996	09	05	12	00	31	-77.2	100	3
AL061996	FRAN	1996	09	05	18	00	32.3	-77.8	100	3
AL061996	FRAN	1996	09	06	00	00	33.7	-78	100	3
AL061996	FRAN	1996	09	06	00	30	33.9	-78	100	3
AL061996	FRAN	1996	09	06	06	00	35.2	-78.7	65	1
AL061996	FRAN	1996	09	06	12	00	36.7	-79	40	0
AL061996	FRAN	1996	09	06	18	00	38	-79.4	30	0
AL061996	FRAN	1996	09	07	00	00	39.2	-79.9	30	0
AL061996	FRAN	1996	09	07	06	00	40.4	-80.4	30	0
AL061996	FRAN	1996	09	07	12	00	41.2	-80.5	30	0
AL061996	FRAN	1996	09	07	18	00	42	-80.4	30	0
AL061996	FRAN	1996	09	08	00	00	42.8	-80.1	30	0
AL061996	FRAN	1996	09	08	06	00	43.4	-79.9	30	0
AL061996	FRAN	1996	09	08	12	00	44	-79	25	0
AL061996	FRAN	1996	09	08	18	00	44.5	-77.6	25	0
AL061996	FRAN	1996	09	09	00	00	44.9	-75.9	25	0
AL061996	FRAN	1996	09	09	06	00	45.4	-74	20	0
AL061996	FRAN	1996	09	09	12	00	45.7	-72.3	15	0
AL061996	FRAN	1996	09	09	18	00	46	-71.1	15	0
AL061996	FRAN	1996	09	10	00	00	46.7	-70	15	0
