AL061894	UNNAMED	1894	10	11	00	00	10.8	-57.7	35	0
AL061894	UNNAMED	1894	10	11	06	00	11.3	-58.3	45	0
AL061894	UNNAMED	1894	10	11	12	00	12	-59	55	0
AL061894	UNNAMED	1894	10	11	18	00	12.6	-59.7	65	1
AL061894	UNNAMED	1894	10	12	00	00	13.2	-60.3	75	1
AL061894	UNNAMED	1894	10	12	06	00	13.8	-60.9	85	2
AL061894	UNNAMED	1894	10	12	12	00	14.5	-61.5	85	2
AL061894	UNNAMED	1894	10	12	18	00	14.9	-62.1	85	2
AL061894	UNNAMED	1894	10	13	00	00	15.4	-62.8	85	2
AL061894	UNNAMED	1894	10	13	06	00	15.9	-63.4	85	2
AL061894	UNNAMED	1894	10	13	12	00	16.7	-64	85	2
AL061894	UNNAMED	1894	10	13	18	00	17.5	-64.5	85	2
AL061894	UNNAMED	1894	10	14	00	00	18.1	-64.9	85	2
AL061894	UNNAMED	1894	10	14	06	00	18.7	-65.2	85	2
AL061894	UNNAMED	1894	10	14	12	00	19.3	-65.5	85	2
AL061894	UNNAMED	1894	10	14	18	00	20.2	-65.8	85	2
AL061894	UNNAMED	1894	10	15	00	00	20.9	-66	85	2
AL061894	UNNAMED	1894	10	15	06	00	21.7	-66.2	85	2
AL061894	UNNAMED	1894	10	15	12	00	22.5	-66.5	85	2
AL061894	UNNAMED	1894	10	15	18	00	23.1	-66.5	85	2
AL061894	UNNAMED	1894	10	16	00	00	23.7	-66.6	95	2
AL061894	UNNAMED	1894	10	16	06	00	24.3	-66.6	105	3
AL061894	UNNAMED	1894	10	16	12	00	25	-66.7	115	4
AL061894	UNNAMED	1894	10	16	18	00	26.1	-66.7	115	4
AL061894	UNNAMED	1894	10	17	00	00	27.4	-66.6	115	4
AL061894	UNNAMED	1894	10	17	06	00	28.2	-66.3	115	4
AL061894	UNNAMED	1894	10	17	12	00	29	-65.7	110	3
AL061894	UNNAMED	1894	10	17	18	00	30	-64.7	105	3
AL061894	UNNAMED	1894	10	18	00	00	31.1	-63.2	100	3
AL061894	UNNAMED	1894	10	18	06	00	32.3	-61.7	95	2
AL061894	UNNAMED	1894	10	18	12	00	33.3	-60.3	90	2
AL061894	UNNAMED	1894	10	18	18	00	34.1	-59.3	85	2
AL061894	UNNAMED	1894	10	19	00	00	34.8	-58.4	85	2
AL061894	UNNAMED	1894	10	19	06	00	35.4	-57.7	85	2
AL061894	UNNAMED	1894	10	19	12	00	36	-57	85	2
AL061894	UNNAMED	1894	10	19	18	00	36.7	-56.3	80	1
AL061894	UNNAMED	1894	10	20	00	00	37.3	-55.8	80	1
AL061894	UNNAMED	1894	10	20	06	00	37.7	-55.5	75	1
AL061894	UNNAMED	1894	10	20	12	00	38	-55.2	70	1
AL061894	UNNAMED	1894	10	20	18	00	38.4	-54.8	70	1
