id,name,year,month,day,hour,minute,lat,lon,max_sustained_wind_kts,sshws
AL061879,UNNAMED,1879,10,09,00,00,14.2,-56,40,0
AL061879,UNNAMED,1879,10,09,06,00,14.2,-57.2,40,0
AL061879,UNNAMED,1879,10,09,12,00,14.3,-58.5,40,0
AL061879,UNNAMED,1879,10,09,18,00,14.4,-59.9,40,0
AL061879,UNNAMED,1879,10,10,00,00,14.6,-61.4,40,0
AL061879,UNNAMED,1879,10,10,06,00,14.8,-63.2,40,0
AL061879,UNNAMED,1879,10,10,12,00,15,-65,40,0
AL061879,UNNAMED,1879,10,10,18,00,15.2,-66.4,40,0
AL061879,UNNAMED,1879,10,11,00,00,15.4,-68.1,40,0
AL061879,UNNAMED,1879,10,11,06,00,15.7,-70,40,0
AL061879,UNNAMED,1879,10,11,12,00,16,-72,50,0
AL061879,UNNAMED,1879,10,11,18,00,16.2,-73.6,50,0
AL061879,UNNAMED,1879,10,12,00,00,16.7,-75.1,50,0
AL061879,UNNAMED,1879,10,12,06,00,17.5,-76.8,50,0
AL061879,UNNAMED,1879,10,12,12,00,18.1,-78.3,50,0
AL061879,UNNAMED,1879,10,12,18,00,18.7,-79.3,50,0
AL061879,UNNAMED,1879,10,13,00,00,19.2,-80.3,50,0
AL061879,UNNAMED,1879,10,13,06,00,20,-81.1,50,0
AL061879,UNNAMED,1879,10,13,12,00,20.4,-81.9,50,0
AL061879,UNNAMED,1879,10,13,18,00,21,-82.6,50,0
AL061879,UNNAMED,1879,10,14,00,00,21.7,-83.1,50,0
AL061879,UNNAMED,1879,10,14,06,00,22.5,-83.5,50,0
AL061879,UNNAMED,1879,10,14,12,00,23.2,-83.9,50,0
AL061879,UNNAMED,1879,10,14,18,00,24.1,-84.1,50,0
AL061879,UNNAMED,1879,10,15,00,00,24.9,-84.3,50,0
AL061879,UNNAMED,1879,10,15,06,00,25.9,-84.5,50,0
AL061879,UNNAMED,1879,10,15,12,00,26.8,-84.8,50,0
AL061879,UNNAMED,1879,10,15,18,00,27.7,-85.1,50,0
AL061879,UNNAMED,1879,10,16,00,00,28.7,-85.6,50,0
AL061879,UNNAMED,1879,10,16,06,00,29.9,-86.4,50,0
AL061879,UNNAMED,1879,10,16,08,00,30.4,-86.6,50,0
AL061879,UNNAMED,1879,10,16,12,00,31.3,-87.1,40,0
AL061879,UNNAMED,1879,10,16,18,00,33,-88,30,0
