AL061853	UNNAMED	1853	09	26	00	00	25.8	-62	50	0
AL061853	UNNAMED	1853	09	26	06	00	27.4	-62.5	50	0
AL061853	UNNAMED	1853	09	26	12	00	29	-62.9	50	0
AL061853	UNNAMED	1853	09	26	18	00	30.6	-63.2	50	0
AL061853	UNNAMED	1853	09	27	00	00	32.9	-62.6	60	0
AL061853	UNNAMED	1853	09	27	06	00	34.8	-61.3	60	0
AL061853	UNNAMED	1853	09	27	12	00	36	-59.8	70	1
AL061853	UNNAMED	1853	09	27	18	00	36.7	-58.4	70	1
AL061853	UNNAMED	1853	09	28	00	00	36.8	-57.4	70	1
AL061853	UNNAMED	1853	09	28	06	00	36.3	-56.7	70	1
AL061853	UNNAMED	1853	09	28	12	00	35.5	-56.9	70	1
AL061853	UNNAMED	1853	09	28	18	00	35.5	-57	70	1
AL061853	UNNAMED	1853	09	29	00	00	35.4	-57.2	70	1
AL061853	UNNAMED	1853	09	29	06	00	35.3	-57.4	70	1
AL061853	UNNAMED	1853	09	29	12	00	35.3	-57.7	70	1
AL061853	UNNAMED	1853	09	29	18	00	35.4	-57.9	70	1
AL061853	UNNAMED	1853	09	30	00	00	35.5	-58.1	70	1
AL061853	UNNAMED	1853	09	30	06	00	35.5	-58.2	70	1
AL061853	UNNAMED	1853	09	30	12	00	35.8	-58.3	70	1
AL061853	UNNAMED	1853	09	30	18	00	36.3	-58	70	1
AL061853	UNNAMED	1853	10	01	00	00	37	-57.5	70	1
AL061853	UNNAMED	1853	10	01	06	00	38	-56.8	70	1
