AL061986	UNNAMED	1986	08	30	12	00	12.5	-34.5	20	0
AL061986	UNNAMED	1986	08	30	18	00	12.8	-35.8	25	0
AL061986	UNNAMED	1986	08	31	00	00	13	-37	25	0
AL061986	UNNAMED	1986	08	31	06	00	13.2	-38.2	25	0
AL061986	UNNAMED	1986	08	31	12	00	13.3	-39.5	25	0
AL061986	UNNAMED	1986	08	31	18	00	13.8	-40.8	30	0
AL061986	UNNAMED	1986	09	01	00	00	14	-42	30	0
AL061986	UNNAMED	1986	09	01	06	00	14.2	-43.2	30	0
AL061986	UNNAMED	1986	09	01	12	00	14.5	-44.5	30	0
AL061986	UNNAMED	1986	09	01	18	00	16	-46	30	0
AL061986	UNNAMED	1986	09	02	00	00	17	-47	30	0
AL061986	UNNAMED	1986	09	02	06	00	18.2	-48.2	30	0
AL061986	UNNAMED	1986	09	02	12	00	19.4	-49.7	30	0
AL061986	UNNAMED	1986	09	02	18	00	20.8	-50.9	30	0
AL061986	UNNAMED	1986	09	03	00	00	21.9	-52	30	0
AL061986	UNNAMED	1986	09	03	06	00	23	-53	30	0
AL061986	UNNAMED	1986	09	03	12	00	24	-54	25	0
AL061986	UNNAMED	1986	09	03	18	00	26	-54.7	25	0
AL061986	UNNAMED	1986	09	04	00	00	27.2	-55.2	25	0
AL061986	UNNAMED	1986	09	04	06	00	29	-55.6	25	0
AL061986	UNNAMED	1986	09	04	12	00	30.8	-56	20	0
