id,name,year,month,day,hour,minute,lat,lon,max_sustained_wind_kts,sshws
AL061951,FOX,1951,09,02,18,00,13,-20,25,0
AL061951,FOX,1951,09,03,00,00,11.8,-23.5,25,0
AL061951,FOX,1951,09,03,06,00,11.6,-24.8,30,0
AL061951,FOX,1951,09,03,12,00,11.5,-26,30,0
AL061951,FOX,1951,09,03,18,00,11.5,-27.5,30,0
AL061951,FOX,1951,09,04,00,00,11.8,-29,35,0
AL061951,FOX,1951,09,04,06,00,12.4,-30.5,40,0
AL061951,FOX,1951,09,04,12,00,13,-32,45,0
AL061951,FOX,1951,09,04,18,00,13.7,-33.3,55,0
AL061951,FOX,1951,09,05,00,00,14.4,-34.6,60,0
AL061951,FOX,1951,09,05,06,00,15.2,-36.2,70,1
AL061951,FOX,1951,09,05,12,00,16,-37.8,75,1
AL061951,FOX,1951,09,05,18,00,16.5,-39,75,1
AL061951,FOX,1951,09,06,00,00,17.1,-40.1,80,1
AL061951,FOX,1951,09,06,06,00,17.6,-41.4,85,2
AL061951,FOX,1951,09,06,12,00,18.2,-43,90,2
AL061951,FOX,1951,09,06,18,00,19.2,-45.5,90,2
AL061951,FOX,1951,09,07,00,00,20.3,-48.2,95,2
AL061951,FOX,1951,09,07,06,00,21,-49.5,95,2
AL061951,FOX,1951,09,07,12,00,21.7,-50.7,100,3
AL061951,FOX,1951,09,07,18,00,23,-53.1,100,3
AL061951,FOX,1951,09,08,00,00,24.4,-55.2,100,3
AL061951,FOX,1951,09,08,06,00,25.2,-56.4,95,2
AL061951,FOX,1951,09,08,12,00,26.4,-57.5,95,2
AL061951,FOX,1951,09,08,18,00,29.2,-58.8,95,2
AL061951,FOX,1951,09,09,00,00,32.4,-60,90,2
AL061951,FOX,1951,09,09,06,00,35.3,-59.8,90,2
AL061951,FOX,1951,09,09,12,00,38,-58,85,2
AL061951,FOX,1951,09,09,18,00,40,-54.6,85,2
AL061951,FOX,1951,09,10,00,00,42,-50.5,75,1
AL061951,FOX,1951,09,10,06,00,44.5,-43.9,75,1
AL061951,FOX,1951,09,10,12,00,47,-37,70,1
AL061951,FOX,1951,09,10,18,00,49.6,-29.9,65,1
AL061951,FOX,1951,09,11,00,00,52.4,-22.8,60,0
AL061951,FOX,1951,09,11,06,00,55.5,-21.1,55,0
AL061951,FOX,1951,09,11,12,00,59,-23.2,45,0
