id,name,year,month,day,hour,minute,lat,lon,max_sustained_wind_kts,sshws
AL061863,UNNAMED,1863,09,16,00,00,24.7,-79.9,40,0
AL061863,UNNAMED,1863,09,16,06,00,25.2,-79.9,40,0
AL061863,UNNAMED,1863,09,16,12,00,25.7,-79.8,50,0
AL061863,UNNAMED,1863,09,16,18,00,26.3,-79.6,50,0
AL061863,UNNAMED,1863,09,17,00,00,27,-79.4,60,0
AL061863,UNNAMED,1863,09,17,06,00,27.8,-79.3,60,0
AL061863,UNNAMED,1863,09,17,12,00,28.8,-79.1,60,0
AL061863,UNNAMED,1863,09,17,18,00,30.1,-78.9,60,0
AL061863,UNNAMED,1863,09,18,00,00,31.5,-78.6,60,0
AL061863,UNNAMED,1863,09,18,06,00,32.9,-78,60,0
AL061863,UNNAMED,1863,09,18,12,00,34.3,-77.3,60,0
AL061863,UNNAMED,1863,09,18,13,00,34.6,-77.1,60,0
AL061863,UNNAMED,1863,09,18,18,00,36,-76.5,50,0
AL061863,UNNAMED,1863,09,19,00,00,38.5,-75.6,50,0
AL061863,UNNAMED,1863,09,19,06,00,42,-73.5,40,0
