AL061933	UNNAMED	1933	08	13	12	00	12.3	-21.5	30	0
AL061933	UNNAMED	1933	08	13	18	00	12.5	-22.9	35	0
AL061933	UNNAMED	1933	08	14	00	00	12.8	-24.3	40	0
AL061933	UNNAMED	1933	08	14	06	00	13.1	-25.7	40	0
AL061933	UNNAMED	1933	08	14	12	00	13.3	-27.2	45	0
AL061933	UNNAMED	1933	08	14	18	00	13.5	-28.9	45	0
AL061933	UNNAMED	1933	08	15	00	00	13.7	-30.7	45	0
AL061933	UNNAMED	1933	08	15	06	00	13.9	-32.5	50	0
AL061933	UNNAMED	1933	08	15	12	00	14.2	-34.4	50	0
AL061933	UNNAMED	1933	08	15	18	00	14.5	-36.2	50	0
AL061933	UNNAMED	1933	08	16	00	00	14.8	-38	55	0
AL061933	UNNAMED	1933	08	16	06	00	15.1	-39.8	55	0
AL061933	UNNAMED	1933	08	16	12	00	15.5	-41.6	60	0
AL061933	UNNAMED	1933	08	16	18	00	16	-43.4	65	1
AL061933	UNNAMED	1933	08	17	00	00	16.6	-45.2	70	1
AL061933	UNNAMED	1933	08	17	06	00	17.3	-47	75	1
AL061933	UNNAMED	1933	08	17	12	00	18.1	-48.7	85	2
AL061933	UNNAMED	1933	08	17	18	00	19	-50.1	90	2
AL061933	UNNAMED	1933	08	18	00	00	20.1	-51.4	95	2
AL061933	UNNAMED	1933	08	18	06	00	21.3	-52.7	105	3
AL061933	UNNAMED	1933	08	18	12	00	22.4	-53.9	110	3
AL061933	UNNAMED	1933	08	18	18	00	23.4	-55.2	115	4
AL061933	UNNAMED	1933	08	19	00	00	24.4	-56.5	115	4
AL061933	UNNAMED	1933	08	19	06	00	25.4	-57.8	120	4
AL061933	UNNAMED	1933	08	19	12	00	26.4	-59	120	4
AL061933	UNNAMED	1933	08	19	18	00	27.3	-59.9	120	4
AL061933	UNNAMED	1933	08	20	00	00	28	-60.8	120	4
AL061933	UNNAMED	1933	08	20	06	00	28.5	-61.7	115	4
AL061933	UNNAMED	1933	08	20	12	00	29.1	-62.5	115	4
AL061933	UNNAMED	1933	08	20	18	00	29.7	-63.5	115	4
AL061933	UNNAMED	1933	08	21	00	00	30.2	-64.6	110	3
AL061933	UNNAMED	1933	08	21	06	00	30.7	-65.8	110	3
AL061933	UNNAMED	1933	08	21	12	00	31.2	-67	110	3
AL061933	UNNAMED	1933	08	21	18	00	31.6	-68	110	3
AL061933	UNNAMED	1933	08	22	00	00	32	-69	105	3
AL061933	UNNAMED	1933	08	22	06	00	32.4	-70	105	3
AL061933	UNNAMED	1933	08	22	12	00	32.8	-71.1	105	3
AL061933	UNNAMED	1933	08	22	18	00	33.4	-72.4	100	3
AL061933	UNNAMED	1933	08	23	00	00	34.1	-73.7	90	2
AL061933	UNNAMED	1933	08	23	06	00	35.1	-74.9	85	2
AL061933	UNNAMED	1933	08	23	10	00	35.8	-75.6	80	1
AL061933	UNNAMED	1933	08	23	12	00	36.1	-75.8	75	1
AL061933	UNNAMED	1933	08	23	18	00	37.4	-76.7	65	1
AL061933	UNNAMED	1933	08	24	00	00	38.7	-77.2	55	0
AL061933	UNNAMED	1933	08	24	06	00	40.6	-77	45	0
AL061933	UNNAMED	1933	08	24	12	00	42.4	-76.3	35	0
AL061933	UNNAMED	1933	08	24	18	00	43.4	-75.3	30	0
AL061933	UNNAMED	1933	08	25	00	00	44	-74.4	30	0
AL061933	UNNAMED	1933	08	25	06	00	44.5	-73.7	30	0
AL061933	UNNAMED	1933	08	25	12	00	45	-73	30	0
AL061933	UNNAMED	1933	08	25	18	00	44.9	-71.9	30	0
AL061933	UNNAMED	1933	08	26	00	00	44.5	-70.4	30	0
AL061933	UNNAMED	1933	08	26	06	00	44.1	-68.8	30	0
AL061933	UNNAMED	1933	08	26	12	00	44	-67.2	30	0
AL061933	UNNAMED	1933	08	26	18	00	44	-66.2	35	0
AL061933	UNNAMED	1933	08	27	00	00	44.1	-65.4	35	0
AL061933	UNNAMED	1933	08	27	06	00	44.1	-64.5	35	0
AL061933	UNNAMED	1933	08	27	12	00	44.2	-63.5	30	0
AL061933	UNNAMED	1933	08	27	18	00	44.2	-61.7	30	0
AL061933	UNNAMED	1933	08	28	00	00	44.3	-59.1	30	0
AL061933	UNNAMED	1933	08	28	06	00	44.4	-55.8	30	0
AL061933	UNNAMED	1933	08	28	12	00	44.5	-52.5	30	0
