AL061950	FOX	1950	09	08	06	00	15.5	-41	40	0
AL061950	FOX	1950	09	08	12	00	15.5	-41.8	40	0
AL061950	FOX	1950	09	08	18	00	15.6	-42.8	40	0
AL061950	FOX	1950	09	09	00	00	15.7	-43.8	45	0
AL061950	FOX	1950	09	09	06	00	15.9	-44.6	45	0
AL061950	FOX	1950	09	09	12	00	16.1	-45.3	50	0
AL061950	FOX	1950	09	09	18	00	16.4	-46	50	0
AL061950	FOX	1950	09	10	00	00	16.7	-46.7	50	0
AL061950	FOX	1950	09	10	06	00	17.1	-47.3	55	0
AL061950	FOX	1950	09	10	12	00	17.5	-48	55	0
AL061950	FOX	1950	09	10	18	00	17.9	-48.8	55	0
AL061950	FOX	1950	09	11	00	00	18.3	-49.6	60	0
AL061950	FOX	1950	09	11	06	00	18.7	-50.2	65	1
AL061950	FOX	1950	09	11	12	00	19.1	-50.7	70	1
AL061950	FOX	1950	09	11	18	00	19.6	-51.2	75	1
AL061950	FOX	1950	09	12	00	00	20.2	-51.8	75	1
AL061950	FOX	1950	09	12	06	00	21	-52.5	80	1
AL061950	FOX	1950	09	12	12	00	21.7	-53.4	80	1
AL061950	FOX	1950	09	12	18	00	22.3	-54.2	85	2
AL061950	FOX	1950	09	13	00	00	22.7	-55	90	2
AL061950	FOX	1950	09	13	06	00	22.9	-55.8	95	2
AL061950	FOX	1950	09	13	12	00	23.1	-56.5	95	2
AL061950	FOX	1950	09	13	18	00	23.3	-57.2	100	3
AL061950	FOX	1950	09	14	00	00	23.6	-57.8	105	3
AL061950	FOX	1950	09	14	06	00	23.8	-58.4	110	3
AL061950	FOX	1950	09	14	12	00	24.1	-58.9	115	4
AL061950	FOX	1950	09	14	18	00	24.9	-59.4	120	4
AL061950	FOX	1950	09	15	00	00	25.9	-59.7	120	4
AL061950	FOX	1950	09	15	06	00	27	-59.8	120	4
AL061950	FOX	1950	09	15	12	00	28.2	-59.7	120	4
AL061950	FOX	1950	09	15	18	00	30.2	-59.3	115	4
AL061950	FOX	1950	09	16	00	00	32.6	-58.2	110	3
AL061950	FOX	1950	09	16	06	00	34.7	-56.5	105	3
AL061950	FOX	1950	09	16	12	00	36.5	-54.5	100	3
AL061950	FOX	1950	09	16	18	00	37.8	-52.2	90	2
AL061950	FOX	1950	09	17	00	00	39.5	-48.5	85	2
AL061950	FOX	1950	09	17	06	00	42.5	-43.5	70	1
AL061950	FOX	1950	09	17	12	00	45.5	-39.5	55	0
