AL061993	DENNIS	1993	08	23	12	00	13.6	-30.8	25	0
AL061993	DENNIS	1993	08	23	18	00	13.9	-31.3	30	0
AL061993	DENNIS	1993	08	24	00	00	14.5	-32.3	30	0
AL061993	DENNIS	1993	08	24	06	00	15	-33.2	30	0
AL061993	DENNIS	1993	08	24	12	00	15.4	-34	35	0
AL061993	DENNIS	1993	08	24	18	00	15.8	-34.9	40	0
AL061993	DENNIS	1993	08	25	00	00	16.4	-35.8	45	0
AL061993	DENNIS	1993	08	25	06	00	16.9	-36.6	45	0
AL061993	DENNIS	1993	08	25	12	00	17.4	-37.6	45	0
AL061993	DENNIS	1993	08	25	18	00	18	-38.7	45	0
AL061993	DENNIS	1993	08	26	00	00	18.7	-39.7	45	0
AL061993	DENNIS	1993	08	26	06	00	19.4	-40.7	45	0
AL061993	DENNIS	1993	08	26	12	00	20	-41.4	45	0
AL061993	DENNIS	1993	08	26	18	00	20.6	-42.1	40	0
AL061993	DENNIS	1993	08	27	00	00	21.3	-42.5	40	0
AL061993	DENNIS	1993	08	27	06	00	22.1	-42.7	35	0
AL061993	DENNIS	1993	08	27	12	00	22.5	-43	30	0
AL061993	DENNIS	1993	08	27	18	00	22.8	-43.2	25	0
AL061993	DENNIS	1993	08	28	00	00	22.9	-43.6	25	0
AL061993	DENNIS	1993	08	28	06	00	22.6	-44	25	0
AL061993	DENNIS	1993	08	28	12	00	22.2	-44.5	25	0
