AL061889	UNNAMED	1889	09	12	00	00	15.7	-59.5	35	0
AL061889	UNNAMED	1889	09	12	06	00	15.7	-60.7	35	0
AL061889	UNNAMED	1889	09	12	12	00	15.7	-62	40	0
AL061889	UNNAMED	1889	09	12	18	00	15.6	-63.3	40	0
AL061889	UNNAMED	1889	09	13	00	00	15.6	-64.5	45	0
AL061889	UNNAMED	1889	09	13	06	00	15.6	-65.9	45	0
AL061889	UNNAMED	1889	09	13	12	00	15.7	-67.5	50	0
AL061889	UNNAMED	1889	09	13	18	00	15.7	-68.8	50	0
AL061889	UNNAMED	1889	09	14	00	00	15.7	-70.5	50	0
AL061889	UNNAMED	1889	09	14	06	00	15.9	-72.1	50	0
AL061889	UNNAMED	1889	09	14	12	00	16	-73.3	50	0
AL061889	UNNAMED	1889	09	14	18	00	16.2	-74.2	50	0
AL061889	UNNAMED	1889	09	15	00	00	16.3	-75.7	50	0
AL061889	UNNAMED	1889	09	15	06	00	16.4	-76.6	50	0
AL061889	UNNAMED	1889	09	15	12	00	16.7	-77.7	50	0
AL061889	UNNAMED	1889	09	15	18	00	17.1	-79	50	0
AL061889	UNNAMED	1889	09	16	00	00	17.4	-79.7	50	0
AL061889	UNNAMED	1889	09	16	06	00	17.7	-80.7	50	0
AL061889	UNNAMED	1889	09	16	12	00	18	-81.5	55	0
AL061889	UNNAMED	1889	09	16	18	00	18.5	-82.7	60	0
AL061889	UNNAMED	1889	09	17	00	00	18.8	-83.6	65	1
AL061889	UNNAMED	1889	09	17	06	00	19.1	-84.6	75	1
AL061889	UNNAMED	1889	09	17	12	00	19.3	-85.5	85	2
AL061889	UNNAMED	1889	09	17	18	00	19.4	-86.5	95	2
AL061889	UNNAMED	1889	09	18	00	00	19.5	-87.7	90	2
AL061889	UNNAMED	1889	09	18	06	00	19.5	-88.6	75	1
AL061889	UNNAMED	1889	09	18	12	00	19.5	-89.5	65	1
AL061889	UNNAMED	1889	09	18	18	00	19.5	-90.3	60	0
AL061889	UNNAMED	1889	09	19	00	00	19.6	-91.3	70	1
AL061889	UNNAMED	1889	09	19	06	00	19.8	-92.3	85	2
AL061889	UNNAMED	1889	09	19	12	00	20.2	-92.9	85	2
AL061889	UNNAMED	1889	09	19	18	00	20.9	-93.1	85	2
AL061889	UNNAMED	1889	09	20	00	00	21.3	-93.1	85	2
AL061889	UNNAMED	1889	09	20	06	00	21.7	-93.1	85	2
AL061889	UNNAMED	1889	09	20	12	00	22.2	-93.1	85	2
AL061889	UNNAMED	1889	09	20	18	00	22.6	-93	85	2
AL061889	UNNAMED	1889	09	21	00	00	23	-93	85	2
AL061889	UNNAMED	1889	09	21	06	00	23.5	-93	85	2
AL061889	UNNAMED	1889	09	21	12	00	24.1	-92.9	85	2
AL061889	UNNAMED	1889	09	21	18	00	24.7	-92.8	85	2
AL061889	UNNAMED	1889	09	22	00	00	25.2	-92.7	85	2
AL061889	UNNAMED	1889	09	22	06	00	26.1	-92.4	85	2
AL061889	UNNAMED	1889	09	22	12	00	27	-92	80	1
AL061889	UNNAMED	1889	09	22	18	00	27.9	-91.4	75	1
AL061889	UNNAMED	1889	09	23	00	00	28.6	-90.6	70	1
AL061889	UNNAMED	1889	09	23	04	00	29.1	-89.8	70	1
AL061889	UNNAMED	1889	09	23	06	00	29.3	-89.4	65	1
AL061889	UNNAMED	1889	09	23	12	00	30.1	-88	60	0
AL061889	UNNAMED	1889	09	23	13	00	30.3	-88.7	60	0
AL061889	UNNAMED	1889	09	23	18	00	31.3	-86.2	50	0
AL061889	UNNAMED	1889	09	24	00	00	32.8	-83.9	45	0
AL061889	UNNAMED	1889	09	24	06	00	34.3	-81.6	45	0
AL061889	UNNAMED	1889	09	24	12	00	35.7	-79.5	40	0
AL061889	UNNAMED	1889	09	24	18	00	36.5	-77.9	40	0
AL061889	UNNAMED	1889	09	25	00	00	37.1	-76.7	40	0
AL061889	UNNAMED	1889	09	25	06	00	37.7	-75.4	40	0
AL061889	UNNAMED	1889	09	25	12	00	38.6	-73.8	35	0
AL061889	UNNAMED	1889	09	25	18	00	40.3	-71.7	35	0
AL061889	UNNAMED	1889	09	26	00	00	42.8	-69.1	35	0
AL061889	UNNAMED	1889	09	26	06	00	45.9	-66.2	35	0
AL061889	UNNAMED	1889	09	26	12	00	49.5	-62.9	35	0
