id,name,year,month,day,hour,minute,lat,lon,max_sustained_wind_kts,sshws
AL061862,UNNAMED,1862,11,22,00,00,10.5,-79.5,60,0
AL061862,UNNAMED,1862,11,22,06,00,10.5,-79.5,60,0
AL061862,UNNAMED,1862,11,22,12,00,10.5,-79.5,60,0
AL061862,UNNAMED,1862,11,22,18,00,10.5,-79.5,60,0
AL061862,UNNAMED,1862,11,23,00,00,10.5,-79.5,60,0
AL061862,UNNAMED,1862,11,23,06,00,10.5,-79.5,60,0
AL061862,UNNAMED,1862,11,23,12,00,10.5,-79.5,60,0
AL061862,UNNAMED,1862,11,23,18,00,10.5,-79.5,60,0
AL061862,UNNAMED,1862,11,24,00,00,10.5,-79.5,60,0
AL061862,UNNAMED,1862,11,24,06,00,10.5,-79.5,60,0
AL061862,UNNAMED,1862,11,24,12,00,10.5,-79.6,50,0
AL061862,UNNAMED,1862,11,24,18,00,10.5,-79.7,50,0
AL061862,UNNAMED,1862,11,25,00,00,10.5,-79.8,40,0
AL061862,UNNAMED,1862,11,25,06,00,10.5,-80,40,0
