AL061946	UNNAMED	1946	10	05	18	00	18.2	-87.5	35	0
AL061946	UNNAMED	1946	10	06	00	00	18.8	-86.7	45	0
AL061946	UNNAMED	1946	10	06	06	00	19.4	-86	55	0
AL061946	UNNAMED	1946	10	06	12	00	20	-85.2	65	1
AL061946	UNNAMED	1946	10	06	18	00	20.7	-84.5	75	1
AL061946	UNNAMED	1946	10	07	00	00	21.5	-84.1	80	1
AL061946	UNNAMED	1946	10	07	04	00	22.2	-83.9	80	1
AL061946	UNNAMED	1946	10	07	06	00	22.5	-83.8	80	1
AL061946	UNNAMED	1946	10	07	12	00	23.7	-83.6	85	2
AL061946	UNNAMED	1946	10	07	18	00	25.4	-83.3	80	1
AL061946	UNNAMED	1946	10	08	00	00	27	-82.9	75	1
AL061946	UNNAMED	1946	10	08	02	00	27.5	-82.6	75	1
AL061946	UNNAMED	1946	10	08	06	00	28.6	-82.5	65	1
AL061946	UNNAMED	1946	10	08	12	00	30.8	-82.1	55	0
AL061946	UNNAMED	1946	10	08	18	00	32.5	-81.7	50	0
AL061946	UNNAMED	1946	10	09	00	00	33.5	-81.6	40	0
AL061946	UNNAMED	1946	10	09	06	00	34	-81.3	35	0
AL061946	UNNAMED	1946	10	09	12	00	34.3	-80.6	30	0
AL061946	UNNAMED	1946	10	09	18	00	34.7	-78.8	30	0
AL061946	UNNAMED	1946	10	10	00	00	35.3	-76.8	30	0
AL061946	UNNAMED	1946	10	10	06	00	35.9	-75	35	0
AL061946	UNNAMED	1946	10	10	12	00	36.2	-73.3	40	0
AL061946	UNNAMED	1946	10	10	18	00	35.9	-71	40	0
AL061946	UNNAMED	1946	10	11	00	00	35.3	-67.7	35	0
AL061946	UNNAMED	1946	10	11	06	00	34.5	-65	35	0
AL061946	UNNAMED	1946	10	11	12	00	33.8	-63.5	30	0
AL061946	UNNAMED	1946	10	11	18	00	33.2	-62.7	25	0
AL061946	UNNAMED	1946	10	12	00	00	32.6	-62.1	25	0
AL061946	UNNAMED	1946	10	12	06	00	32.1	-61.7	25	0
AL061946	UNNAMED	1946	10	12	12	00	31.5	-61.4	25	0
AL061946	UNNAMED	1946	10	12	18	00	30.4	-61.2	25	0
AL061946	UNNAMED	1946	10	13	00	00	29.2	-61.3	25	0
AL061946	UNNAMED	1946	10	13	06	00	28.1	-62	25	0
AL061946	UNNAMED	1946	10	13	12	00	27.2	-62.9	25	0
AL061946	UNNAMED	1946	10	13	18	00	26.6	-64	25	0
AL061946	UNNAMED	1946	10	14	00	00	26.2	-65.2	25	0
AL061946	UNNAMED	1946	10	14	06	00	25.8	-66.5	25	0
AL061946	UNNAMED	1946	10	14	12	00	25.5	-68	25	0
AL061946	UNNAMED	1946	10	14	18	00	25.3	-69.5	25	0
