AL061869	UNNAMED	1869	09	07	00	00	27	-74.5	90	2
AL061869	UNNAMED	1869	09	07	06	00	28	-74.5	90	2
AL061869	UNNAMED	1869	09	07	12	00	29	-74.4	90	2
AL061869	UNNAMED	1869	09	07	18	00	30.1	-74.1	90	2
AL061869	UNNAMED	1869	09	08	00	00	31.3	-74	100	3
AL061869	UNNAMED	1869	09	08	06	00	32.5	-73.6	100	3
AL061869	UNNAMED	1869	09	08	12	00	35	-73.3	100	3
AL061869	UNNAMED	1869	09	08	18	00	38.8	-72.6	100	3
AL061869	UNNAMED	1869	09	08	21	00	41	-71.9	100	3
AL061869	UNNAMED	1869	09	08	22	00	41.4	-71.7	100	3
AL061869	UNNAMED	1869	09	09	00	00	42.8	-71.1	80	1
AL061869	UNNAMED	1869	09	09	06	00	47	-69	50	0
