AL061860	UNNAMED	1860	09	30	00	00	22.4	-91	50	0
AL061860	UNNAMED	1860	09	30	06	00	22.6	-91.1	50	0
AL061860	UNNAMED	1860	09	30	12	00	23	-91.3	60	0
AL061860	UNNAMED	1860	09	30	18	00	23.4	-91.5	60	0
AL061860	UNNAMED	1860	10	01	00	00	23.7	-91.6	70	1
AL061860	UNNAMED	1860	10	01	06	00	24.4	-91.9	70	1
AL061860	UNNAMED	1860	10	01	12	00	25.1	-92	80	1
AL061860	UNNAMED	1860	10	01	18	00	26	-92.1	80	1
AL061860	UNNAMED	1860	10	02	00	00	26.8	-92	80	1
AL061860	UNNAMED	1860	10	02	06	00	27.6	-91.9	90	2
AL061860	UNNAMED	1860	10	02	12	00	28.5	-91.6	90	2
AL061860	UNNAMED	1860	10	02	17	00	29.5	-91.4	90	2
AL061860	UNNAMED	1860	10	02	18	00	29.7	-91.4	90	2
AL061860	UNNAMED	1860	10	03	00	00	31.2	-90.9	60	0
AL061860	UNNAMED	1860	10	03	06	00	32.3	-90.5	50	0
AL061860	UNNAMED	1860	10	03	12	00	33.5	-90	40	0
AL061860	UNNAMED	1860	10	03	18	00	34.7	-89.1	40	0
