AL061906	UNNAMED	1906	09	19	12	00	12	-77	30	0
AL061906	UNNAMED	1906	09	19	18	00	12.1	-77.5	30	0
AL061906	UNNAMED	1906	09	20	00	00	12.2	-77.9	35	0
AL061906	UNNAMED	1906	09	20	06	00	12.3	-78.3	35	0
AL061906	UNNAMED	1906	09	20	12	00	12.5	-78.7	35	0
AL061906	UNNAMED	1906	09	20	18	00	12.8	-79.2	35	0
AL061906	UNNAMED	1906	09	21	00	00	13.2	-79.7	35	0
AL061906	UNNAMED	1906	09	21	06	00	13.6	-80.1	35	0
AL061906	UNNAMED	1906	09	21	12	00	14	-80.5	35	0
AL061906	UNNAMED	1906	09	21	18	00	14.6	-80.9	35	0
AL061906	UNNAMED	1906	09	22	00	00	15.2	-81.3	40	0
AL061906	UNNAMED	1906	09	22	06	00	15.8	-81.8	40	0
AL061906	UNNAMED	1906	09	22	12	00	16.3	-82.3	45	0
AL061906	UNNAMED	1906	09	22	18	00	16.9	-82.8	45	0
AL061906	UNNAMED	1906	09	23	00	00	17.5	-83.2	50	0
AL061906	UNNAMED	1906	09	23	06	00	18.1	-83.7	50	0
AL061906	UNNAMED	1906	09	23	12	00	18.7	-84	55	0
AL061906	UNNAMED	1906	09	23	18	00	19.3	-84.3	60	0
AL061906	UNNAMED	1906	09	24	00	00	20	-84.6	65	1
AL061906	UNNAMED	1906	09	24	06	00	20.6	-84.8	70	1
AL061906	UNNAMED	1906	09	24	12	00	21.4	-85.1	75	1
AL061906	UNNAMED	1906	09	24	18	00	21.9	-85.2	80	1
AL061906	UNNAMED	1906	09	25	00	00	22.3	-85.5	85	2
AL061906	UNNAMED	1906	09	25	06	00	22.8	-85.7	90	2
AL061906	UNNAMED	1906	09	25	12	00	23.3	-86	95	2
AL061906	UNNAMED	1906	09	25	18	00	24	-86.3	100	3
AL061906	UNNAMED	1906	09	26	00	00	24.7	-86.6	105	3
AL061906	UNNAMED	1906	09	26	06	00	25.5	-86.8	105	3
AL061906	UNNAMED	1906	09	26	12	00	26.3	-87	105	3
AL061906	UNNAMED	1906	09	26	18	00	27.3	-87.4	100	3
AL061906	UNNAMED	1906	09	27	00	00	28.4	-87.9	100	3
AL061906	UNNAMED	1906	09	27	06	00	29.4	-88.4	95	2
AL061906	UNNAMED	1906	09	27	11	00	30.2	-88.6	95	2
AL061906	UNNAMED	1906	09	27	12	00	30.4	-88.7	95	2
AL061906	UNNAMED	1906	09	27	18	00	31.4	-89	65	1
AL061906	UNNAMED	1906	09	28	00	00	32.4	-89.3	50	0
AL061906	UNNAMED	1906	09	28	06	00	33.6	-89.6	40	0
AL061906	UNNAMED	1906	09	28	12	00	34.7	-89.9	40	0
AL061906	UNNAMED	1906	09	28	18	00	35.6	-90.2	35	0
AL061906	UNNAMED	1906	09	29	00	00	36.6	-90.4	35	0
AL061906	UNNAMED	1906	09	29	06	00	37.3	-90.5	30	0
AL061906	UNNAMED	1906	09	29	12	00	38	-90.3	30	0
AL061906	UNNAMED	1906	09	29	18	00	38.2	-89.4	30	0
AL061906	UNNAMED	1906	09	30	00	00	38	-88.4	30	0
AL061906	UNNAMED	1906	09	30	06	00	37.3	-87.5	30	0
