AL061990	EDOUARD	1990	08	02	18	00	38	-23	30	0
AL061990	EDOUARD	1990	08	03	00	00	38.3	-23	30	0
AL061990	EDOUARD	1990	08	03	06	00	38.8	-23.1	30	0
AL061990	EDOUARD	1990	08	03	12	00	39.2	-23.3	35	0
AL061990	EDOUARD	1990	08	03	18	00	39.5	-23.9	40	0
AL061990	EDOUARD	1990	08	04	00	00	39.7	-25.3	40	0
AL061990	EDOUARD	1990	08	04	06	00	39.4	-27.3	35	0
AL061990	EDOUARD	1990	08	04	12	00	38.8	-29	35	0
AL061990	EDOUARD	1990	08	04	18	00	38.1	-30.1	30	0
AL061990	EDOUARD	1990	08	05	00	00	37.6	-30.8	30	0
AL061990	EDOUARD	1990	08	05	06	00	37.3	-31.6	30	0
AL061990	EDOUARD	1990	08	05	12	00	37.1	-32.5	30	0
AL061990	EDOUARD	1990	08	05	18	00	37	-33.1	25	0
AL061990	EDOUARD	1990	08	06	00	00	37	-33.4	25	0
AL061990	EDOUARD	1990	08	06	06	00	37.1	-33.5	25	0
AL061990	EDOUARD	1990	08	06	12	00	37.2	-33.5	25	0
AL061990	EDOUARD	1990	08	06	18	00	37.5	-33.5	25	0
AL061990	EDOUARD	1990	08	07	00	00	37.5	-33.7	25	0
AL061990	EDOUARD	1990	08	07	06	00	37.4	-33.9	25	0
AL061990	EDOUARD	1990	08	07	12	00	37.1	-34.2	25	0
AL061990	EDOUARD	1990	08	07	18	00	36.9	-34.2	25	0
AL061990	EDOUARD	1990	08	08	00	00	36.9	-34	30	0
AL061990	EDOUARD	1990	08	08	06	00	37	-33.6	30	0
AL061990	EDOUARD	1990	08	08	12	00	37.1	-33	30	0
AL061990	EDOUARD	1990	08	08	18	00	37.4	-32	35	0
AL061990	EDOUARD	1990	08	09	00	00	37.8	-30.8	35	0
AL061990	EDOUARD	1990	08	09	06	00	38.5	-29.6	40	0
AL061990	EDOUARD	1990	08	09	12	00	39.2	-28.6	35	0
AL061990	EDOUARD	1990	08	09	18	00	39.6	-28.1	35	0
AL061990	EDOUARD	1990	08	10	00	00	39.7	-27.7	35	0
AL061990	EDOUARD	1990	08	10	06	00	39.6	-27.1	35	0
AL061990	EDOUARD	1990	08	10	12	00	39.3	-26.1	30	0
AL061990	EDOUARD	1990	08	10	18	00	39.1	-25	30	0
AL061990	EDOUARD	1990	08	11	00	00	39	-23.8	30	0
AL061990	EDOUARD	1990	08	11	06	00	39	-22.9	30	0
AL061990	EDOUARD	1990	08	11	12	00	39.1	-22	30	0
AL061990	EDOUARD	1990	08	11	18	00	39	-21.2	30	0
AL061990	EDOUARD	1990	08	12	00	00	38.9	-20.5	30	0
AL061990	EDOUARD	1990	08	12	06	00	38.8	-19.9	30	0
AL061990	EDOUARD	1990	08	12	12	00	38.5	-19.3	30	0
AL061990	EDOUARD	1990	08	12	18	00	38.1	-18.5	25	0
AL061990	EDOUARD	1990	08	13	00	00	37.7	-17.8	20	0
AL061990	EDOUARD	1990	08	13	06	00	37.6	-17.1	20	0
AL061990	EDOUARD	1990	08	13	12	00	38	-16.6	20	0
