AL061871	UNNAMED	1871	09	05	00	00	26	-90.1	70	1
AL061871	UNNAMED	1871	09	05	06	00	26.5	-89	70	1
AL061871	UNNAMED	1871	09	05	12	00	27	-87.6	70	1
AL061871	UNNAMED	1871	09	05	18	00	27.5	-86.1	70	1
AL061871	UNNAMED	1871	09	06	00	00	28.1	-84.9	70	1
AL061871	UNNAMED	1871	09	06	06	00	28.6	-84.1	70	1
AL061871	UNNAMED	1871	09	06	12	00	29	-83.3	70	1
AL061871	UNNAMED	1871	09	06	14	00	29.2	-83	70	1
AL061871	UNNAMED	1871	09	06	18	00	29.6	-82.5	50	0
AL061871	UNNAMED	1871	09	07	00	00	30.2	-81.8	50	0
AL061871	UNNAMED	1871	09	07	06	00	30.7	-81.1	50	0
AL061871	UNNAMED	1871	09	07	12	00	31.3	-80.3	60	0
AL061871	UNNAMED	1871	09	07	18	00	31.7	-79.3	60	0
AL061871	UNNAMED	1871	09	08	00	00	31.9	-78.3	60	0
AL061871	UNNAMED	1871	09	08	06	00	32.2	-77	60	0
AL061871	UNNAMED	1871	09	08	12	00	32.4	-75.9	60	0
AL061871	UNNAMED	1871	09	08	18	00	32.7	-75	60	0
