AL061943	UNNAMED	1943	09	15	18	00	23.8	-93.9	40	0
AL061943	UNNAMED	1943	09	16	00	00	25	-94.3	45	0
AL061943	UNNAMED	1943	09	16	06	00	26.2	-94.7	55	0
AL061943	UNNAMED	1943	09	16	12	00	27	-95	65	1
AL061943	UNNAMED	1943	09	16	18	00	27.6	-95.3	75	1
AL061943	UNNAMED	1943	09	17	00	00	27.8	-95.4	80	1
AL061943	UNNAMED	1943	09	17	06	00	27.7	-95.4	85	2
AL061943	UNNAMED	1943	09	17	12	00	27.4	-95.3	85	2
AL061943	UNNAMED	1943	09	17	18	00	26.9	-95.1	85	2
AL061943	UNNAMED	1943	09	18	00	00	26.6	-94.8	80	1
AL061943	UNNAMED	1943	09	18	06	00	26.7	-94.5	75	1
AL061943	UNNAMED	1943	09	18	12	00	27.1	-94.1	75	1
AL061943	UNNAMED	1943	09	18	18	00	27.5	-93.8	70	1
AL061943	UNNAMED	1943	09	19	00	00	27.9	-93.5	60	0
AL061943	UNNAMED	1943	09	19	06	00	28.3	-93	60	0
AL061943	UNNAMED	1943	09	19	12	00	28.7	-92.5	50	0
AL061943	UNNAMED	1943	09	19	18	00	29.1	-92.1	40	0
AL061943	UNNAMED	1943	09	20	00	00	29.4	-92	35	0
AL061943	UNNAMED	1943	09	20	06	00	29.5	-92	25	0
AL061943	UNNAMED	1943	09	20	12	00	29.5	-92	25	0
