AL061888	UNNAMED	1888	09	23	12	00	24.3	-81	35	0
AL061888	UNNAMED	1888	09	23	18	00	25.5	-80.2	35	0
AL061888	UNNAMED	1888	09	24	00	00	26.6	-79.7	40	0
AL061888	UNNAMED	1888	09	24	06	00	27.7	-79.1	40	0
AL061888	UNNAMED	1888	09	24	12	00	28.7	-78.6	45	0
AL061888	UNNAMED	1888	09	24	18	00	29.5	-78.2	45	0
AL061888	UNNAMED	1888	09	25	00	00	30.1	-77.8	45	0
AL061888	UNNAMED	1888	09	25	06	00	30.7	-77.5	50	0
AL061888	UNNAMED	1888	09	25	12	00	31.7	-76.9	55	0
AL061888	UNNAMED	1888	09	25	18	00	33.5	-75.7	60	0
AL061888	UNNAMED	1888	09	26	00	00	36.1	-73.9	65	1
AL061888	UNNAMED	1888	09	26	06	00	38.9	-71.9	70	1
AL061888	UNNAMED	1888	09	26	12	00	41.2	-70.2	70	1
AL061888	UNNAMED	1888	09	26	13	00	41.6	-69.9	70	1
AL061888	UNNAMED	1888	09	26	18	00	43	-68.9	60	0
AL061888	UNNAMED	1888	09	27	00	00	44.8	-67.5	50	0
AL061888	UNNAMED	1888	09	27	06	00	46.4	-66.3	40	0
AL061888	UNNAMED	1888	09	27	12	00	47.8	-65.2	35	0
