id,name,year,month,day,hour,minute,lat,lon,max_sustained_wind_kts,sshws
AL061949,UNNAMED,1949,09,05,06,00,27.3,-40.4,35,0
AL061949,UNNAMED,1949,09,05,12,00,28.3,-41.2,35,0
AL061949,UNNAMED,1949,09,05,18,00,29.2,-42,35,0
AL061949,UNNAMED,1949,09,06,00,00,30.2,-42.8,40,0
AL061949,UNNAMED,1949,09,06,06,00,31.6,-43.5,40,0
AL061949,UNNAMED,1949,09,06,12,00,32.9,-43.7,40,0
AL061949,UNNAMED,1949,09,06,18,00,34,-43.5,40,0
AL061949,UNNAMED,1949,09,07,00,00,34.3,-42.7,40,0
AL061949,UNNAMED,1949,09,07,06,00,34.4,-41.7,40,0
AL061949,UNNAMED,1949,09,07,12,00,34.5,-41,40,0
AL061949,UNNAMED,1949,09,07,18,00,34.7,-41,40,0
AL061949,UNNAMED,1949,09,08,00,00,35,-40.7,40,0
AL061949,UNNAMED,1949,09,08,06,00,35.3,-41,40,0
AL061949,UNNAMED,1949,09,08,12,00,35.5,-41,40,0
AL061949,UNNAMED,1949,09,08,18,00,35.5,-40.7,40,0
AL061949,UNNAMED,1949,09,09,00,00,35,-40.7,40,0
AL061949,UNNAMED,1949,09,09,06,00,34.5,-41.9,40,0
AL061949,UNNAMED,1949,09,09,12,00,34.2,-43.3,40,0
AL061949,UNNAMED,1949,09,09,18,00,34.3,-43.8,40,0
AL061949,UNNAMED,1949,09,10,00,00,34.4,-44.2,40,0
AL061949,UNNAMED,1949,09,10,06,00,34.6,-44.5,40,0
AL061949,UNNAMED,1949,09,10,12,00,35.2,-44.5,40,0
AL061949,UNNAMED,1949,09,10,18,00,36,-44.6,40,0
AL061949,UNNAMED,1949,09,11,00,00,37.1,-44.6,40,0
AL061949,UNNAMED,1949,09,11,06,00,38.3,-44.2,40,0
AL061949,UNNAMED,1949,09,11,12,00,39.6,-43.8,40,0
AL061949,UNNAMED,1949,09,11,18,00,41.4,-43,45,0
AL061949,UNNAMED,1949,09,12,00,00,43.6,-41.1,55,0
AL061949,UNNAMED,1949,09,12,06,00,46,-39,55,0
AL061949,UNNAMED,1949,09,12,12,00,47.8,-37.5,55,0
AL061949,UNNAMED,1949,09,12,18,00,48.5,-37,55,0
AL061949,UNNAMED,1949,09,13,00,00,48.4,-37.2,60,0
AL061949,UNNAMED,1949,09,13,06,00,48,-38.2,60,0
AL061949,UNNAMED,1949,09,13,12,00,47.4,-39.5,60,0
AL061949,UNNAMED,1949,09,13,18,00,46.7,-40.5,60,0
AL061949,UNNAMED,1949,09,14,00,00,45.9,-41.3,65,1
AL061949,UNNAMED,1949,09,14,06,00,45.2,-41.9,65,1
AL061949,UNNAMED,1949,09,14,12,00,44.7,-42.2,65,1
AL061949,UNNAMED,1949,09,14,18,00,44.2,-41.8,65,1
AL061949,UNNAMED,1949,09,15,00,00,43.7,-40.8,65,1
AL061949,UNNAMED,1949,09,15,06,00,43.2,-39.4,55,0
AL061949,UNNAMED,1949,09,15,12,00,42.8,-38,45,0
AL061949,UNNAMED,1949,09,15,18,00,42.8,-36.8,40,0
AL061949,UNNAMED,1949,09,16,00,00,43,-35.8,35,0
AL061949,UNNAMED,1949,09,16,06,00,43.7,-34.9,35,0
AL061949,UNNAMED,1949,09,16,12,00,45,-34,35,0
AL061949,UNNAMED,1949,09,16,18,00,46.5,-33.2,30,0
