AL061874	UNNAMED	1874	09	25	00	00	17.5	-86.4	40	0
AL061874	UNNAMED	1874	09	25	06	00	18.1	-87.1	40	0
AL061874	UNNAMED	1874	09	25	12	00	18.5	-87.5	50	0
AL061874	UNNAMED	1874	09	25	18	00	19	-88	40	0
AL061874	UNNAMED	1874	09	26	00	00	19.6	-88.4	40	0
AL061874	UNNAMED	1874	09	26	06	00	20.4	-88.6	30	0
AL061874	UNNAMED	1874	09	26	12	00	21.2	-88.8	30	0
AL061874	UNNAMED	1874	09	26	18	00	22.2	-88.5	40	0
AL061874	UNNAMED	1874	09	27	00	00	23.2	-88	50	0
AL061874	UNNAMED	1874	09	27	06	00	24.2	-87.5	50	0
AL061874	UNNAMED	1874	09	27	12	00	25.2	-86.5	60	0
AL061874	UNNAMED	1874	09	27	18	00	26.8	-85.1	60	0
AL061874	UNNAMED	1874	09	28	00	00	28.2	-83.6	70	1
AL061874	UNNAMED	1874	09	28	03	00	29.1	-82.9	70	1
AL061874	UNNAMED	1874	09	28	06	00	29.8	-82.3	60	0
AL061874	UNNAMED	1874	09	28	12	00	31.4	-81	70	1
AL061874	UNNAMED	1874	09	28	18	00	32.8	-80	80	1
AL061874	UNNAMED	1874	09	29	00	00	34	-79	70	1
AL061874	UNNAMED	1874	09	29	06	00	35.2	-78	60	0
AL061874	UNNAMED	1874	09	29	12	00	36.8	-77	50	0
AL061874	UNNAMED	1874	09	29	18	00	38.9	-75.5	50	0
AL061874	UNNAMED	1874	09	30	00	00	40.9	-73.6	60	0
AL061874	UNNAMED	1874	09	30	06	00	42.7	-71.6	60	0
AL061874	UNNAMED	1874	09	30	12	00	44.3	-70	60	0
AL061874	UNNAMED	1874	09	30	18	00	46	-68	60	0
AL061874	UNNAMED	1874	10	01	00	00	48	-65.5	50	0
AL061874	UNNAMED	1874	10	01	06	00	50	-63	50	0
