AL061870	UNNAMED	1870	10	05	00	00	17.5	-74	40	0
AL061870	UNNAMED	1870	10	05	06	00	18.1	-75	40	0
AL061870	UNNAMED	1870	10	05	12	00	18.7	-76	50	0
AL061870	UNNAMED	1870	10	05	18	00	19.1	-77	50	0
AL061870	UNNAMED	1870	10	06	00	00	19.5	-78	60	0
AL061870	UNNAMED	1870	10	06	06	00	20	-79.1	60	0
AL061870	UNNAMED	1870	10	06	12	00	20.5	-80	70	1
AL061870	UNNAMED	1870	10	06	18	00	21	-80.4	70	1
AL061870	UNNAMED	1870	10	07	00	00	21.4	-80.9	80	1
AL061870	UNNAMED	1870	10	07	06	00	21.7	-81.3	90	2
AL061870	UNNAMED	1870	10	07	12	00	22.1	-81.6	100	3
AL061870	UNNAMED	1870	10	07	18	00	22.4	-81.9	100	3
AL061870	UNNAMED	1870	10	08	00	00	22.7	-82.1	90	2
AL061870	UNNAMED	1870	10	08	06	00	23.1	-82.1	80	1
AL061870	UNNAMED	1870	10	08	12	00	23.4	-82	90	2
AL061870	UNNAMED	1870	10	08	18	00	23.7	-81.9	90	2
AL061870	UNNAMED	1870	10	09	00	00	23.9	-81.8	90	2
AL061870	UNNAMED	1870	10	09	06	00	24.1	-81.6	90	2
AL061870	UNNAMED	1870	10	09	12	00	24.2	-81.4	90	2
AL061870	UNNAMED	1870	10	09	18	00	24.4	-81.1	90	2
AL061870	UNNAMED	1870	10	10	00	00	24.5	-81	90	2
AL061870	UNNAMED	1870	10	10	06	00	24.6	-80.8	90	2
AL061870	UNNAMED	1870	10	10	12	00	24.7	-80.6	90	2
AL061870	UNNAMED	1870	10	10	18	00	24.9	-80.3	90	2
AL061870	UNNAMED	1870	10	11	00	00	25.1	-80	90	2
AL061870	UNNAMED	1870	10	11	06	00	25.2	-79.8	90	2
AL061870	UNNAMED	1870	10	11	12	00	25.5	-79.5	90	2
AL061870	UNNAMED	1870	10	11	18	00	25.8	-79	90	2
AL061870	UNNAMED	1870	10	12	00	00	26.2	-78.6	90	2
AL061870	UNNAMED	1870	10	12	06	00	26.5	-78.1	90	2
AL061870	UNNAMED	1870	10	12	12	00	26.8	-77.6	80	1
AL061870	UNNAMED	1870	10	12	18	00	27.3	-77	80	1
AL061870	UNNAMED	1870	10	13	00	00	27.8	-76.3	80	1
AL061870	UNNAMED	1870	10	13	06	00	28.3	-75.6	80	1
AL061870	UNNAMED	1870	10	13	12	00	28.9	-74.9	70	1
AL061870	UNNAMED	1870	10	13	18	00	29.5	-74	70	1
AL061870	UNNAMED	1870	10	14	00	00	30.1	-72.9	70	1
AL061870	UNNAMED	1870	10	14	06	00	30.7	-71.8	70	1
AL061870	UNNAMED	1870	10	14	12	00	31.4	-70.5	70	1
AL061870	UNNAMED	1870	10	14	18	00	32.2	-69.1	70	1
