id,name,year,month,day,hour,minute,lat,lon,max_sustained_wind_kts,sshws
AL061991,CLAUDETTE,1991,09,04,12,00,26.7,-55.9,25,0
AL061991,CLAUDETTE,1991,09,04,18,00,26.8,-55.7,30,0
AL061991,CLAUDETTE,1991,09,05,00,00,26.7,-55.6,30,0
AL061991,CLAUDETTE,1991,09,05,06,00,26.5,-55.7,30,0
AL061991,CLAUDETTE,1991,09,05,12,00,26.2,-56,35,0
AL061991,CLAUDETTE,1991,09,05,18,00,26,-56.5,40,0
AL061991,CLAUDETTE,1991,09,06,00,00,25.9,-57.1,50,0
AL061991,CLAUDETTE,1991,09,06,06,00,26,-57.9,60,0
AL061991,CLAUDETTE,1991,09,06,12,00,26.2,-58.8,75,1
AL061991,CLAUDETTE,1991,09,06,18,00,26.4,-59.7,95,2
AL061991,CLAUDETTE,1991,09,07,00,00,26.6,-60.3,105,3
AL061991,CLAUDETTE,1991,09,07,06,00,26.8,-61,110,3
AL061991,CLAUDETTE,1991,09,07,10,00,27,-61.5,115,4
AL061991,CLAUDETTE,1991,09,07,12,00,27.2,-61.7,115,4
AL061991,CLAUDETTE,1991,09,07,18,00,27.7,-62.4,100,3
AL061991,CLAUDETTE,1991,09,08,00,00,28.4,-62.8,90,2
AL061991,CLAUDETTE,1991,09,08,06,00,29.2,-63.1,85,2
AL061991,CLAUDETTE,1991,09,08,12,00,30,-63.3,85,2
AL061991,CLAUDETTE,1991,09,08,18,00,31,-63.2,80,1
AL061991,CLAUDETTE,1991,09,09,00,00,31.9,-62.5,80,1
AL061991,CLAUDETTE,1991,09,09,06,00,32.9,-61.4,75,1
AL061991,CLAUDETTE,1991,09,09,12,00,33.8,-60.5,75,1
AL061991,CLAUDETTE,1991,09,09,18,00,34.2,-59,75,1
AL061991,CLAUDETTE,1991,09,10,00,00,34.3,-57.4,70,1
AL061991,CLAUDETTE,1991,09,10,06,00,33.9,-56,60,0
AL061991,CLAUDETTE,1991,09,10,12,00,33.5,-54,55,0
AL061991,CLAUDETTE,1991,09,10,18,00,33.4,-51.8,45,0
AL061991,CLAUDETTE,1991,09,11,00,00,33.6,-48.8,40,0
AL061991,CLAUDETTE,1991,09,11,06,00,33.9,-46.1,40,0
AL061991,CLAUDETTE,1991,09,11,12,00,34.3,-43.4,35,0
AL061991,CLAUDETTE,1991,09,11,18,00,34.5,-40.5,30,0
AL061991,CLAUDETTE,1991,09,12,00,00,34.5,-38.3,30,0
AL061991,CLAUDETTE,1991,09,12,06,00,34.2,-36.5,30,0
AL061991,CLAUDETTE,1991,09,12,12,00,33.9,-34.7,30,0
AL061991,CLAUDETTE,1991,09,12,18,00,34.3,-33.1,30,0
AL061991,CLAUDETTE,1991,09,13,00,00,34.7,-31.9,25,0
AL061991,CLAUDETTE,1991,09,13,06,00,35.2,-30.7,25,0
AL061991,CLAUDETTE,1991,09,13,12,00,35.6,-29.6,20,0
AL061991,CLAUDETTE,1991,09,13,18,00,36,-28.4,20,0
AL061991,CLAUDETTE,1991,09,14,00,00,36.2,-27.3,20,0
AL061991,CLAUDETTE,1991,09,14,06,00,36.3,-26.5,15,0
AL061991,CLAUDETTE,1991,09,14,12,00,36.8,-26.1,15,0
AL061991,CLAUDETTE,1991,09,14,18,00,37,-25.9,15,0
