AL061881	UNNAMED	1881	09	07	00	00	23.7	-69	70	1
AL061881	UNNAMED	1881	09	07	06	00	25	-70	70	1
AL061881	UNNAMED	1881	09	07	12	00	26.2	-71	70	1
AL061881	UNNAMED	1881	09	07	18	00	27.4	-72.1	70	1
AL061881	UNNAMED	1881	09	08	00	00	28.6	-73.5	80	1
AL061881	UNNAMED	1881	09	08	06	00	30.1	-75	80	1
AL061881	UNNAMED	1881	09	08	12	00	31	-75.8	80	1
AL061881	UNNAMED	1881	09	08	18	00	31.6	-76.1	80	1
AL061881	UNNAMED	1881	09	09	00	00	32	-76.5	90	2
AL061881	UNNAMED	1881	09	09	06	00	32.8	-77	90	2
AL061881	UNNAMED	1881	09	09	12	00	33.3	-77.5	90	2
AL061881	UNNAMED	1881	09	09	16	00	33.9	-78.1	90	2
AL061881	UNNAMED	1881	09	09	18	00	34.2	-78.1	80	1
AL061881	UNNAMED	1881	09	10	00	00	35.2	-77.5	60	0
AL061881	UNNAMED	1881	09	10	06	00	36.2	-76.9	50	0
AL061881	UNNAMED	1881	09	10	12	00	37	-76	50	0
AL061881	UNNAMED	1881	09	10	18	00	38	-74.6	50	0
AL061881	UNNAMED	1881	09	11	00	00	39	-73.3	50	0
AL061881	UNNAMED	1881	09	11	06	00	39.9	-71.8	50	0
AL061881	UNNAMED	1881	09	11	12	00	40.5	-70.5	50	0
AL061881	UNNAMED	1881	09	11	18	00	41.5	-69	50	0
