id,name,year,month,day,hour,minute,lat,lon,max_sustained_wind_kts,sshws
AL061877,UNNAMED,1877,10,13,00,00,27,-48,50,0
AL061877,UNNAMED,1877,10,13,06,00,28.1,-48.8,50,0
AL061877,UNNAMED,1877,10,13,12,00,29.3,-49.7,50,0
AL061877,UNNAMED,1877,10,13,18,00,30.5,-50.4,50,0
AL061877,UNNAMED,1877,10,14,00,00,31.8,-51,50,0
AL061877,UNNAMED,1877,10,14,06,00,33,-51.8,50,0
AL061877,UNNAMED,1877,10,14,12,00,34.7,-52.2,50,0
AL061877,UNNAMED,1877,10,14,18,00,35.7,-52.7,50,0
AL061877,UNNAMED,1877,10,15,00,00,36.5,-52.8,50,0
AL061877,UNNAMED,1877,10,15,06,00,37.2,-52.9,50,0
AL061877,UNNAMED,1877,10,15,12,00,37.8,-53,50,0
AL061877,UNNAMED,1877,10,15,18,00,38.5,-52.9,50,0
AL061877,UNNAMED,1877,10,16,00,00,39.4,-52.7,50,0
AL061877,UNNAMED,1877,10,16,06,00,40.5,-52.2,50,0
AL061877,UNNAMED,1877,10,16,12,00,41.7,-51.4,50,0
AL061877,UNNAMED,1877,10,16,18,00,42.7,-50.4,50,0
AL061877,UNNAMED,1877,10,17,00,00,43.8,-48.9,50,0
AL061877,UNNAMED,1877,10,17,06,00,44.5,-47.2,50,0
AL061877,UNNAMED,1877,10,17,12,00,45.3,-45.4,50,0
AL061877,UNNAMED,1877,10,17,18,00,46,-42.8,50,0
AL061877,UNNAMED,1877,10,18,00,00,46.8,-40.4,50,0
AL061877,UNNAMED,1877,10,18,06,00,47.4,-37.9,50,0
AL061877,UNNAMED,1877,10,18,12,00,47.8,-35.7,50,0
AL061877,UNNAMED,1877,10,18,18,00,48.3,-32.7,50,0
