AL061940	UNNAMED	1940	09	18	12	00	12	-81.5	25	0
AL061940	UNNAMED	1940	09	18	18	00	12.2	-81.9	25	0
AL061940	UNNAMED	1940	09	19	00	00	12.4	-82.4	30	0
AL061940	UNNAMED	1940	09	19	06	00	12.7	-82.9	35	0
AL061940	UNNAMED	1940	09	19	12	00	13.2	-83.4	40	0
AL061940	UNNAMED	1940	09	19	18	00	14	-84.1	35	0
AL061940	UNNAMED	1940	09	20	00	00	14.8	-84.8	30	0
AL061940	UNNAMED	1940	09	20	06	00	15.5	-85.4	30	0
AL061940	UNNAMED	1940	09	20	12	00	16.3	-86	35	0
AL061940	UNNAMED	1940	09	20	18	00	17.1	-86.7	40	0
AL061940	UNNAMED	1940	09	21	00	00	17.9	-87.4	45	0
AL061940	UNNAMED	1940	09	21	06	00	18.6	-88.2	40	0
AL061940	UNNAMED	1940	09	21	12	00	19.4	-89	30	0
AL061940	UNNAMED	1940	09	21	18	00	20.2	-90	30	0
AL061940	UNNAMED	1940	09	22	00	00	21	-91	30	0
AL061940	UNNAMED	1940	09	22	06	00	21.9	-92	35	0
AL061940	UNNAMED	1940	09	22	12	00	23	-93	40	0
AL061940	UNNAMED	1940	09	22	18	00	24.2	-93.9	40	0
AL061940	UNNAMED	1940	09	23	00	00	25.6	-94.7	40	0
AL061940	UNNAMED	1940	09	23	06	00	26.9	-95.1	40	0
AL061940	UNNAMED	1940	09	23	12	00	28	-95.1	40	0
AL061940	UNNAMED	1940	09	23	18	00	28.8	-95	40	0
AL061940	UNNAMED	1940	09	24	00	00	29.3	-94.5	40	0
AL061940	UNNAMED	1940	09	24	06	00	29.7	-93.8	40	0
AL061940	UNNAMED	1940	09	24	09	00	29.8	-93.4	40	0
AL061940	UNNAMED	1940	09	24	12	00	30.2	-92.9	35	0
AL061940	UNNAMED	1940	09	24	18	00	30.8	-91.8	30	0
AL061940	UNNAMED	1940	09	25	00	00	31.4	-90.5	20	0
AL061940	UNNAMED	1940	09	25	06	00	32	-88.5	15	0
