id,name,year,month,day,hour,minute,lat,lon,max_sustained_wind_kts,sshws
AL061891,UNNAMED,1891,09,29,06,00,20.7,-54.6,35,0
AL061891,UNNAMED,1891,09,29,12,00,21.2,-54.7,35,0
AL061891,UNNAMED,1891,09,29,18,00,21.7,-55,40,0
AL061891,UNNAMED,1891,09,30,00,00,22.2,-55.4,45,0
AL061891,UNNAMED,1891,09,30,06,00,22.8,-55.8,45,0
AL061891,UNNAMED,1891,09,30,12,00,23.3,-56.2,50,0
AL061891,UNNAMED,1891,09,30,18,00,23.8,-56.6,50,0
AL061891,UNNAMED,1891,10,01,00,00,24.4,-57.1,55,0
AL061891,UNNAMED,1891,10,01,06,00,24.9,-57.6,60,0
AL061891,UNNAMED,1891,10,01,12,00,25.5,-58.2,60,0
AL061891,UNNAMED,1891,10,01,18,00,26.1,-59,65,1
AL061891,UNNAMED,1891,10,02,00,00,26.6,-59.7,70,1
AL061891,UNNAMED,1891,10,02,06,00,27.1,-60.4,75,1
AL061891,UNNAMED,1891,10,02,12,00,27.7,-61.3,80,1
AL061891,UNNAMED,1891,10,02,18,00,28.3,-62,80,1
AL061891,UNNAMED,1891,10,03,00,00,28.9,-62.7,85,2
AL061891,UNNAMED,1891,10,03,06,00,29.4,-63.4,85,2
AL061891,UNNAMED,1891,10,03,12,00,30,-64,85,2
AL061891,UNNAMED,1891,10,03,18,00,30.8,-64.6,85,2
AL061891,UNNAMED,1891,10,04,00,00,31.8,-65.4,85,2
AL061891,UNNAMED,1891,10,04,06,00,32.7,-66,85,2
AL061891,UNNAMED,1891,10,04,12,00,33.5,-66.7,85,2
AL061891,UNNAMED,1891,10,04,18,00,34.6,-67.5,85,2
AL061891,UNNAMED,1891,10,05,00,00,35.3,-68.1,85,2
AL061891,UNNAMED,1891,10,05,06,00,36.5,-68.7,85,2
AL061891,UNNAMED,1891,10,05,12,00,38,-68.8,75,1
AL061891,UNNAMED,1891,10,05,18,00,39.9,-67.8,65,1
AL061891,UNNAMED,1891,10,06,00,00,42.5,-65,55,0
AL061891,UNNAMED,1891,10,06,06,00,45.3,-61.6,50,0
AL061891,UNNAMED,1891,10,06,12,00,47.2,-58,50,0
AL061891,UNNAMED,1891,10,06,18,00,48.4,-54.9,50,0
AL061891,UNNAMED,1891,10,07,00,00,49.6,-51.7,50,0
AL061891,UNNAMED,1891,10,07,06,00,50.6,-48.4,50,0
AL061891,UNNAMED,1891,10,07,12,00,51.6,-45,50,0
AL061891,UNNAMED,1891,10,07,18,00,52.5,-41.4,50,0
AL061891,UNNAMED,1891,10,08,00,00,53.4,-37.3,50,0
AL061891,UNNAMED,1891,10,08,06,00,54.2,-33.1,50,0
AL061891,UNNAMED,1891,10,08,12,00,55.2,-29.5,50,0
AL061891,UNNAMED,1891,10,08,18,00,56.8,-25.5,45,0
