AL062011	FRANKLIN	2011	08	12	12	00	34.7	-66	25	0
AL062011	FRANKLIN	2011	08	12	18	00	35.6	-64.7	30	0
AL062011	FRANKLIN	2011	08	13	00	00	36.6	-63	30	0
AL062011	FRANKLIN	2011	08	13	06	00	37.6	-61.1	35	0
AL062011	FRANKLIN	2011	08	13	12	00	38.6	-59	40	0
AL062011	FRANKLIN	2011	08	13	18	00	39.6	-56.3	40	0
AL062011	FRANKLIN	2011	08	14	00	00	40.2	-53.2	35	0
AL062011	FRANKLIN	2011	08	14	06	00	40.4	-49.9	35	0
AL062011	FRANKLIN	2011	08	14	12	00	40	-47	30	0
AL062011	FRANKLIN	2011	08	14	18	00	39.4	-44.6	30	0
AL062011	FRANKLIN	2011	08	15	00	00	38.8	-42.5	30	0
AL062011	FRANKLIN	2011	08	15	06	00	38.1	-40.8	25	0
AL062011	FRANKLIN	2011	08	15	12	00	37.3	-39.2	25	0
AL062011	FRANKLIN	2011	08	15	18	00	36.6	-38.2	25	0
AL062011	FRANKLIN	2011	08	16	00	00	35.6	-37.9	25	0
