id,name,year,month,day,hour,minute,lat,lon,max_sustained_wind_kts,sshws
AL061965,ELENA,1965,10,12,12,00,15.6,-45.5,30,0
AL061965,ELENA,1965,10,12,18,00,18,-47,30,0
AL061965,ELENA,1965,10,13,00,00,19.1,-48.6,30,0
AL061965,ELENA,1965,10,13,06,00,19.8,-50.4,30,0
AL061965,ELENA,1965,10,13,12,00,20.5,-52,30,0
AL061965,ELENA,1965,10,13,18,00,21.2,-53.1,30,0
AL061965,ELENA,1965,10,14,00,00,22,-54.1,40,0
AL061965,ELENA,1965,10,14,06,00,23.1,-55.1,40,0
AL061965,ELENA,1965,10,14,12,00,24,-56,40,0
AL061965,ELENA,1965,10,14,18,00,24.5,-56.8,40,0
AL061965,ELENA,1965,10,15,00,00,24.9,-57.4,40,0
AL061965,ELENA,1965,10,15,06,00,25.4,-58,40,0
AL061965,ELENA,1965,10,15,12,00,25.9,-58.5,45,0
AL061965,ELENA,1965,10,15,18,00,26.3,-58.9,50,0
AL061965,ELENA,1965,10,16,00,00,26.7,-59.2,55,0
AL061965,ELENA,1965,10,16,06,00,27.3,-59.7,65,1
AL061965,ELENA,1965,10,16,12,00,28,-60.3,65,1
AL061965,ELENA,1965,10,16,18,00,28.8,-60.2,65,1
AL061965,ELENA,1965,10,17,00,00,30,-59.4,65,1
AL061965,ELENA,1965,10,17,06,00,31.5,-58.3,65,1
AL061965,ELENA,1965,10,17,12,00,33,-56.3,70,1
AL061965,ELENA,1965,10,17,18,00,34.4,-53.4,70,1
AL061965,ELENA,1965,10,18,00,00,35.8,-50,70,1
AL061965,ELENA,1965,10,18,06,00,37.3,-46.4,70,1
AL061965,ELENA,1965,10,18,12,00,39,-42.5,70,1
AL061965,ELENA,1965,10,18,18,00,41,-37.9,70,1
AL061965,ELENA,1965,10,19,00,00,43.5,-32.5,70,1
