AL062002	FAY	2002	09	05	18	00	28	-93.8	30	0
AL062002	FAY	2002	09	06	00	00	27.8	-93.9	35	0
AL062002	FAY	2002	09	06	06	00	27.6	-94.1	45	0
AL062002	FAY	2002	09	06	12	00	27.7	-94.5	50	0
AL062002	FAY	2002	09	06	18	00	27.8	-94.7	50	0
AL062002	FAY	2002	09	07	00	00	27.9	-95	50	0
AL062002	FAY	2002	09	07	06	00	28.1	-95.6	50	0
AL062002	FAY	2002	09	07	09	00	28.5	-96.3	50	0
AL062002	FAY	2002	09	07	12	00	29.1	-96.9	30	0
AL062002	FAY	2002	09	07	18	00	28.9	-98.5	25	0
AL062002	FAY	2002	09	08	00	00	28.9	-98.9	20	0
AL062002	FAY	2002	09	08	06	00	28.7	-99.3	15	0
AL062002	FAY	2002	09	08	12	00	29	-99.5	10	0
AL062002	FAY	2002	09	08	18	00	28.9	-99.1	10	0
AL062002	FAY	2002	09	09	00	00	28.5	-99.2	10	0
AL062002	FAY	2002	09	09	06	00	28.3	-99.2	10	0
AL062002	FAY	2002	09	09	12	00	28.1	-99.4	10	0
AL062002	FAY	2002	09	09	18	00	27.8	-99.6	10	0
AL062002	FAY	2002	09	10	00	00	27.4	-99.5	10	0
AL062002	FAY	2002	09	10	06	00	27	-99.3	10	0
AL062002	FAY	2002	09	10	12	00	26.8	-99.8	10	0
AL062002	FAY	2002	09	10	18	00	26.6	-100.4	10	0
AL062002	FAY	2002	09	11	00	00	26.5	-101	10	0
