id,name,year,month,day,hour,minute,lat,lon,max_sustained_wind_kts,sshws
AL061980,BONNIE,1980,08,14,00,00,12.7,-35.5,25,0
AL061980,BONNIE,1980,08,14,06,00,13.5,-36.6,30,0
AL061980,BONNIE,1980,08,14,12,00,14.7,-37.3,35,0
AL061980,BONNIE,1980,08,14,18,00,15.7,-37.5,45,0
AL061980,BONNIE,1980,08,15,00,00,16.7,-37.8,45,0
AL061980,BONNIE,1980,08,15,06,00,17.7,-37.9,45,0
AL061980,BONNIE,1980,08,15,12,00,18.8,-38.1,45,0
AL061980,BONNIE,1980,08,15,18,00,20.4,-38.5,55,0
AL061980,BONNIE,1980,08,16,00,00,22,-38.7,75,1
AL061980,BONNIE,1980,08,16,06,00,23.7,-38.9,85,2
AL061980,BONNIE,1980,08,16,12,00,24.8,-39.1,85,2
AL061980,BONNIE,1980,08,16,18,00,25.8,-39.4,85,2
AL061980,BONNIE,1980,08,17,00,00,27,-39.7,75,1
AL061980,BONNIE,1980,08,17,06,00,28,-40,65,1
AL061980,BONNIE,1980,08,17,12,00,29,-40.3,65,1
AL061980,BONNIE,1980,08,17,18,00,30,-40.5,65,1
AL061980,BONNIE,1980,08,18,00,00,31.1,-40.5,65,1
AL061980,BONNIE,1980,08,18,06,00,32.4,-40.5,65,1
AL061980,BONNIE,1980,08,18,12,00,34,-40.5,65,1
AL061980,BONNIE,1980,08,18,18,00,35.9,-40.5,65,1
AL061980,BONNIE,1980,08,19,00,00,38.2,-40.2,65,1
AL061980,BONNIE,1980,08,19,06,00,41.9,-39.8,65,1
AL061980,BONNIE,1980,08,19,12,00,46.5,-38.4,65,1
AL061980,BONNIE,1980,08,19,18,00,51,-36,45,0
