AL061875	UNNAMED	1875	10	12	00	00	27.3	-74.8	50	0
AL061875	UNNAMED	1875	10	12	06	00	28	-74.9	50	0
AL061875	UNNAMED	1875	10	12	12	00	28.7	-75	50	0
AL061875	UNNAMED	1875	10	12	18	00	29.1	-75	50	0
AL061875	UNNAMED	1875	10	13	00	00	29.5	-75.1	60	0
AL061875	UNNAMED	1875	10	13	06	00	29.9	-75.1	60	0
AL061875	UNNAMED	1875	10	13	12	00	30.3	-75	60	0
AL061875	UNNAMED	1875	10	13	18	00	31.1	-74.9	60	0
AL061875	UNNAMED	1875	10	14	00	00	31.9	-74.8	70	1
AL061875	UNNAMED	1875	10	14	06	00	32.5	-74.6	70	1
AL061875	UNNAMED	1875	10	14	12	00	33.3	-74.5	70	1
AL061875	UNNAMED	1875	10	14	18	00	34.5	-74.1	70	1
AL061875	UNNAMED	1875	10	15	00	00	35.4	-73.6	60	0
AL061875	UNNAMED	1875	10	15	06	00	36.4	-73.1	60	0
AL061875	UNNAMED	1875	10	15	12	00	37.5	-72.3	60	0
AL061875	UNNAMED	1875	10	15	18	00	39.7	-71	60	0
AL061875	UNNAMED	1875	10	16	00	00	42.2	-68.5	50	0
AL061875	UNNAMED	1875	10	16	06	00	44.4	-65.5	50	0
AL061875	UNNAMED	1875	10	16	12	00	46.2	-62.2	40	0
AL061875	UNNAMED	1875	10	16	18	00	48	-59	40	0
