AL062005	FRANKLIN	2005	07	21	18	00	25	-75	30	0
AL062005	FRANKLIN	2005	07	22	00	00	25.7	-75.9	40	0
AL062005	FRANKLIN	2005	07	22	06	00	26.2	-76.4	40	0
AL062005	FRANKLIN	2005	07	22	12	00	26.6	-76.8	45	0
AL062005	FRANKLIN	2005	07	22	18	00	27.4	-76.7	45	0
AL062005	FRANKLIN	2005	07	23	00	00	28.1	-76.6	45	0
AL062005	FRANKLIN	2005	07	23	06	00	28.7	-76.1	50	0
AL062005	FRANKLIN	2005	07	23	12	00	29.2	-75.4	60	0
AL062005	FRANKLIN	2005	07	23	18	00	29.7	-74.7	60	0
AL062005	FRANKLIN	2005	07	24	00	00	30.1	-73.5	55	0
AL062005	FRANKLIN	2005	07	24	06	00	30.3	-72.6	55	0
AL062005	FRANKLIN	2005	07	24	12	00	30.7	-71.9	45	0
AL062005	FRANKLIN	2005	07	24	18	00	31.1	-71.2	45	0
AL062005	FRANKLIN	2005	07	25	00	00	31.1	-71.2	40	0
AL062005	FRANKLIN	2005	07	25	06	00	31	-70.5	40	0
AL062005	FRANKLIN	2005	07	25	12	00	30.9	-69.8	40	0
AL062005	FRANKLIN	2005	07	25	18	00	30.9	-69.6	40	0
AL062005	FRANKLIN	2005	07	26	00	00	30.9	-68.6	35	0
AL062005	FRANKLIN	2005	07	26	06	00	31.2	-68.2	35	0
AL062005	FRANKLIN	2005	07	26	12	00	31.7	-68.1	35	0
AL062005	FRANKLIN	2005	07	26	18	00	32.2	-68.3	35	0
AL062005	FRANKLIN	2005	07	27	00	00	32.4	-68.5	40	0
AL062005	FRANKLIN	2005	07	27	06	00	32.8	-68.8	40	0
AL062005	FRANKLIN	2005	07	27	12	00	33.2	-69.1	45	0
AL062005	FRANKLIN	2005	07	27	18	00	33.6	-69.3	45	0
AL062005	FRANKLIN	2005	07	28	00	00	34.2	-69.4	50	0
AL062005	FRANKLIN	2005	07	28	06	00	35	-69.3	50	0
AL062005	FRANKLIN	2005	07	28	12	00	36	-69.1	45	0
AL062005	FRANKLIN	2005	07	28	18	00	37.1	-68	50	0
AL062005	FRANKLIN	2005	07	29	00	00	38.4	-66.6	50	0
AL062005	FRANKLIN	2005	07	29	06	00	39.6	-64.8	50	0
AL062005	FRANKLIN	2005	07	29	12	00	40.8	-62.8	50	0
AL062005	FRANKLIN	2005	07	29	18	00	42.2	-60.2	50	0
AL062005	FRANKLIN	2005	07	30	00	00	43.5	-57.5	50	0
AL062005	FRANKLIN	2005	07	30	06	00	44.7	-54.6	45	0
AL062005	FRANKLIN	2005	07	30	12	00	45.8	-51.7	40	0
AL062005	FRANKLIN	2005	07	30	18	00	46.4	-48.8	40	0
AL062005	FRANKLIN	2005	07	31	00	00	47.5	-46	40	0
