AL061908	UNNAMED	1908	09	07	12	00	15.4	-51.7	40	0
AL061908	UNNAMED	1908	09	07	18	00	15.9	-52.8	40	0
AL061908	UNNAMED	1908	09	08	00	00	16.3	-53.8	40	0
AL061908	UNNAMED	1908	09	08	06	00	16.7	-54.8	40	0
AL061908	UNNAMED	1908	09	08	12	00	17	-55.8	45	0
AL061908	UNNAMED	1908	09	08	18	00	17.2	-56.6	45	0
AL061908	UNNAMED	1908	09	09	00	00	17.4	-57.3	45	0
AL061908	UNNAMED	1908	09	09	06	00	17.6	-58	50	0
AL061908	UNNAMED	1908	09	09	12	00	18	-59.5	55	0
AL061908	UNNAMED	1908	09	09	18	00	18.3	-60.5	55	0
AL061908	UNNAMED	1908	09	10	00	00	18.7	-63	60	0
AL061908	UNNAMED	1908	09	10	06	00	19	-65	60	0
AL061908	UNNAMED	1908	09	10	12	00	19.4	-66.8	60	0
AL061908	UNNAMED	1908	09	10	18	00	19.7	-68	60	0
AL061908	UNNAMED	1908	09	11	00	00	19.8	-69.2	60	0
AL061908	UNNAMED	1908	09	11	06	00	20.1	-70.7	65	1
AL061908	UNNAMED	1908	09	11	12	00	20.5	-72	75	1
AL061908	UNNAMED	1908	09	11	18	00	21	-72.9	85	2
AL061908	UNNAMED	1908	09	12	00	00	21.5	-73.7	95	2
AL061908	UNNAMED	1908	09	12	06	00	21.9	-74.3	95	2
AL061908	UNNAMED	1908	09	12	12	00	22.5	-75	100	3
AL061908	UNNAMED	1908	09	12	18	00	22.9	-75.5	100	3
AL061908	UNNAMED	1908	09	13	00	00	23.2	-75.8	105	3
AL061908	UNNAMED	1908	09	13	06	00	23.8	-76.1	105	3
AL061908	UNNAMED	1908	09	13	12	00	24.5	-76.1	105	3
AL061908	UNNAMED	1908	09	13	18	00	25.1	-75.9	105	3
AL061908	UNNAMED	1908	09	14	00	00	25.7	-75.5	105	3
AL061908	UNNAMED	1908	09	14	06	00	26.2	-75.1	105	3
AL061908	UNNAMED	1908	09	14	12	00	26.7	-74.5	105	3
AL061908	UNNAMED	1908	09	14	18	00	27.5	-73.6	100	3
AL061908	UNNAMED	1908	09	15	00	00	28.4	-72.6	100	3
AL061908	UNNAMED	1908	09	15	06	00	29.1	-71.8	95	2
AL061908	UNNAMED	1908	09	15	12	00	30	-71	90	2
AL061908	UNNAMED	1908	09	15	18	00	30.8	-70.2	85	2
AL061908	UNNAMED	1908	09	16	00	00	31.6	-69.4	85	2
AL061908	UNNAMED	1908	09	16	06	00	32.5	-68.6	80	1
AL061908	UNNAMED	1908	09	16	12	00	33.8	-67.7	80	1
AL061908	UNNAMED	1908	09	16	18	00	35.1	-67.2	75	1
AL061908	UNNAMED	1908	09	17	00	00	36.3	-66.8	75	1
AL061908	UNNAMED	1908	09	17	06	00	37.8	-66	70	1
AL061908	UNNAMED	1908	09	17	12	00	39.3	-65	70	1
AL061908	UNNAMED	1908	09	17	18	00	40.4	-63.9	70	1
AL061908	UNNAMED	1908	09	18	00	00	41.1	-62.9	70	1
AL061908	UNNAMED	1908	09	18	06	00	41.9	-61.8	70	1
AL061908	UNNAMED	1908	09	18	12	00	43	-60	70	1
AL061908	UNNAMED	1908	09	18	18	00	45.4	-57	60	0
AL061908	UNNAMED	1908	09	19	00	00	48.6	-53	55	0
AL061908	UNNAMED	1908	09	19	06	00	51.5	-49.6	55	0
AL061908	UNNAMED	1908	09	19	12	00	54	-46.5	50	0
AL061908	UNNAMED	1908	09	19	18	00	56.2	-43.8	50	0
