id,name,year,month,day,hour,minute,lat,lon,max_sustained_wind_kts,sshws
AL062008,FAY,2008,08,15,12,00,18.4,-67.4,30,0
AL062008,FAY,2008,08,15,14,30,18.5,-68.4,35,0
AL062008,FAY,2008,08,15,18,00,18.5,-68.8,35,0
AL062008,FAY,2008,08,16,00,00,18.6,-70.2,40,0
AL062008,FAY,2008,08,16,06,00,18.7,-71.4,40,0
AL062008,FAY,2008,08,16,11,45,18.8,-72.8,40,0
AL062008,FAY,2008,08,16,12,00,18.8,-72.9,40,0
AL062008,FAY,2008,08,16,18,00,19.1,-74.6,40,0
AL062008,FAY,2008,08,17,00,00,19.3,-75.7,45,0
AL062008,FAY,2008,08,17,06,00,19.6,-76.9,45,0
AL062008,FAY,2008,08,17,09,00,19.9,-77.4,45,0
AL062008,FAY,2008,08,17,12,00,20,-78.1,45,0
AL062008,FAY,2008,08,17,18,00,20.7,-79.6,45,0
AL062008,FAY,2008,08,18,00,00,21.1,-80.3,45,0
AL062008,FAY,2008,08,18,06,00,21.9,-80.8,45,0
AL062008,FAY,2008,08,18,07,00,22.1,-80.8,45,0
AL062008,FAY,2008,08,18,12,00,23.2,-81.2,50,0
AL062008,FAY,2008,08,18,18,00,24.3,-81.7,50,0
AL062008,FAY,2008,08,18,20,30,24.5,-81.8,50,0
AL062008,FAY,2008,08,19,00,00,25,-81.9,50,0
AL062008,FAY,2008,08,19,06,00,25.5,-81.8,55,0
AL062008,FAY,2008,08,19,08,45,25.9,-81.6,55,0
AL062008,FAY,2008,08,19,12,00,26.4,-81.4,55,0
AL062008,FAY,2008,08,19,18,00,27,-81.1,60,0
AL062008,FAY,2008,08,20,00,00,27.5,-80.9,55,0
AL062008,FAY,2008,08,20,06,00,28,-80.6,50,0
AL062008,FAY,2008,08,20,12,00,28.4,-80.6,45,0
AL062008,FAY,2008,08,20,18,00,28.7,-80.6,45,0
AL062008,FAY,2008,08,21,00,00,28.9,-80.5,50,0
AL062008,FAY,2008,08,21,06,00,29.1,-80.7,50,0
AL062008,FAY,2008,08,21,12,00,29.2,-80.7,50,0
AL062008,FAY,2008,08,21,18,00,29.3,-81,55,0
AL062008,FAY,2008,08,21,19,00,29.3,-81.1,55,0
AL062008,FAY,2008,08,22,00,00,29.3,-81.2,50,0
AL062008,FAY,2008,08,22,06,00,29.5,-81.9,50,0
AL062008,FAY,2008,08,22,12,00,29.6,-82.4,45,0
AL062008,FAY,2008,08,22,18,00,29.8,-83,40,0
AL062008,FAY,2008,08,23,00,00,29.7,-83.8,45,0
AL062008,FAY,2008,08,23,06,00,29.8,-84.7,45,0
AL062008,FAY,2008,08,23,06,15,29.8,-84.7,45,0
AL062008,FAY,2008,08,23,12,00,30,-85.2,40,0
AL062008,FAY,2008,08,23,18,00,30.5,-85.9,40,0
AL062008,FAY,2008,08,24,00,00,30.8,-86.7,30,0
AL062008,FAY,2008,08,24,06,00,31.1,-87.7,30,0
AL062008,FAY,2008,08,24,12,00,31.8,-88.4,30,0
AL062008,FAY,2008,08,24,18,00,31.5,-89.7,30,0
AL062008,FAY,2008,08,25,00,00,31.3,-90,30,0
AL062008,FAY,2008,08,25,06,00,31.5,-89.9,30,0
AL062008,FAY,2008,08,25,12,00,32,-89.4,25,0
AL062008,FAY,2008,08,25,18,00,32.4,-89,25,0
AL062008,FAY,2008,08,26,00,00,32.7,-88.6,20,0
AL062008,FAY,2008,08,26,06,00,33.3,-87.9,20,0
AL062008,FAY,2008,08,26,12,00,33.9,-87.2,20,0
AL062008,FAY,2008,08,26,18,00,34.6,-86.5,20,0
AL062008,FAY,2008,08,27,00,00,35,-85.8,15,0
AL062008,FAY,2008,08,27,06,00,35.5,-85.1,15,0
AL062008,FAY,2008,08,27,12,00,36.1,-84.4,15,0
AL062008,FAY,2008,08,27,18,00,36.9,-83.6,15,0
AL062008,FAY,2008,08,28,00,00,37.4,-83.2,15,0
AL062008,FAY,2008,08,28,06,00,37.7,-82.6,15,0
