id,name,year,month,day,hour,minute,lat,lon,max_sustained_wind_kts,sshws
AL061969,ANNA,1969,07,25,06,00,9.2,-27,30,0
AL061969,ANNA,1969,07,25,12,00,9,-28,30,0
AL061969,ANNA,1969,07,25,18,00,9.1,-29.3,30,0
AL061969,ANNA,1969,07,26,00,00,9.3,-30.2,30,0
AL061969,ANNA,1969,07,26,06,00,9.5,-31.5,30,0
AL061969,ANNA,1969,07,26,12,00,10,-32.8,30,0
AL061969,ANNA,1969,07,26,18,00,10.4,-34,30,0
AL061969,ANNA,1969,07,27,00,00,10.8,-35,30,0
AL061969,ANNA,1969,07,27,06,00,11.2,-36,35,0
AL061969,ANNA,1969,07,27,12,00,11.4,-36.4,35,0
AL061969,ANNA,1969,07,27,18,00,11.6,-37,40,0
AL061969,ANNA,1969,07,28,00,00,12,-38,40,0
AL061969,ANNA,1969,07,28,06,00,12.3,-39.2,45,0
AL061969,ANNA,1969,07,28,12,00,12.7,-40.2,50,0
AL061969,ANNA,1969,07,28,18,00,13.1,-41.3,55,0
AL061969,ANNA,1969,07,29,00,00,13.5,-42.5,55,0
AL061969,ANNA,1969,07,29,06,00,13.9,-43.9,55,0
AL061969,ANNA,1969,07,29,12,00,14,-45,55,0
AL061969,ANNA,1969,07,29,18,00,14.2,-46,60,0
AL061969,ANNA,1969,07,30,00,00,14.5,-47.6,55,0
AL061969,ANNA,1969,07,30,06,00,14.7,-49.7,50,0
AL061969,ANNA,1969,07,30,12,00,15.1,-51.9,45,0
AL061969,ANNA,1969,07,30,18,00,15.7,-53.7,45,0
AL061969,ANNA,1969,07,31,00,00,16.5,-55.8,45,0
AL061969,ANNA,1969,07,31,06,00,17.8,-58.1,40,0
AL061969,ANNA,1969,07,31,12,00,19.1,-60.5,35,0
AL061969,ANNA,1969,07,31,18,00,20.5,-62.7,30,0
AL061969,ANNA,1969,08,01,00,00,21.7,-65.3,30,0
AL061969,ANNA,1969,08,01,06,00,23.6,-67,30,0
AL061969,ANNA,1969,08,01,12,00,25.2,-69.2,30,0
AL061969,ANNA,1969,08,01,18,00,27,-71.5,35,0
AL061969,ANNA,1969,08,02,00,00,28.7,-73.2,30,0
AL061969,ANNA,1969,08,02,06,00,29.9,-74.1,30,0
AL061969,ANNA,1969,08,02,12,00,31.2,-74.7,30,0
AL061969,ANNA,1969,08,02,18,00,32.6,-74.5,30,0
AL061969,ANNA,1969,08,03,00,00,34,-74,30,0
AL061969,ANNA,1969,08,03,06,00,36.5,-72.5,50,0
AL061969,ANNA,1969,08,03,12,00,39,-69.5,50,0
AL061969,ANNA,1969,08,03,18,00,40.9,-65.6,55,0
AL061969,ANNA,1969,08,04,00,00,41.5,-61.8,50,0
AL061969,ANNA,1969,08,04,06,00,42,-57.5,45,0
AL061969,ANNA,1969,08,04,12,00,42.5,-53,45,0
AL061969,ANNA,1969,08,04,18,00,43,-47,45,0
AL061969,ANNA,1969,08,05,00,00,43.5,-42,45,0
AL061969,ANNA,1969,08,05,06,00,44.5,-37,35,0
AL061969,ANNA,1969,08,05,12,00,45.5,-32,35,0
