AL061966	FAITH	1966	08	21	00	00	12.9	-20.5	25	0
AL061966	FAITH	1966	08	21	06	00	13.3	-22.3	25	0
AL061966	FAITH	1966	08	21	12	00	13.7	-24.2	25	0
AL061966	FAITH	1966	08	21	18	00	14	-26.1	25	0
AL061966	FAITH	1966	08	22	00	00	14.3	-28	35	0
AL061966	FAITH	1966	08	22	06	00	14.6	-29.9	35	0
AL061966	FAITH	1966	08	22	12	00	14.9	-31.9	35	0
AL061966	FAITH	1966	08	22	18	00	15	-33.9	40	0
AL061966	FAITH	1966	08	23	00	00	15.1	-35.8	50	0
AL061966	FAITH	1966	08	23	06	00	15.2	-37.8	50	0
AL061966	FAITH	1966	08	23	12	00	15.2	-39.8	65	1
AL061966	FAITH	1966	08	23	18	00	15.3	-41.8	65	1
AL061966	FAITH	1966	08	24	00	00	15.3	-43.8	80	1
AL061966	FAITH	1966	08	24	06	00	15.3	-45.7	80	1
AL061966	FAITH	1966	08	24	12	00	15.3	-47.7	80	1
AL061966	FAITH	1966	08	24	18	00	15.6	-49.8	85	2
AL061966	FAITH	1966	08	25	00	00	16	-52	85	2
AL061966	FAITH	1966	08	25	06	00	16.3	-54.1	90	2
AL061966	FAITH	1966	08	25	12	00	16.6	-56.2	90	2
AL061966	FAITH	1966	08	25	18	00	16.9	-57.9	90	2
AL061966	FAITH	1966	08	26	00	00	17.3	-59.4	90	2
AL061966	FAITH	1966	08	26	06	00	17.7	-60.8	85	2
AL061966	FAITH	1966	08	26	12	00	18.3	-62.2	80	1
AL061966	FAITH	1966	08	26	18	00	19	-63.7	75	1
AL061966	FAITH	1966	08	27	00	00	19.7	-65.1	75	1
AL061966	FAITH	1966	08	27	06	00	20.4	-66.3	75	1
AL061966	FAITH	1966	08	27	12	00	21	-67.5	75	1
AL061966	FAITH	1966	08	27	18	00	21.6	-68.7	75	1
AL061966	FAITH	1966	08	28	00	00	22.1	-69.8	80	1
AL061966	FAITH	1966	08	28	06	00	22.7	-70.5	90	2
AL061966	FAITH	1966	08	28	12	00	23.3	-70.7	110	3
AL061966	FAITH	1966	08	28	18	00	23.7	-70.9	110	3
AL061966	FAITH	1966	08	29	00	00	24	-71	105	3
AL061966	FAITH	1966	08	29	06	00	24.4	-71.1	100	3
AL061966	FAITH	1966	08	29	12	00	24.9	-71.3	100	3
AL061966	FAITH	1966	08	29	18	00	25.3	-71.5	100	3
AL061966	FAITH	1966	08	30	00	00	25.8	-71.8	95	2
AL061966	FAITH	1966	08	30	06	00	26.3	-72.1	95	2
AL061966	FAITH	1966	08	30	12	00	26.9	-72.4	95	2
AL061966	FAITH	1966	08	30	18	00	27.4	-72.7	90	2
AL061966	FAITH	1966	08	31	00	00	28	-73	90	2
AL061966	FAITH	1966	08	31	06	00	28.5	-73.3	90	2
AL061966	FAITH	1966	08	31	12	00	29.3	-73.6	90	2
AL061966	FAITH	1966	08	31	18	00	30.5	-73.3	90	2
AL061966	FAITH	1966	09	01	00	00	31.7	-72.4	90	2
AL061966	FAITH	1966	09	01	06	00	32.9	-71.4	95	2
AL061966	FAITH	1966	09	01	12	00	34	-70.3	95	2
AL061966	FAITH	1966	09	01	18	00	35	-69.2	95	2
AL061966	FAITH	1966	09	02	00	00	35.9	-68	95	2
AL061966	FAITH	1966	09	02	06	00	36.6	-66.8	95	2
AL061966	FAITH	1966	09	02	12	00	37	-65.2	95	2
AL061966	FAITH	1966	09	02	18	00	37.1	-63	90	2
AL061966	FAITH	1966	09	03	00	00	37.1	-60.1	90	2
AL061966	FAITH	1966	09	03	06	00	37.5	-57	90	2
AL061966	FAITH	1966	09	03	12	00	38.3	-54	90	2
AL061966	FAITH	1966	09	03	18	00	39.7	-51.1	90	2
AL061966	FAITH	1966	09	04	00	00	41.9	-48.1	90	2
AL061966	FAITH	1966	09	04	06	00	44.7	-44.9	90	2
AL061966	FAITH	1966	09	04	12	00	47.5	-41.5	90	2
AL061966	FAITH	1966	09	04	18	00	50.2	-37.8	90	2
AL061966	FAITH	1966	09	05	00	00	52.8	-33.8	90	2
AL061966	FAITH	1966	09	05	06	00	55.2	-29.4	90	2
AL061966	FAITH	1966	09	05	12	00	57.3	-24.5	90	2
AL061966	FAITH	1966	09	05	18	00	58.7	-19.4	90	2
AL061966	FAITH	1966	09	06	00	00	60.4	-12	90	2
AL061966	FAITH	1966	09	06	06	00	61.1	-6	65	1
AL061966	FAITH	1966	09	06	12	00	62.5	-3	55	0
AL061966	FAITH	1966	09	06	18	00	62.6	2.5	55	0
AL061966	FAITH	1966	09	07	00	00	62.9	7	40	0
