AL061931	UNNAMED	1931	09	06	18	00	12.4	-62.7	30	0
AL061931	UNNAMED	1931	09	07	00	00	12.8	-64.5	35	0
AL061931	UNNAMED	1931	09	07	06	00	13.2	-66.2	40	0
AL061931	UNNAMED	1931	09	07	12	00	13.5	-67.9	40	0
AL061931	UNNAMED	1931	09	07	18	00	13.8	-69.7	45	0
AL061931	UNNAMED	1931	09	08	00	00	14	-71.5	50	0
AL061931	UNNAMED	1931	09	08	06	00	14.2	-73.2	55	0
AL061931	UNNAMED	1931	09	08	12	00	14.5	-74.8	60	0
AL061931	UNNAMED	1931	09	08	18	00	14.8	-76.4	65	1
AL061931	UNNAMED	1931	09	09	00	00	15	-77.9	65	1
AL061931	UNNAMED	1931	09	09	06	00	15.2	-79.3	70	1
AL061931	UNNAMED	1931	09	09	12	00	15.5	-80.7	70	1
AL061931	UNNAMED	1931	09	09	18	00	15.8	-82.2	75	1
AL061931	UNNAMED	1931	09	10	00	00	16.2	-83.7	85	2
AL061931	UNNAMED	1931	09	10	06	00	16.6	-85.1	95	2
AL061931	UNNAMED	1931	09	10	12	00	17	-86.5	105	3
AL061931	UNNAMED	1931	09	10	18	00	17.4	-87.8	115	4
AL061931	UNNAMED	1931	09	11	00	00	17.9	-89.1	80	1
AL061931	UNNAMED	1931	09	11	06	00	18.5	-90.4	55	0
AL061931	UNNAMED	1931	09	11	12	00	19.1	-91.6	50	0
AL061931	UNNAMED	1931	09	11	18	00	19.8	-92.7	50	0
AL061931	UNNAMED	1931	09	12	00	00	20.6	-93.8	50	0
AL061931	UNNAMED	1931	09	12	06	00	21.4	-94.9	50	0
AL061931	UNNAMED	1931	09	12	12	00	22.2	-96	45	0
AL061931	UNNAMED	1931	09	12	18	00	22.7	-96.9	40	0
AL061931	UNNAMED	1931	09	13	00	00	23.1	-97.7	35	0
AL061931	UNNAMED	1931	09	13	06	00	23.4	-98.5	30	0
AL061931	UNNAMED	1931	09	13	12	00	23.7	-99.3	25	0
