AL061878	UNNAMED	1878	09	12	00	00	12.5	-45	70	1
AL061878	UNNAMED	1878	09	12	06	00	12.8	-46.2	70	1
AL061878	UNNAMED	1878	09	12	12	00	13.2	-47.2	70	1
AL061878	UNNAMED	1878	09	12	18	00	13.8	-48	70	1
AL061878	UNNAMED	1878	09	13	00	00	14.7	-49.3	70	1
AL061878	UNNAMED	1878	09	13	06	00	15.8	-50.7	70	1
AL061878	UNNAMED	1878	09	13	12	00	16.6	-52	70	1
AL061878	UNNAMED	1878	09	13	18	00	17	-53	70	1
AL061878	UNNAMED	1878	09	14	00	00	17.2	-53.7	80	1
AL061878	UNNAMED	1878	09	14	06	00	17.7	-54.4	80	1
AL061878	UNNAMED	1878	09	14	12	00	18.1	-55	80	1
AL061878	UNNAMED	1878	09	14	18	00	18.4	-55.7	80	1
AL061878	UNNAMED	1878	09	15	00	00	18.9	-56.4	80	1
AL061878	UNNAMED	1878	09	15	06	00	19.2	-57.1	80	1
AL061878	UNNAMED	1878	09	15	12	00	20	-57.9	90	2
AL061878	UNNAMED	1878	09	15	18	00	20.7	-58.3	90	2
AL061878	UNNAMED	1878	09	16	00	00	21.4	-58.7	90	2
AL061878	UNNAMED	1878	09	16	06	00	22	-59.1	90	2
AL061878	UNNAMED	1878	09	16	12	00	22.7	-59.5	90	2
AL061878	UNNAMED	1878	09	16	18	00	23.7	-59.9	90	2
AL061878	UNNAMED	1878	09	17	00	00	24.7	-60.2	80	1
AL061878	UNNAMED	1878	09	17	06	00	26	-60.4	80	1
AL061878	UNNAMED	1878	09	17	12	00	27.1	-60.3	80	1
AL061878	UNNAMED	1878	09	17	18	00	27.7	-60.2	80	1
AL061878	UNNAMED	1878	09	18	00	00	28.4	-60.1	70	1
AL061878	UNNAMED	1878	09	18	06	00	29.1	-59.9	70	1
AL061878	UNNAMED	1878	09	18	12	00	29.7	-59.7	70	1
AL061878	UNNAMED	1878	09	18	18	00	30.4	-59.4	70	1
