AL061985	UNNAMED	1985	09	08	12	00	20	-27	25	0
AL061985	UNNAMED	1985	09	08	18	00	20.5	-28	25	0
AL061985	UNNAMED	1985	09	09	00	00	20.8	-28.8	25	0
AL061985	UNNAMED	1985	09	09	06	00	21	-29.5	30	0
AL061985	UNNAMED	1985	09	09	12	00	21.1	-30.5	30	0
AL061985	UNNAMED	1985	09	09	18	00	21.3	-32	30	0
AL061985	UNNAMED	1985	09	10	00	00	21.8	-33.8	30	0
AL061985	UNNAMED	1985	09	10	06	00	22	-35.2	30	0
AL061985	UNNAMED	1985	09	10	12	00	22.5	-37	30	0
AL061985	UNNAMED	1985	09	10	18	00	23.2	-38	30	0
AL061985	UNNAMED	1985	09	11	00	00	24	-39	30	0
AL061985	UNNAMED	1985	09	11	06	00	25	-40	30	0
AL061985	UNNAMED	1985	09	11	12	00	25.8	-41.1	30	0
AL061985	UNNAMED	1985	09	11	18	00	26.5	-42	30	0
AL061985	UNNAMED	1985	09	12	00	00	27.3	-43.4	30	0
AL061985	UNNAMED	1985	09	12	06	00	28.2	-44.8	30	0
AL061985	UNNAMED	1985	09	12	12	00	29	-46	25	0
AL061985	UNNAMED	1985	09	12	18	00	30	-47	25	0
AL061985	UNNAMED	1985	09	13	00	00	30.8	-49	25	0
AL061985	UNNAMED	1985	09	13	06	00	31.2	-50.2	20	0
AL061985	UNNAMED	1985	09	13	12	00	32	-52	20	0
