AL061923	UNNAMED	1923	10	12	06	00	10.4	-93	35	0
AL061923	UNNAMED	1923	10	12	12	00	11.9	-93.8	40	0
AL061923	UNNAMED	1923	10	12	18	00	13.4	-94.5	40	0
AL061923	UNNAMED	1923	10	13	00	00	14.8	-95.1	40	0
AL061923	UNNAMED	1923	10	13	06	00	16	-95.6	40	0
AL061923	UNNAMED	1923	10	13	12	00	17.1	-96	35	0
AL061923	UNNAMED	1923	10	13	18	00	18.2	-96.1	30	0
AL061923	UNNAMED	1923	10	14	00	00	19.4	-95.7	30	0
AL061923	UNNAMED	1923	10	14	06	00	20.5	-95.2	35	0
AL061923	UNNAMED	1923	10	14	12	00	21.5	-94.7	40	0
AL061923	UNNAMED	1923	10	14	18	00	22.4	-94.2	45	0
AL061923	UNNAMED	1923	10	15	00	00	23.1	-93.7	50	0
AL061923	UNNAMED	1923	10	15	06	00	23.6	-93.1	55	0
AL061923	UNNAMED	1923	10	15	12	00	24.2	-92.4	60	0
AL061923	UNNAMED	1923	10	15	18	00	25.4	-91.6	65	1
AL061923	UNNAMED	1923	10	16	00	00	27.2	-91	70	1
AL061923	UNNAMED	1923	10	16	06	00	29.2	-91	70	1
AL061923	UNNAMED	1923	10	16	12	00	31.5	-91	50	0
AL061923	UNNAMED	1923	10	16	18	00	33.7	-91.2	45	0
AL061923	UNNAMED	1923	10	17	00	00	35.7	-91.4	45	0
AL061923	UNNAMED	1923	10	17	06	00	37.5	-91.7	35	0
AL061923	UNNAMED	1923	10	17	12	00	39	-92	30	0
