id,name,year,month,day,hour,minute,lat,lon,max_sustained_wind_kts,sshws
AL061899,UNNAMED,1899,10,02,06,00,20,-84.1,35,0
AL061899,UNNAMED,1899,10,02,12,00,20.5,-84.7,35,0
AL061899,UNNAMED,1899,10,02,18,00,21.1,-85.1,40,0
AL061899,UNNAMED,1899,10,03,00,00,21.8,-85.5,40,0
AL061899,UNNAMED,1899,10,03,06,00,22.7,-86,40,0
AL061899,UNNAMED,1899,10,03,12,00,23.7,-86.5,45,0
AL061899,UNNAMED,1899,10,03,18,00,24.5,-86.8,50,0
AL061899,UNNAMED,1899,10,04,00,00,25.5,-87.1,50,0
AL061899,UNNAMED,1899,10,04,06,00,26.5,-87.2,50,0
AL061899,UNNAMED,1899,10,04,12,00,27.3,-87,50,0
AL061899,UNNAMED,1899,10,04,18,00,27.8,-86,50,0
AL061899,UNNAMED,1899,10,05,00,00,27.8,-84.8,50,0
AL061899,UNNAMED,1899,10,05,06,00,27.8,-83.5,50,0
AL061899,UNNAMED,1899,10,05,10,00,27.9,-82.8,50,0
AL061899,UNNAMED,1899,10,05,12,00,28,-82.5,40,0
AL061899,UNNAMED,1899,10,05,18,00,29.3,-81.1,40,0
AL061899,UNNAMED,1899,10,06,00,00,30.9,-79.6,40,0
AL061899,UNNAMED,1899,10,06,06,00,32.4,-78.3,40,0
AL061899,UNNAMED,1899,10,06,12,00,34.4,-76.3,35,0
AL061899,UNNAMED,1899,10,06,18,00,37.1,-72.7,35,0
AL061899,UNNAMED,1899,10,07,00,00,40.3,-68.8,35,0
AL061899,UNNAMED,1899,10,07,06,00,43.6,-64.8,35,0
AL061899,UNNAMED,1899,10,07,12,00,46.3,-61.3,35,0
AL061899,UNNAMED,1899,10,07,18,00,49.3,-57.5,35,0
AL061899,UNNAMED,1899,10,08,00,00,52.2,-53.7,35,0
AL061899,UNNAMED,1899,10,08,06,00,55,-49.9,35,0
