AL061887	UNNAMED	1887	08	14	12	00	17	-59	35	0
AL061887	UNNAMED	1887	08	14	18	00	18	-60	35	0
AL061887	UNNAMED	1887	08	15	00	00	19	-61	35	0
AL061887	UNNAMED	1887	08	15	06	00	20	-62.2	35	0
AL061887	UNNAMED	1887	08	15	12	00	21	-63.4	35	0
AL061887	UNNAMED	1887	08	15	18	00	21.8	-64.6	40	0
AL061887	UNNAMED	1887	08	16	00	00	22.4	-65.8	40	0
AL061887	UNNAMED	1887	08	16	06	00	22.9	-66.9	45	0
AL061887	UNNAMED	1887	08	16	12	00	23.4	-68	50	0
AL061887	UNNAMED	1887	08	16	18	00	23.8	-69.1	50	0
AL061887	UNNAMED	1887	08	17	00	00	24.2	-70.2	55	0
AL061887	UNNAMED	1887	08	17	06	00	24.6	-71.3	60	0
AL061887	UNNAMED	1887	08	17	12	00	25	-72.5	65	1
AL061887	UNNAMED	1887	08	17	18	00	25.5	-73.8	70	1
AL061887	UNNAMED	1887	08	18	00	00	26	-74.9	75	1
AL061887	UNNAMED	1887	08	18	06	00	26.5	-75.8	80	1
AL061887	UNNAMED	1887	08	18	12	00	27	-76.7	85	2
AL061887	UNNAMED	1887	08	18	18	00	27.6	-77.5	90	2
AL061887	UNNAMED	1887	08	19	00	00	28.1	-78.2	90	2
AL061887	UNNAMED	1887	08	19	06	00	28.6	-78.8	95	2
AL061887	UNNAMED	1887	08	19	12	00	29.5	-79	100	3
AL061887	UNNAMED	1887	08	19	18	00	30.9	-78.8	100	3
AL061887	UNNAMED	1887	08	20	00	00	32.4	-78	100	3
AL061887	UNNAMED	1887	08	20	06	00	33.6	-76.7	105	3
AL061887	UNNAMED	1887	08	20	12	00	35	-75	105	3
AL061887	UNNAMED	1887	08	20	18	00	36.7	-73.1	105	3
AL061887	UNNAMED	1887	08	21	00	00	38.2	-70.9	100	3
AL061887	UNNAMED	1887	08	21	06	00	39.8	-68.4	95	2
AL061887	UNNAMED	1887	08	21	12	00	41	-66	90	2
AL061887	UNNAMED	1887	08	21	18	00	42	-62	80	1
AL061887	UNNAMED	1887	08	22	00	00	42.8	-57.7	75	1
AL061887	UNNAMED	1887	08	22	06	00	43.4	-53.6	70	1
AL061887	UNNAMED	1887	08	22	12	00	44	-49.5	70	1
AL061887	UNNAMED	1887	08	22	18	00	44.9	-45.6	75	1
AL061887	UNNAMED	1887	08	23	00	00	46	-42	70	1
AL061887	UNNAMED	1887	08	23	06	00	47.6	-38.6	70	1
AL061887	UNNAMED	1887	08	23	12	00	49	-35	70	1
AL061887	UNNAMED	1887	08	23	18	00	50.6	-30	70	1
