AL061972	UNNAMED	1972	07	31	12	00	29	-57	20	0
AL061972	UNNAMED	1972	07	31	18	00	28.4	-57.9	20	0
AL061972	UNNAMED	1972	08	01	00	00	27.8	-58.8	20	0
AL061972	UNNAMED	1972	08	01	06	00	27.2	-59.6	20	0
AL061972	UNNAMED	1972	08	01	12	00	26.5	-60.5	25	0
AL061972	UNNAMED	1972	08	01	18	00	25.7	-61.6	25	0
AL061972	UNNAMED	1972	08	02	00	00	25	-62.7	25	0
AL061972	UNNAMED	1972	08	02	06	00	24.3	-63.9	25	0
AL061972	UNNAMED	1972	08	02	12	00	23.5	-65	25	0
AL061972	UNNAMED	1972	08	02	18	00	23.6	-66	25	0
AL061972	UNNAMED	1972	08	03	00	00	23.7	-67	25	0
AL061972	UNNAMED	1972	08	03	06	00	23.8	-68	20	0
AL061972	UNNAMED	1972	08	03	12	00	24	-69	20	0
