AL062001	ERIN	2001	09	01	18	00	12.5	-34.3	30	0
AL062001	ERIN	2001	09	02	00	00	12.9	-35.9	30	0
AL062001	ERIN	2001	09	02	06	00	13.2	-37.5	40	0
AL062001	ERIN	2001	09	02	12	00	13.5	-39	45	0
AL062001	ERIN	2001	09	02	18	00	14.1	-40.6	45	0
AL062001	ERIN	2001	09	03	00	00	14.7	-42.2	45	0
AL062001	ERIN	2001	09	03	06	00	15.3	-43.7	50	0
AL062001	ERIN	2001	09	03	12	00	15.9	-45.3	50	0
AL062001	ERIN	2001	09	03	18	00	16.3	-47.1	40	0
AL062001	ERIN	2001	09	04	00	00	16.7	-48.7	40	0
AL062001	ERIN	2001	09	04	06	00	17	-50.3	45	0
AL062001	ERIN	2001	09	04	12	00	17	-52	45	0
AL062001	ERIN	2001	09	04	18	00	17.2	-53.4	45	0
AL062001	ERIN	2001	09	05	00	00	17.4	-54.8	45	0
AL062001	ERIN	2001	09	05	06	00	17.8	-55.9	45	0
AL062001	ERIN	2001	09	05	12	00	18.1	-57	35	0
AL062001	ERIN	2001	09	05	18	00	19	-57.9	25	0
AL062001	ERIN	2001	09	06	00	00	20.1	-58.1	15	0
AL062001	ERIN	2001	09	06	06	00	21.2	-58.2	15	0
AL062001	ERIN	2001	09	06	12	00	22.2	-58.3	20	0
AL062001	ERIN	2001	09	06	18	00	23.2	-58.4	25	0
AL062001	ERIN	2001	09	07	00	00	23.9	-58.1	25	0
AL062001	ERIN	2001	09	07	06	00	24.4	-57.6	30	0
AL062001	ERIN	2001	09	07	12	00	24.9	-57.8	30	0
AL062001	ERIN	2001	09	07	18	00	25.3	-58	35	0
AL062001	ERIN	2001	09	08	00	00	26	-58.3	35	0
AL062001	ERIN	2001	09	08	06	00	26.5	-58.8	40	0
AL062001	ERIN	2001	09	08	12	00	27.2	-59.2	45	0
AL062001	ERIN	2001	09	08	18	00	28.4	-59.8	60	0
AL062001	ERIN	2001	09	09	00	00	29.7	-60.4	75	1
AL062001	ERIN	2001	09	09	06	00	30.6	-61.3	90	2
AL062001	ERIN	2001	09	09	12	00	31.5	-62.2	95	2
AL062001	ERIN	2001	09	09	18	00	32.4	-62.8	105	3
AL062001	ERIN	2001	09	10	00	00	33.3	-63.3	105	3
AL062001	ERIN	2001	09	10	06	00	34.2	-64.1	105	3
AL062001	ERIN	2001	09	10	12	00	34.9	-64.7	100	3
AL062001	ERIN	2001	09	10	18	00	35.7	-65.4	90	2
AL062001	ERIN	2001	09	11	00	00	36.4	-65.7	80	1
AL062001	ERIN	2001	09	11	06	00	36.9	-65.9	80	1
AL062001	ERIN	2001	09	11	12	00	37.4	-65.6	80	1
AL062001	ERIN	2001	09	11	18	00	37.8	-65.1	80	1
AL062001	ERIN	2001	09	12	00	00	38	-64.3	80	1
AL062001	ERIN	2001	09	12	06	00	38	-63.3	75	1
AL062001	ERIN	2001	09	12	12	00	37.9	-62.6	75	1
AL062001	ERIN	2001	09	12	18	00	37.9	-62	75	1
AL062001	ERIN	2001	09	13	00	00	38.1	-61.4	75	1
AL062001	ERIN	2001	09	13	06	00	38.3	-61	70	1
AL062001	ERIN	2001	09	13	12	00	38.8	-60.6	70	1
AL062001	ERIN	2001	09	13	18	00	39.6	-60.2	70	1
AL062001	ERIN	2001	09	14	00	00	40.6	-59.3	70	1
AL062001	ERIN	2001	09	14	06	00	42	-58.1	65	1
AL062001	ERIN	2001	09	14	12	00	43.3	-56.7	65	1
AL062001	ERIN	2001	09	14	18	00	44.7	-55.2	65	1
AL062001	ERIN	2001	09	15	00	00	46.7	-52.7	60	0
AL062001	ERIN	2001	09	15	06	00	49	-51	60	0
AL062001	ERIN	2001	09	15	12	00	52	-49	55	0
AL062001	ERIN	2001	09	15	18	00	55	-47.5	55	0
AL062001	ERIN	2001	09	16	00	00	58	-46	55	0
AL062001	ERIN	2001	09	16	06	00	60	-44.5	55	0
AL062001	ERIN	2001	09	16	12	00	61.5	-42	55	0
AL062001	ERIN	2001	09	16	18	00	63	-38.9	50	0
AL062001	ERIN	2001	09	17	00	00	65	-35	40	0
