AL061936	UNNAMED	1936	08	04	06	00	18.8	-60	30	0
AL061936	UNNAMED	1936	08	04	12	00	19.7	-61.2	30	0
AL061936	UNNAMED	1936	08	04	18	00	20.5	-62.3	30	0
AL061936	UNNAMED	1936	08	05	00	00	21.3	-63.4	30	0
AL061936	UNNAMED	1936	08	05	06	00	22	-64.6	30	0
AL061936	UNNAMED	1936	08	05	12	00	22.7	-65.7	30	0
AL061936	UNNAMED	1936	08	05	18	00	23.1	-66.6	30	0
AL061936	UNNAMED	1936	08	06	00	00	23.4	-67.4	30	0
AL061936	UNNAMED	1936	08	06	06	00	23.7	-68.1	30	0
AL061936	UNNAMED	1936	08	06	12	00	24.2	-68.8	30	0
AL061936	UNNAMED	1936	08	06	18	00	25.1	-69.5	35	0
AL061936	UNNAMED	1936	08	07	00	00	26.1	-70	35	0
AL061936	UNNAMED	1936	08	07	06	00	27.1	-70.4	35	0
AL061936	UNNAMED	1936	08	07	12	00	28	-70.5	35	0
AL061936	UNNAMED	1936	08	07	18	00	28.6	-70.3	35	0
AL061936	UNNAMED	1936	08	08	00	00	29.1	-70	35	0
AL061936	UNNAMED	1936	08	08	06	00	29.6	-69.6	35	0
AL061936	UNNAMED	1936	08	08	12	00	30.1	-69.1	35	0
AL061936	UNNAMED	1936	08	08	18	00	30.8	-68.4	35	0
AL061936	UNNAMED	1936	08	09	00	00	31.6	-67.6	35	0
AL061936	UNNAMED	1936	08	09	06	00	32.5	-66.8	35	0
AL061936	UNNAMED	1936	08	09	12	00	33.5	-65.9	35	0
AL061936	UNNAMED	1936	08	09	18	00	34.7	-64.8	35	0
AL061936	UNNAMED	1936	08	10	00	00	36.4	-63.5	35	0
AL061936	UNNAMED	1936	08	10	06	00	38.5	-62.1	35	0
AL061936	UNNAMED	1936	08	10	12	00	40.8	-60.6	40	0
AL061936	UNNAMED	1936	08	10	18	00	43.3	-58.6	45	0
AL061936	UNNAMED	1936	08	11	00	00	46	-55.5	40	0
AL061936	UNNAMED	1936	08	11	06	00	48.7	-52	40	0
AL061936	UNNAMED	1936	08	11	12	00	51.5	-47.5	40	0
AL061936	UNNAMED	1936	08	11	18	00	54.5	-42.5	35	0
