id,name,year,month,day,hour,minute,lat,lon,max_sustained_wind_kts,sshws
AL071984,BERTHA,1984,08,30,12,00,13.1,-41,25,0
AL071984,BERTHA,1984,08,30,18,00,13.3,-42.2,25,0
AL071984,BERTHA,1984,08,31,00,00,13.7,-43.4,30,0
AL071984,BERTHA,1984,08,31,06,00,14.4,-44.5,30,0
AL071984,BERTHA,1984,08,31,12,00,14.9,-45.3,35,0
AL071984,BERTHA,1984,08,31,18,00,15.7,-46.6,35,0
AL071984,BERTHA,1984,09,01,00,00,16.3,-47.7,35,0
AL071984,BERTHA,1984,09,01,06,00,17,-48.7,35,0
AL071984,BERTHA,1984,09,01,12,00,17.5,-49.5,30,0
AL071984,BERTHA,1984,09,01,18,00,18.2,-50.5,30,0
AL071984,BERTHA,1984,09,02,00,00,19.2,-51.3,30,0
AL071984,BERTHA,1984,09,02,06,00,20,-52.1,30,0
AL071984,BERTHA,1984,09,02,12,00,20.8,-53.1,25,0
AL071984,BERTHA,1984,09,02,18,00,22.6,-52.8,25,0
AL071984,BERTHA,1984,09,03,00,00,23.8,-52.5,25,0
AL071984,BERTHA,1984,09,03,06,00,25.1,-51.9,25,0
AL071984,BERTHA,1984,09,03,12,00,26.1,-50.5,20,0
AL071984,BERTHA,1984,09,03,18,00,27.1,-49.1,20,0
AL071984,BERTHA,1984,09,04,00,00,28.3,-47.8,20,0
AL071984,BERTHA,1984,09,04,06,00,29.6,-46,20,0
AL071984,BERTHA,1984,09,04,12,00,30.5,-44.5,20,0
AL071984,BERTHA,1984,09,04,18,00,32,-42,20,0
