id,name,year,month,day,hour,minute,lat,lon,max_sustained_wind_kts,sshws
AL071954,GILDA,1954,09,24,18,00,14.1,-76.8,35,0
AL071954,GILDA,1954,09,25,00,00,14.3,-77.7,40,0
AL071954,GILDA,1954,09,25,06,00,14.4,-78.8,45,0
AL071954,GILDA,1954,09,25,12,00,14.6,-80,50,0
AL071954,GILDA,1954,09,25,18,00,14.9,-81.1,50,0
AL071954,GILDA,1954,09,26,00,00,15.3,-82.1,55,0
AL071954,GILDA,1954,09,26,06,00,15.9,-83.5,60,0
AL071954,GILDA,1954,09,26,12,00,16.4,-84.7,60,0
AL071954,GILDA,1954,09,26,18,00,16.5,-85.5,60,0
AL071954,GILDA,1954,09,27,00,00,16.5,-86.3,60,0
AL071954,GILDA,1954,09,27,06,00,16.6,-87.2,60,0
AL071954,GILDA,1954,09,27,12,00,16.8,-88,60,0
AL071954,GILDA,1954,09,27,18,00,16.9,-88.8,35,0
