AL071971	UNNAMED	1971	08	12	12	00	26	-83.5	20	0
AL071971	UNNAMED	1971	08	12	18	00	26.2	-83.1	25	0
AL071971	UNNAMED	1971	08	13	00	00	26.5	-82.7	25	0
AL071971	UNNAMED	1971	08	13	06	00	26.8	-82.3	25	0
AL071971	UNNAMED	1971	08	13	12	00	27	-82	20	0
AL071971	UNNAMED	1971	08	13	18	00	27.3	-81.2	20	0
AL071971	UNNAMED	1971	08	14	00	00	27.5	-81.7	20	0
AL071971	UNNAMED	1971	08	14	06	00	27.8	-81.6	20	0
AL071971	UNNAMED	1971	08	14	12	00	28	-81.5	20	0
AL071971	UNNAMED	1971	08	14	18	00	28.1	-81.8	20	0
AL071971	UNNAMED	1971	08	15	00	00	28.2	-82.2	20	0
AL071971	UNNAMED	1971	08	15	06	00	28.3	-82.6	25	0
AL071971	UNNAMED	1971	08	15	12	00	28.5	-83	25	0
AL071971	UNNAMED	1971	08	15	18	00	28.9	-83.2	25	0
AL071971	UNNAMED	1971	08	16	00	00	29.2	-83.5	25	0
AL071971	UNNAMED	1971	08	16	06	00	29.6	-83.8	25	0
AL071971	UNNAMED	1971	08	16	12	00	30	-84	-99	0
