AL071982	UNNAMED	1982	09	24	00	00	25.3	-71.5	20	0
AL071982	UNNAMED	1982	09	24	06	00	26	-72.5	25	0
AL071982	UNNAMED	1982	09	24	12	00	27.1	-73	25	0
AL071982	UNNAMED	1982	09	24	18	00	28.1	-72.1	30	0
AL071982	UNNAMED	1982	09	25	00	00	29	-71.5	30	0
AL071982	UNNAMED	1982	09	25	06	00	30	-70.6	30	0
AL071982	UNNAMED	1982	09	25	12	00	31	-69.6	30	0
AL071982	UNNAMED	1982	09	25	18	00	32.3	-68.5	30	0
AL071982	UNNAMED	1982	09	26	00	00	33.5	-67.5	30	0
AL071982	UNNAMED	1982	09	26	06	00	34.8	-66.2	30	0
AL071982	UNNAMED	1982	09	26	12	00	36	-65	30	0
AL071982	UNNAMED	1982	09	26	18	00	37	-64	30	0
AL071982	UNNAMED	1982	09	27	00	00	38	-63	25	0
AL071982	UNNAMED	1982	09	27	06	00	39.2	-61.5	25	0
AL071982	UNNAMED	1982	09	27	12	00	40.1	-60.1	20	0
