AL071976	BELLE	1976	08	06	06	00	26	-72.8	25	0
AL071976	BELLE	1976	08	06	12	00	26.3	-73	25	0
AL071976	BELLE	1976	08	06	18	00	26	-73.4	30	0
AL071976	BELLE	1976	08	07	00	00	25.6	-73.2	40	0
AL071976	BELLE	1976	08	07	06	00	26	-73.2	45	0
AL071976	BELLE	1976	08	07	12	00	26.2	-73.7	55	0
AL071976	BELLE	1976	08	07	18	00	26.6	-74.2	70	1
AL071976	BELLE	1976	08	08	00	00	26.9	-74.6	80	1
AL071976	BELLE	1976	08	08	06	00	27.4	-75.1	90	2
AL071976	BELLE	1976	08	08	12	00	28.1	-75.1	95	2
AL071976	BELLE	1976	08	08	18	00	29.5	-75.3	100	3
AL071976	BELLE	1976	08	09	00	00	30.9	-75.3	105	3
AL071976	BELLE	1976	08	09	06	00	32.5	-75.2	105	3
AL071976	BELLE	1976	08	09	12	00	34.4	-74.7	95	2
AL071976	BELLE	1976	08	09	18	00	36.6	-74.2	90	2
AL071976	BELLE	1976	08	10	00	00	38.8	-73.8	80	1
AL071976	BELLE	1976	08	10	06	00	41	-73.2	60	0
AL071976	BELLE	1976	08	10	12	00	42.6	-72.4	35	0
