id,name,year,month,day,hour,minute,lat,lon,max_sustained_wind_kts,sshws
AL071963,FLORA,1963,09,26,12,00,8,-33,25,0
AL071963,FLORA,1963,09,26,18,00,8.1,-34.8,25,0
AL071963,FLORA,1963,09,27,00,00,8.2,-36.5,25,0
AL071963,FLORA,1963,09,27,06,00,8.3,-38.3,30,0
AL071963,FLORA,1963,09,27,12,00,8.5,-40,30,0
AL071963,FLORA,1963,09,27,18,00,8.7,-41.6,30,0
AL071963,FLORA,1963,09,28,00,00,8.8,-43.2,30,0
AL071963,FLORA,1963,09,28,06,00,9,-44.7,30,0
AL071963,FLORA,1963,09,28,12,00,9.2,-46.3,30,0
AL071963,FLORA,1963,09,28,18,00,9.5,-47.9,30,0
AL071963,FLORA,1963,09,29,00,00,9.8,-49.5,30,0
AL071963,FLORA,1963,09,29,06,00,9.9,-51.1,30,0
AL071963,FLORA,1963,09,29,12,00,10,-52.8,40,0
AL071963,FLORA,1963,09,29,18,00,10.1,-54.4,55,0
AL071963,FLORA,1963,09,30,00,00,10.3,-56,70,1
AL071963,FLORA,1963,09,30,06,00,10.4,-57.6,85,2
AL071963,FLORA,1963,09,30,12,00,10.7,-59.1,100,3
AL071963,FLORA,1963,09,30,18,00,11.2,-60.7,105,3
AL071963,FLORA,1963,10,01,00,00,11.6,-62,110,3
AL071963,FLORA,1963,10,01,06,00,12,-63.3,110,3
AL071963,FLORA,1963,10,01,12,00,12.5,-64.8,115,4
AL071963,FLORA,1963,10,01,18,00,13,-66,115,4
AL071963,FLORA,1963,10,02,00,00,13.6,-67.3,120,4
AL071963,FLORA,1963,10,02,06,00,14.1,-68.3,120,4
AL071963,FLORA,1963,10,02,12,00,14.6,-69.2,120,4
AL071963,FLORA,1963,10,02,18,00,15.1,-70,120,4
AL071963,FLORA,1963,10,03,00,00,15.5,-70.6,120,4
AL071963,FLORA,1963,10,03,06,00,15.9,-71.4,125,4
AL071963,FLORA,1963,10,03,12,00,16.5,-72,125,4
AL071963,FLORA,1963,10,03,18,00,17.1,-72.5,125,4
AL071963,FLORA,1963,10,04,00,00,18,-73.1,125,4
AL071963,FLORA,1963,10,04,06,00,19.1,-74.2,105,3
AL071963,FLORA,1963,10,04,12,00,19.3,-74.5,105,3
AL071963,FLORA,1963,10,04,18,00,20.3,-74.9,105,3
AL071963,FLORA,1963,10,05,00,00,20.8,-75.9,110,3
AL071963,FLORA,1963,10,05,06,00,20.8,-76.5,110,3
AL071963,FLORA,1963,10,05,12,00,20.8,-76.8,105,3
AL071963,FLORA,1963,10,05,18,00,20.5,-77,100,3
AL071963,FLORA,1963,10,06,00,00,20.4,-77.4,100,3
AL071963,FLORA,1963,10,06,06,00,20.3,-77.6,95,2
AL071963,FLORA,1963,10,06,12,00,20.2,-77.9,90,2
AL071963,FLORA,1963,10,06,18,00,20.5,-78.1,85,2
AL071963,FLORA,1963,10,07,00,00,20.6,-78.3,85,2
AL071963,FLORA,1963,10,07,06,00,20.7,-78.2,80,1
AL071963,FLORA,1963,10,07,12,00,20.8,-78.1,80,1
AL071963,FLORA,1963,10,07,18,00,21,-78,75,1
AL071963,FLORA,1963,10,08,00,00,21.3,-77.7,75,1
AL071963,FLORA,1963,10,08,06,00,21.2,-77,75,1
AL071963,FLORA,1963,10,08,12,00,21.1,-76.2,70,1
AL071963,FLORA,1963,10,08,18,00,21.5,-75.4,75,1
AL071963,FLORA,1963,10,09,00,00,21.7,-74.4,75,1
AL071963,FLORA,1963,10,09,06,00,22.3,-72.8,75,1
AL071963,FLORA,1963,10,09,12,00,23.5,-71.6,80,1
AL071963,FLORA,1963,10,09,18,00,25,-70,85,2
AL071963,FLORA,1963,10,10,00,00,26,-68.3,95,2
AL071963,FLORA,1963,10,10,06,00,27.1,-66.5,95,2
AL071963,FLORA,1963,10,10,12,00,28.1,-64.9,100,3
AL071963,FLORA,1963,10,10,18,00,29.9,-62.2,100,3
AL071963,FLORA,1963,10,11,00,00,32.2,-59.8,95,2
AL071963,FLORA,1963,10,11,06,00,34.3,-58.3,90,2
AL071963,FLORA,1963,10,11,12,00,36.2,-57,85,2
AL071963,FLORA,1963,10,11,18,00,38.3,-56,80,1
AL071963,FLORA,1963,10,12,00,00,40.1,-54,80,1
AL071963,FLORA,1963,10,12,06,00,42,-52,75,1
AL071963,FLORA,1963,10,12,12,00,43.5,-49.8,75,1
AL071963,FLORA,1963,10,12,18,00,45.2,-47.5,75,1
AL071963,FLORA,1963,10,13,00,00,47,-45,70,1
AL071963,FLORA,1963,10,13,06,00,49.2,-42.8,70,1
AL071963,FLORA,1963,10,13,12,00,51.5,-41,70,1
