id,name,year,month,day,hour,minute,lat,lon,max_sustained_wind_kts,sshws
AL071944,UNNAMED,1944,09,09,06,00,20.8,-58.5,45,0
AL071944,UNNAMED,1944,09,09,12,00,21.2,-59.7,50,0
AL071944,UNNAMED,1944,09,09,18,00,21.6,-61,55,0
AL071944,UNNAMED,1944,09,10,00,00,22,-62.3,60,0
AL071944,UNNAMED,1944,09,10,06,00,22.5,-63.6,65,1
AL071944,UNNAMED,1944,09,10,12,00,23,-65,70,1
AL071944,UNNAMED,1944,09,10,18,00,23.6,-66.3,75,1
AL071944,UNNAMED,1944,09,11,00,00,24.3,-67.4,80,1
AL071944,UNNAMED,1944,09,11,06,00,25,-68.1,85,2
AL071944,UNNAMED,1944,09,11,12,00,25.5,-68.7,90,2
AL071944,UNNAMED,1944,09,11,18,00,25.7,-69.2,95,2
AL071944,UNNAMED,1944,09,12,00,00,25.8,-69.9,105,3
AL071944,UNNAMED,1944,09,12,06,00,25.9,-70.6,110,3
AL071944,UNNAMED,1944,09,12,12,00,26.2,-71.5,115,4
AL071944,UNNAMED,1944,09,12,18,00,26.6,-72.8,120,4
AL071944,UNNAMED,1944,09,13,00,00,27,-74,120,4
AL071944,UNNAMED,1944,09,13,06,00,27.6,-74.7,120,4
AL071944,UNNAMED,1944,09,13,12,00,28.5,-75.1,125,4
AL071944,UNNAMED,1944,09,13,18,00,29.7,-75.5,125,4
AL071944,UNNAMED,1944,09,14,00,00,31.2,-75.7,120,4
AL071944,UNNAMED,1944,09,14,06,00,32.7,-75.7,110,3
AL071944,UNNAMED,1944,09,14,12,00,34.5,-75.4,105,3
AL071944,UNNAMED,1944,09,14,18,00,37.1,-74.7,100,3
AL071944,UNNAMED,1944,09,15,00,00,39.9,-73.2,90,2
AL071944,UNNAMED,1944,09,15,02,00,40.9,-72.2,90,2
AL071944,UNNAMED,1944,09,15,04,00,41.4,-71.6,85,2
AL071944,UNNAMED,1944,09,15,06,00,42,-71,65,1
AL071944,UNNAMED,1944,09,15,12,00,44.2,-68.5,55,0
AL071944,UNNAMED,1944,09,15,18,00,46,-63.7,50,0
AL071944,UNNAMED,1944,09,16,00,00,47.8,-58.2,45,0
AL071944,UNNAMED,1944,09,16,06,00,49.9,-52.6,40,0
AL071944,UNNAMED,1944,09,16,12,00,52,-47,35,0
