AL071975	CAROLINE	1975	08	24	12	00	22.4	-69.8	25	0
AL071975	CAROLINE	1975	08	24	18	00	21.9	-71.1	25	0
AL071975	CAROLINE	1975	08	25	00	00	21.6	-72.5	25	0
AL071975	CAROLINE	1975	08	25	06	00	21.2	-73.8	25	0
AL071975	CAROLINE	1975	08	25	12	00	20.9	-75.1	25	0
AL071975	CAROLINE	1975	08	25	18	00	20.6	-76.4	25	0
AL071975	CAROLINE	1975	08	26	00	00	20.4	-77.7	25	0
AL071975	CAROLINE	1975	08	26	06	00	20.3	-79	25	0
AL071975	CAROLINE	1975	08	26	12	00	20.2	-80.3	25	0
AL071975	CAROLINE	1975	08	26	18	00	20.2	-81.6	25	0
AL071975	CAROLINE	1975	08	27	00	00	20.4	-82.8	25	0
AL071975	CAROLINE	1975	08	27	06	00	20.8	-84	25	0
AL071975	CAROLINE	1975	08	27	12	00	21.1	-85.1	25	0
AL071975	CAROLINE	1975	08	27	18	00	21.5	-86.3	25	0
AL071975	CAROLINE	1975	08	28	00	00	22	-87.5	25	0
AL071975	CAROLINE	1975	08	28	06	00	22.4	-88.8	25	0
AL071975	CAROLINE	1975	08	28	12	00	22.8	-90.1	25	0
AL071975	CAROLINE	1975	08	28	18	00	22.9	-91	25	0
AL071975	CAROLINE	1975	08	29	00	00	23	-91.9	30	0
AL071975	CAROLINE	1975	08	29	06	00	23.1	-92.6	35	0
AL071975	CAROLINE	1975	08	29	12	00	23.2	-93.2	40	0
AL071975	CAROLINE	1975	08	29	18	00	23.2	-93.6	50	0
AL071975	CAROLINE	1975	08	30	00	00	23.3	-94.2	65	1
AL071975	CAROLINE	1975	08	30	06	00	23.5	-94.9	65	1
AL071975	CAROLINE	1975	08	30	12	00	23.7	-95.6	65	1
AL071975	CAROLINE	1975	08	30	18	00	23.8	-96.3	70	1
AL071975	CAROLINE	1975	08	31	00	00	24	-97	100	3
AL071975	CAROLINE	1975	08	31	06	00	24.1	-97.5	100	3
AL071975	CAROLINE	1975	08	31	12	00	24.3	-97.8	90	2
AL071975	CAROLINE	1975	08	31	18	00	24.8	-98	55	0
AL071975	CAROLINE	1975	09	01	00	00	25.1	-98.3	30	0
AL071975	CAROLINE	1975	09	01	06	00	25.2	-98.7	20	0
AL071975	CAROLINE	1975	09	01	12	00	25.3	-99	20	0
