AL071986	UNNAMED	1986	09	01	12	00	17.6	-86.2	20	0
AL071986	UNNAMED	1986	09	01	18	00	18	-87.8	20	0
AL071986	UNNAMED	1986	09	02	00	00	18.5	-88.8	20	0
AL071986	UNNAMED	1986	09	02	06	00	19	-90	20	0
AL071986	UNNAMED	1986	09	02	12	00	19.2	-91	25	0
AL071986	UNNAMED	1986	09	02	18	00	19.7	-92	25	0
AL071986	UNNAMED	1986	09	03	00	00	20	-93	25	0
AL071986	UNNAMED	1986	09	03	06	00	20.2	-94	30	0
AL071986	UNNAMED	1986	09	03	12	00	20.7	-95	30	0
AL071986	UNNAMED	1986	09	03	18	00	21.1	-96.1	30	0
AL071986	UNNAMED	1986	09	04	00	00	21.8	-97.1	25	0
AL071986	UNNAMED	1986	09	04	06	00	22.1	-98	25	0
AL071986	UNNAMED	1986	09	04	12	00	22.9	-99	-99	0
