id,name,year,month,day,hour,minute,lat,lon,max_sustained_wind_kts,sshws
AL071885,UNNAMED,1885,09,26,00,00,24.2,-55.7,50,0
AL071885,UNNAMED,1885,09,26,06,00,25.2,-56.4,50,0
AL071885,UNNAMED,1885,09,26,12,00,26,-57,50,0
AL071885,UNNAMED,1885,09,26,18,00,27.2,-57.8,50,0
AL071885,UNNAMED,1885,09,27,00,00,28.7,-58.3,50,0
AL071885,UNNAMED,1885,09,27,06,00,30.2,-58.8,50,0
AL071885,UNNAMED,1885,09,27,12,00,31.3,-59,50,0
AL071885,UNNAMED,1885,09,27,18,00,32.3,-59.3,50,0
AL071885,UNNAMED,1885,09,28,00,00,33.2,-59.6,60,0
AL071885,UNNAMED,1885,09,28,06,00,34,-59.8,60,0
AL071885,UNNAMED,1885,09,28,12,00,35,-60,60,0
AL071885,UNNAMED,1885,09,28,18,00,36,-60.3,60,0
AL071885,UNNAMED,1885,09,29,00,00,37.2,-60.7,70,1
AL071885,UNNAMED,1885,09,29,06,00,38.5,-60.9,70,1
AL071885,UNNAMED,1885,09,29,12,00,39.7,-61,80,1
AL071885,UNNAMED,1885,09,29,18,00,41.2,-60.7,80,1
