id,name,year,month,day,hour,minute,lat,lon,max_sustained_wind_kts,sshws
AL071991,DANNY,1991,09,07,00,00,10.4,-25.8,25,0
AL071991,DANNY,1991,09,07,06,00,10.2,-27.5,25,0
AL071991,DANNY,1991,09,07,12,00,10,-29.2,25,0
AL071991,DANNY,1991,09,07,18,00,9.8,-30.6,30,0
AL071991,DANNY,1991,09,08,00,00,9.7,-32,30,0
AL071991,DANNY,1991,09,08,06,00,9.8,-33.4,30,0
AL071991,DANNY,1991,09,08,12,00,10.3,-35,35,0
AL071991,DANNY,1991,09,08,18,00,10.8,-36.5,40,0
AL071991,DANNY,1991,09,09,00,00,11.3,-37.9,40,0
AL071991,DANNY,1991,09,09,06,00,11.8,-39.6,45,0
AL071991,DANNY,1991,09,09,12,00,12.5,-41.5,45,0
AL071991,DANNY,1991,09,09,18,00,13.4,-43.4,45,0
AL071991,DANNY,1991,09,10,00,00,14.2,-45.2,45,0
AL071991,DANNY,1991,09,10,06,00,14.9,-47.3,45,0
AL071991,DANNY,1991,09,10,12,00,15.3,-49.7,45,0
AL071991,DANNY,1991,09,10,18,00,15.7,-52.1,40,0
AL071991,DANNY,1991,09,11,00,00,15.8,-54.1,35,0
AL071991,DANNY,1991,09,11,06,00,15.9,-56.1,35,0
AL071991,DANNY,1991,09,11,12,00,16,-58.1,30,0
