id,name,year,month,day,hour,minute,lat,lon,max_sustained_wind_kts,sshws
AL071899,UNNAMED,1899,10,10,12,00,10,-35,40,0
AL071899,UNNAMED,1899,10,10,18,00,10.7,-35.7,40,0
AL071899,UNNAMED,1899,10,11,00,00,11.3,-36.3,40,0
AL071899,UNNAMED,1899,10,11,06,00,11.9,-36.9,40,0
AL071899,UNNAMED,1899,10,11,12,00,12.5,-37.5,40,0
AL071899,UNNAMED,1899,10,11,18,00,13.2,-38.2,40,0
AL071899,UNNAMED,1899,10,12,00,00,13.8,-38.8,40,0
AL071899,UNNAMED,1899,10,12,06,00,14.4,-39.4,40,0
AL071899,UNNAMED,1899,10,12,12,00,15,-40,40,0
AL071899,UNNAMED,1899,10,12,18,00,15.7,-40.5,40,0
AL071899,UNNAMED,1899,10,13,00,00,16.3,-41,40,0
AL071899,UNNAMED,1899,10,13,06,00,16.9,-41.4,40,0
AL071899,UNNAMED,1899,10,13,12,00,17.5,-41.8,40,0
AL071899,UNNAMED,1899,10,13,18,00,18.3,-42.3,40,0
AL071899,UNNAMED,1899,10,14,00,00,19.3,-42.7,40,0
AL071899,UNNAMED,1899,10,14,06,00,20.4,-43.1,40,0
AL071899,UNNAMED,1899,10,14,12,00,21.5,-43.5,40,0
