AL071869	UNNAMED	1869	09	11	00	00	11.2	-38.7	70	1
AL071869	UNNAMED	1869	09	11	06	00	11.6	-39.7	70	1
AL071869	UNNAMED	1869	09	11	12	00	12	-40.7	70	1
AL071869	UNNAMED	1869	09	11	18	00	12.3	-41.7	70	1
AL071869	UNNAMED	1869	09	12	00	00	12.8	-43	80	1
AL071869	UNNAMED	1869	09	12	06	00	13.2	-44.2	80	1
AL071869	UNNAMED	1869	09	12	12	00	13.6	-45.5	90	2
AL071869	UNNAMED	1869	09	12	18	00	14	-46.4	90	2
AL071869	UNNAMED	1869	09	13	00	00	14.5	-47.5	90	2
AL071869	UNNAMED	1869	09	13	06	00	15	-48.4	90	2
AL071869	UNNAMED	1869	09	13	12	00	15.5	-49.7	90	2
AL071869	UNNAMED	1869	09	13	18	00	16	-50.7	90	2
AL071869	UNNAMED	1869	09	14	00	00	16.7	-52.2	90	2
AL071869	UNNAMED	1869	09	14	06	00	17.2	-53.5	90	2
AL071869	UNNAMED	1869	09	14	12	00	17.7	-54.8	90	2
AL071869	UNNAMED	1869	09	14	18	00	18.7	-55.8	90	2
AL071869	UNNAMED	1869	09	15	00	00	19.7	-56.7	90	2
AL071869	UNNAMED	1869	09	15	06	00	21.1	-57.4	90	2
AL071869	UNNAMED	1869	09	15	12	00	22.2	-58	90	2
AL071869	UNNAMED	1869	09	15	18	00	23.7	-58.6	80	1
AL071869	UNNAMED	1869	09	16	00	00	25.2	-58.6	80	1
AL071869	UNNAMED	1869	09	16	06	00	26.9	-58.6	80	1
AL071869	UNNAMED	1869	09	16	12	00	28.8	-58.1	80	1
AL071869	UNNAMED	1869	09	16	18	00	30	-57.6	80	1
AL071869	UNNAMED	1869	09	17	00	00	31.2	-56.7	80	1
AL071869	UNNAMED	1869	09	17	06	00	32.5	-55.7	80	1
AL071869	UNNAMED	1869	09	17	12	00	33.5	-54.7	70	1
AL071869	UNNAMED	1869	09	17	18	00	34.5	-53.7	70	1
AL071869	UNNAMED	1869	09	18	00	00	35.5	-52.5	70	1
AL071869	UNNAMED	1869	09	18	06	00	36.5	-51.5	70	1
AL071869	UNNAMED	1869	09	18	12	00	37.5	-50.5	60	0
AL071869	UNNAMED	1869	09	18	18	00	38.5	-49	60	0
