AL072010	EARL	2010	08	24	00	00	12.4	-19.3	25	0
AL072010	EARL	2010	08	24	06	00	12.8	-20.9	25	0
AL072010	EARL	2010	08	24	12	00	13.2	-22.6	30	0
AL072010	EARL	2010	08	24	18	00	13.6	-24.3	30	0
AL072010	EARL	2010	08	25	00	00	13.9	-26	30	0
AL072010	EARL	2010	08	25	06	00	14.1	-27.8	30	0
AL072010	EARL	2010	08	25	12	00	14.3	-29.7	35	0
AL072010	EARL	2010	08	25	18	00	14.5	-31.5	35	0
AL072010	EARL	2010	08	26	00	00	14.7	-33	35	0
AL072010	EARL	2010	08	26	06	00	14.9	-34.5	40	0
AL072010	EARL	2010	08	26	12	00	15.1	-36	40	0
AL072010	EARL	2010	08	26	18	00	15.3	-37.7	40	0
AL072010	EARL	2010	08	27	00	00	15.5	-39.4	40	0
AL072010	EARL	2010	08	27	06	00	15.7	-41.2	40	0
AL072010	EARL	2010	08	27	12	00	15.8	-43.1	40	0
AL072010	EARL	2010	08	27	18	00	15.9	-45	40	0
AL072010	EARL	2010	08	28	00	00	16	-47	45	0
AL072010	EARL	2010	08	28	06	00	16.1	-49	50	0
AL072010	EARL	2010	08	28	12	00	16.2	-51	50	0
AL072010	EARL	2010	08	28	18	00	16.3	-53	50	0
AL072010	EARL	2010	08	29	00	00	16.5	-54.8	55	0
AL072010	EARL	2010	08	29	06	00	16.7	-56.5	55	0
AL072010	EARL	2010	08	29	12	00	17	-58	65	1
AL072010	EARL	2010	08	29	18	00	17.3	-59.3	75	1
AL072010	EARL	2010	08	30	00	00	17.7	-60.6	85	2
AL072010	EARL	2010	08	30	06	00	18.1	-61.9	95	2
AL072010	EARL	2010	08	30	12	00	18.5	-63.1	105	3
AL072010	EARL	2010	08	30	18	00	19	-64.2	115	4
AL072010	EARL	2010	08	31	00	00	19.6	-65.3	115	4
AL072010	EARL	2010	08	31	06	00	20.2	-66.4	115	4
AL072010	EARL	2010	08	31	12	00	20.9	-67.5	115	4
AL072010	EARL	2010	08	31	18	00	21.6	-68.4	115	4
AL072010	EARL	2010	09	01	00	00	22.5	-69.4	110	3
AL072010	EARL	2010	09	01	06	00	23.6	-70.5	105	3
AL072010	EARL	2010	09	01	12	00	24.7	-71.6	110	3
AL072010	EARL	2010	09	01	18	00	25.9	-72.7	115	4
AL072010	EARL	2010	09	02	00	00	27.2	-73.5	120	4
AL072010	EARL	2010	09	02	06	00	28.6	-74.3	125	4
AL072010	EARL	2010	09	02	12	00	30.1	-74.8	115	4
AL072010	EARL	2010	09	02	18	00	31.7	-75.1	100	3
AL072010	EARL	2010	09	03	00	00	33	-74.9	90	2
AL072010	EARL	2010	09	03	06	00	34.5	-74.2	85	2
AL072010	EARL	2010	09	03	12	00	36.1	-73.4	75	1
AL072010	EARL	2010	09	03	18	00	37.6	-72.2	70	1
AL072010	EARL	2010	09	04	00	00	39.1	-70.6	60	0
AL072010	EARL	2010	09	04	06	00	40.7	-68.4	60	0
AL072010	EARL	2010	09	04	12	00	43	-65.7	65	1
AL072010	EARL	2010	09	04	15	00	44.3	-64.5	65	1
AL072010	EARL	2010	09	04	18	00	45.5	-63.2	65	1
AL072010	EARL	2010	09	04	19	00	46	-62.7	60	0
AL072010	EARL	2010	09	05	00	00	48.4	-60.2	55	0
AL072010	EARL	2010	09	05	06	00	50.6	-57.5	50	0
AL072010	EARL	2010	09	05	12	00	52.4	-55.4	45	0
AL072010	EARL	2010	09	05	18	00	54	-54.1	40	0
AL072010	EARL	2010	09	06	00	00	55.7	-53.5	35	0
