id,name,year,month,day,hour,minute,lat,lon,max_sustained_wind_kts,sshws
AL071950,GEORGE,1950,09,27,06,00,24.6,-51,35,0
AL071950,GEORGE,1950,09,27,12,00,25.2,-51.5,35,0
AL071950,GEORGE,1950,09,27,18,00,25.7,-52,35,0
AL071950,GEORGE,1950,09,28,00,00,26.3,-52.5,40,0
AL071950,GEORGE,1950,09,28,06,00,27.1,-53.1,40,0
AL071950,GEORGE,1950,09,28,12,00,27.8,-54,40,0
AL071950,GEORGE,1950,09,28,18,00,28.3,-55,40,0
AL071950,GEORGE,1950,09,29,00,00,28.7,-56,40,0
AL071950,GEORGE,1950,09,29,06,00,28.9,-57.2,40,0
AL071950,GEORGE,1950,09,29,12,00,29,-58.5,40,0
AL071950,GEORGE,1950,09,29,18,00,29.1,-59.6,40,0
AL071950,GEORGE,1950,09,30,00,00,29.2,-60.8,40,0
AL071950,GEORGE,1950,09,30,06,00,29.3,-62,40,0
AL071950,GEORGE,1950,09,30,12,00,29.4,-63,45,0
AL071950,GEORGE,1950,09,30,18,00,29.5,-63.4,50,0
AL071950,GEORGE,1950,10,01,00,00,29.6,-63.7,55,0
AL071950,GEORGE,1950,10,01,06,00,29.7,-64,60,0
AL071950,GEORGE,1950,10,01,12,00,29.8,-64.3,65,1
AL071950,GEORGE,1950,10,01,18,00,29.8,-64.5,70,1
AL071950,GEORGE,1950,10,02,00,00,30,-64.7,75,1
AL071950,GEORGE,1950,10,02,06,00,30.4,-64.9,80,1
AL071950,GEORGE,1950,10,02,12,00,30.8,-65.1,85,2
AL071950,GEORGE,1950,10,02,18,00,31,-65.7,85,2
AL071950,GEORGE,1950,10,03,00,00,31.2,-66.2,90,2
AL071950,GEORGE,1950,10,03,06,00,31.5,-66.8,90,2
AL071950,GEORGE,1950,10,03,12,00,31.9,-67.5,90,2
AL071950,GEORGE,1950,10,03,18,00,32.9,-67.8,95,2
AL071950,GEORGE,1950,10,04,00,00,34.2,-68,95,2
AL071950,GEORGE,1950,10,04,06,00,35.7,-67.3,95,2
AL071950,GEORGE,1950,10,04,12,00,37.3,-65.7,95,2
AL071950,GEORGE,1950,10,04,18,00,39.1,-63.7,95,2
AL071950,GEORGE,1950,10,05,00,00,41.4,-60.7,85,2
AL071950,GEORGE,1950,10,05,06,00,44.3,-56.6,70,1
AL071950,GEORGE,1950,10,05,12,00,47.2,-51.2,65,1
AL071950,GEORGE,1950,10,05,18,00,49.9,-45.9,60,0
AL071950,GEORGE,1950,10,06,00,00,52.5,-39.7,55,0
AL071950,GEORGE,1950,10,06,06,00,54.9,-34.1,55,0
AL071950,GEORGE,1950,10,06,12,00,57.3,-28.6,55,0
AL071950,GEORGE,1950,10,06,18,00,58.7,-24.7,55,0
AL071950,GEORGE,1950,10,07,00,00,59.5,-21,55,0
AL071950,GEORGE,1950,10,07,06,00,60.5,-15.2,55,0
AL071950,GEORGE,1950,10,07,12,00,61.8,-7.5,55,0
