AL072009	FRED	2009	09	07	18	00	11.8	-24	30	0
AL072009	FRED	2009	09	08	00	00	11.7	-25.4	35	0
AL072009	FRED	2009	09	08	06	00	11.7	-26.8	45	0
AL072009	FRED	2009	09	08	12	00	11.8	-28	55	0
AL072009	FRED	2009	09	08	18	00	11.9	-29.2	60	0
AL072009	FRED	2009	09	09	00	00	12.4	-30.3	70	1
AL072009	FRED	2009	09	09	06	00	13	-31.3	90	2
AL072009	FRED	2009	09	09	12	00	13.6	-32.1	105	3
AL072009	FRED	2009	09	09	18	00	14.2	-32.8	100	3
AL072009	FRED	2009	09	10	00	00	14.8	-33.5	95	2
AL072009	FRED	2009	09	10	06	00	15.4	-34.2	90	2
AL072009	FRED	2009	09	10	12	00	16.1	-34.6	85	2
AL072009	FRED	2009	09	10	18	00	16.7	-34.9	80	1
AL072009	FRED	2009	09	11	00	00	17.2	-35.1	80	1
AL072009	FRED	2009	09	11	06	00	17.5	-34.8	75	1
AL072009	FRED	2009	09	11	12	00	17.6	-34.5	65	1
AL072009	FRED	2009	09	11	18	00	17.6	-34.2	55	0
AL072009	FRED	2009	09	12	00	00	17.6	-33.9	50	0
AL072009	FRED	2009	09	12	06	00	17.6	-33.6	40	0
AL072009	FRED	2009	09	12	12	00	17.5	-33.6	35	0
AL072009	FRED	2009	09	12	18	00	17.5	-33.8	30	0
AL072009	FRED	2009	09	13	00	00	17.5	-34	30	0
AL072009	FRED	2009	09	13	06	00	17.5	-34.3	30	0
AL072009	FRED	2009	09	13	12	00	17.9	-34.7	30	0
AL072009	FRED	2009	09	13	18	00	18.5	-35.4	30	0
AL072009	FRED	2009	09	14	00	00	19	-36.3	30	0
AL072009	FRED	2009	09	14	06	00	19.2	-37.5	30	0
AL072009	FRED	2009	09	14	12	00	19.2	-38.8	30	0
AL072009	FRED	2009	09	14	18	00	19.1	-40.2	25	0
AL072009	FRED	2009	09	15	00	00	19.1	-41.6	25	0
AL072009	FRED	2009	09	15	06	00	19.3	-43.1	25	0
AL072009	FRED	2009	09	15	12	00	19.8	-44.7	25	0
AL072009	FRED	2009	09	15	18	00	20.4	-46.4	25	0
AL072009	FRED	2009	09	16	00	00	21.1	-48.3	25	0
AL072009	FRED	2009	09	16	06	00	21.8	-50.2	25	0
AL072009	FRED	2009	09	16	12	00	22.3	-52.1	25	0
AL072009	FRED	2009	09	16	18	00	22.8	-54.1	25	0
AL072009	FRED	2009	09	17	00	00	23.3	-56	25	0
AL072009	FRED	2009	09	17	06	00	23.8	-57.9	25	0
AL072009	FRED	2009	09	17	12	00	24.2	-59.9	25	0
AL072009	FRED	2009	09	17	18	00	24.6	-61.6	25	0
AL072009	FRED	2009	09	18	00	00	24.9	-63.2	25	0
AL072009	FRED	2009	09	18	06	00	25.3	-64.7	25	0
AL072009	FRED	2009	09	18	12	00	25.6	-66	25	0
AL072009	FRED	2009	09	18	18	00	25.9	-67.1	25	0
AL072009	FRED	2009	09	19	00	00	26.2	-68.1	25	0
AL072009	FRED	2009	09	19	06	00	26.4	-69	25	0
AL072009	FRED	2009	09	19	12	00	26.6	-69.8	25	0
