id,name,year,month,day,hour,minute,lat,lon,max_sustained_wind_kts,sshws
AL071943,UNNAMED,1943,09,28,06,00,29,-65.8,35,0
AL071943,UNNAMED,1943,09,28,12,00,30,-66.3,35,0
AL071943,UNNAMED,1943,09,28,18,00,31.5,-66.7,40,0
AL071943,UNNAMED,1943,09,29,00,00,32.7,-67.1,40,0
AL071943,UNNAMED,1943,09,29,06,00,33.8,-67.5,45,0
AL071943,UNNAMED,1943,09,29,12,00,34.6,-68.2,45,0
AL071943,UNNAMED,1943,09,29,18,00,35.2,-69.2,50,0
AL071943,UNNAMED,1943,09,30,00,00,35.7,-70.4,50,0
AL071943,UNNAMED,1943,09,30,06,00,36.1,-71.7,50,0
AL071943,UNNAMED,1943,09,30,12,00,36.5,-73,55,0
AL071943,UNNAMED,1943,09,30,18,00,37,-74.5,55,0
AL071943,UNNAMED,1943,10,01,00,00,37.7,-75.7,55,0
AL071943,UNNAMED,1943,10,01,06,00,38.5,-76.6,45,0
AL071943,UNNAMED,1943,10,01,12,00,39.5,-76.8,35,0
AL071943,UNNAMED,1943,10,01,18,00,40.5,-77,30,0
AL071943,UNNAMED,1943,10,02,00,00,41.5,-77.2,25,0
