AL071921	UNNAMED	1921	11	19	00	00	20.9	-65	25	0
AL071921	UNNAMED	1921	11	19	06	00	21.2	-66	25	0
AL071921	UNNAMED	1921	11	19	12	00	21.5	-67	30	0
AL071921	UNNAMED	1921	11	19	18	00	21.8	-68	30	0
AL071921	UNNAMED	1921	11	20	00	00	22.1	-69	30	0
AL071921	UNNAMED	1921	11	20	06	00	22.3	-70	35	0
AL071921	UNNAMED	1921	11	20	12	00	22.5	-71	35	0
AL071921	UNNAMED	1921	11	20	18	00	22.7	-72	40	0
AL071921	UNNAMED	1921	11	21	00	00	22.8	-72.9	40	0
AL071921	UNNAMED	1921	11	21	06	00	22.9	-73.7	45	0
AL071921	UNNAMED	1921	11	21	12	00	23	-74.5	50	0
AL071921	UNNAMED	1921	11	21	18	00	22.9	-75.2	50	0
AL071921	UNNAMED	1921	11	22	00	00	22.8	-75.8	45	0
AL071921	UNNAMED	1921	11	22	06	00	22.7	-76.5	45	0
AL071921	UNNAMED	1921	11	22	12	00	22.5	-77.5	40	0
AL071921	UNNAMED	1921	11	22	18	00	22.3	-78.8	40	0
AL071921	UNNAMED	1921	11	23	00	00	22.2	-80.3	35	0
AL071921	UNNAMED	1921	11	23	06	00	22.1	-81.5	35	0
AL071921	UNNAMED	1921	11	23	12	00	22	-82.5	30	0
AL071921	UNNAMED	1921	11	23	18	00	22	-83.4	30	0
AL071921	UNNAMED	1921	11	24	00	00	22.1	-84.3	30	0
AL071921	UNNAMED	1921	11	24	06	00	22.3	-85.2	30	0
AL071921	UNNAMED	1921	11	24	12	00	22.5	-86	25	0
AL071921	UNNAMED	1921	11	24	18	00	22.7	-86.4	25	0
AL071921	UNNAMED	1921	11	25	00	00	22.9	-86.5	25	0
AL071921	UNNAMED	1921	11	25	06	00	23.2	-86.5	25	0
AL071921	UNNAMED	1921	11	25	12	00	23.5	-86.5	25	0
AL071921	UNNAMED	1921	11	25	18	00	24	-86.5	25	0
