AL072013	GABRIELLE	2013	09	04	18	00	16.2	-65.9	30	0
AL072013	GABRIELLE	2013	09	05	00	00	16.7	-66.3	30	0
AL072013	GABRIELLE	2013	09	05	06	00	17.1	-67	30	0
AL072013	GABRIELLE	2013	09	05	12	00	17.4	-67.7	30	0
AL072013	GABRIELLE	2013	09	05	18	00	17.9	-68.4	25	0
AL072013	GABRIELLE	2013	09	06	00	00	18.8	-68.4	25	0
AL072013	GABRIELLE	2013	09	06	06	00	19.5	-68.5	20	0
AL072013	GABRIELLE	2013	09	06	12	00	20	-68.6	20	0
AL072013	GABRIELLE	2013	09	06	18	00	20.4	-68.7	20	0
AL072013	GABRIELLE	2013	09	07	00	00	21.2	-68.7	20	0
AL072013	GABRIELLE	2013	09	07	06	00	22	-68.8	20	0
AL072013	GABRIELLE	2013	09	07	12	00	22.8	-69.2	25	0
AL072013	GABRIELLE	2013	09	07	18	00	23.6	-69.2	25	0
AL072013	GABRIELLE	2013	09	08	00	00	24.4	-69.1	25	0
AL072013	GABRIELLE	2013	09	08	06	00	24.7	-68.9	25	0
AL072013	GABRIELLE	2013	09	08	12	00	24.8	-68.8	25	0
AL072013	GABRIELLE	2013	09	08	18	00	24.9	-68.7	25	0
AL072013	GABRIELLE	2013	09	09	00	00	25.1	-68.2	25	0
AL072013	GABRIELLE	2013	09	09	06	00	25.4	-67.8	25	0
AL072013	GABRIELLE	2013	09	09	12	00	25.9	-66.9	30	0
AL072013	GABRIELLE	2013	09	09	18	00	26.6	-65.9	30	0
AL072013	GABRIELLE	2013	09	10	00	00	27.6	-65.1	30	0
AL072013	GABRIELLE	2013	09	10	06	00	29	-65	40	0
AL072013	GABRIELLE	2013	09	10	12	00	30.1	-64.8	55	0
AL072013	GABRIELLE	2013	09	10	18	00	31.1	-64.7	50	0
AL072013	GABRIELLE	2013	09	11	00	00	31.9	-64.9	50	0
AL072013	GABRIELLE	2013	09	11	06	00	32.3	-65.4	45	0
AL072013	GABRIELLE	2013	09	11	12	00	32.5	-65.7	40	0
AL072013	GABRIELLE	2013	09	11	18	00	32.6	-66.2	35	0
AL072013	GABRIELLE	2013	09	12	00	00	32.9	-66.8	30	0
AL072013	GABRIELLE	2013	09	12	06	00	33.2	-67.4	30	0
AL072013	GABRIELLE	2013	09	12	12	00	33.6	-67.6	35	0
AL072013	GABRIELLE	2013	09	12	18	00	34	-67.9	35	0
AL072013	GABRIELLE	2013	09	13	00	00	34.7	-68.1	35	0
AL072013	GABRIELLE	2013	09	13	06	00	35.9	-67.5	30	0
AL072013	GABRIELLE	2013	09	13	12	00	37.7	-66.6	30	0
