AL071966	GRETA	1966	09	01	12	00	13.7	-48.4	25	0
AL071966	GRETA	1966	09	01	18	00	14.3	-49.6	25	0
AL071966	GRETA	1966	09	02	00	00	14.9	-50.8	25	0
AL071966	GRETA	1966	09	02	06	00	15.3	-51.5	30	0
AL071966	GRETA	1966	09	02	12	00	15.9	-52.2	30	0
AL071966	GRETA	1966	09	02	18	00	16.2	-52.9	30	0
AL071966	GRETA	1966	09	03	00	00	16.4	-53.7	30	0
AL071966	GRETA	1966	09	03	06	00	16.7	-54.3	30	0
AL071966	GRETA	1966	09	03	12	00	17	-55	30	0
AL071966	GRETA	1966	09	03	18	00	17.4	-55.8	30	0
AL071966	GRETA	1966	09	04	00	00	17.8	-56.7	30	0
AL071966	GRETA	1966	09	04	06	00	18.4	-57.3	30	0
AL071966	GRETA	1966	09	04	12	00	19	-58	30	0
AL071966	GRETA	1966	09	04	18	00	19.8	-59	50	0
AL071966	GRETA	1966	09	05	00	00	20.7	-60.1	50	0
AL071966	GRETA	1966	09	05	06	00	21	-60.9	45	0
AL071966	GRETA	1966	09	05	12	00	21.3	-61.7	40	0
AL071966	GRETA	1966	09	05	18	00	21.8	-62.6	35	0
AL071966	GRETA	1966	09	06	00	00	22.2	-63.7	35	0
AL071966	GRETA	1966	09	06	06	00	23	-65.1	35	0
AL071966	GRETA	1966	09	06	12	00	23.7	-66.7	30	0
AL071966	GRETA	1966	09	06	18	00	24.6	-68.2	30	0
AL071966	GRETA	1966	09	07	00	00	25.6	-69.7	30	0
AL071966	GRETA	1966	09	07	06	00	26.1	-70.6	30	0
AL071966	GRETA	1966	09	07	12	00	26.7	-71.5	30	0
AL071966	GRETA	1966	09	07	18	00	28	-71.7	25	0
