id,name,year,month,day,hour,minute,lat,lon,max_sustained_wind_kts,sshws
AL071940,UNNAMED,1940,09,22,00,00,29.3,-49.4,50,0
AL071940,UNNAMED,1940,09,22,06,00,29.5,-47.6,55,0
AL071940,UNNAMED,1940,09,22,12,00,30,-45.5,60,0
AL071940,UNNAMED,1940,09,22,18,00,31,-43,65,1
AL071940,UNNAMED,1940,09,23,00,00,33,-40,75,1
AL071940,UNNAMED,1940,09,23,06,00,35.2,-36.8,80,1
AL071940,UNNAMED,1940,09,23,12,00,37,-34,85,2
AL071940,UNNAMED,1940,09,23,18,00,37.6,-31.5,85,2
AL071940,UNNAMED,1940,09,24,00,00,37.9,-29.3,85,2
AL071940,UNNAMED,1940,09,24,06,00,38,-27.3,80,1
AL071940,UNNAMED,1940,09,24,12,00,38,-26.2,80,1
AL071940,UNNAMED,1940,09,24,18,00,38.1,-25.9,75,1
AL071940,UNNAMED,1940,09,25,00,00,38.3,-26,70,1
AL071940,UNNAMED,1940,09,25,06,00,38.5,-26.5,65,1
AL071940,UNNAMED,1940,09,25,12,00,38.7,-27.5,65,1
AL071940,UNNAMED,1940,09,25,18,00,38.9,-28.6,60,0
AL071940,UNNAMED,1940,09,26,00,00,39.1,-29.7,55,0
AL071940,UNNAMED,1940,09,26,06,00,39.3,-31,55,0
AL071940,UNNAMED,1940,09,26,12,00,39.5,-32.5,55,0
AL071940,UNNAMED,1940,09,26,18,00,39.7,-34.2,55,0
AL071940,UNNAMED,1940,09,27,00,00,39.8,-36.2,50,0
AL071940,UNNAMED,1940,09,27,06,00,39.9,-38.2,45,0
AL071940,UNNAMED,1940,09,27,12,00,40,-40,40,0
AL071940,UNNAMED,1940,09,27,18,00,40.1,-41,35,0
AL071940,UNNAMED,1940,09,28,00,00,40.2,-41.5,35,0
AL071940,UNNAMED,1940,09,28,06,00,40.3,-41.8,30,0
AL071940,UNNAMED,1940,09,28,12,00,40.5,-42,30,0
