AL072007	GABRIELLE	2007	09	08	00	00	30.1	-71.8	40	0
AL072007	GABRIELLE	2007	09	08	06	00	30.5	-72.8	40	0
AL072007	GABRIELLE	2007	09	08	12	00	31.1	-73.8	35	0
AL072007	GABRIELLE	2007	09	08	18	00	31.8	-74.6	35	0
AL072007	GABRIELLE	2007	09	09	00	00	32.6	-75.4	40	0
AL072007	GABRIELLE	2007	09	09	06	00	33.5	-76	45	0
AL072007	GABRIELLE	2007	09	09	12	00	34.3	-76.4	50	0
AL072007	GABRIELLE	2007	09	09	15	30	34.8	-76.4	50	0
AL072007	GABRIELLE	2007	09	09	18	00	35.2	-76.3	45	0
AL072007	GABRIELLE	2007	09	10	00	00	36	-75.8	40	0
AL072007	GABRIELLE	2007	09	10	06	00	36.7	-75	30	0
AL072007	GABRIELLE	2007	09	10	12	00	37.1	-73.8	30	0
AL072007	GABRIELLE	2007	09	10	18	00	37.5	-72	30	0
AL072007	GABRIELLE	2007	09	11	00	00	37.9	-70	30	0
AL072007	GABRIELLE	2007	09	11	06	00	38.4	-68	30	0
