AL071894	UNNAMED	1894	10	21	06	00	21	-60.3	35	0
AL071894	UNNAMED	1894	10	21	12	00	21.5	-61	40	0
AL071894	UNNAMED	1894	10	21	18	00	21.8	-61.7	40	0
AL071894	UNNAMED	1894	10	22	00	00	22.1	-62.4	45	0
AL071894	UNNAMED	1894	10	22	06	00	22.4	-63.2	45	0
AL071894	UNNAMED	1894	10	22	12	00	22.7	-64	50	0
AL071894	UNNAMED	1894	10	22	18	00	22.8	-64.9	50	0
AL071894	UNNAMED	1894	10	23	00	00	22.9	-65.9	55	0
AL071894	UNNAMED	1894	10	23	06	00	23.2	-67	60	0
AL071894	UNNAMED	1894	10	23	12	00	23.5	-68.1	65	1
AL071894	UNNAMED	1894	10	23	18	00	24.1	-69.5	65	1
AL071894	UNNAMED	1894	10	24	00	00	24.5	-70.6	70	1
AL071894	UNNAMED	1894	10	24	06	00	24.9	-71.8	75	1
AL071894	UNNAMED	1894	10	24	12	00	25.5	-73	75	1
AL071894	UNNAMED	1894	10	24	18	00	25.8	-73.5	80	1
AL071894	UNNAMED	1894	10	25	00	00	26.2	-74.2	85	2
AL071894	UNNAMED	1894	10	25	06	00	26.6	-74.3	85	2
AL071894	UNNAMED	1894	10	25	12	00	27	-74	85	2
AL071894	UNNAMED	1894	10	25	18	00	28	-72.6	85	2
AL071894	UNNAMED	1894	10	26	00	00	29	-71	85	2
AL071894	UNNAMED	1894	10	26	06	00	30	-69.5	85	2
AL071894	UNNAMED	1894	10	26	12	00	31	-68	85	2
AL071894	UNNAMED	1894	10	26	18	00	32.9	-65.4	85	2
AL071894	UNNAMED	1894	10	27	00	00	34.9	-62.4	85	2
AL071894	UNNAMED	1894	10	27	06	00	37.1	-59.4	85	2
AL071894	UNNAMED	1894	10	27	12	00	39	-57	85	2
AL071894	UNNAMED	1894	10	27	18	00	41.1	-54.4	85	2
AL071894	UNNAMED	1894	10	28	00	00	43.2	-51.5	90	2
AL071894	UNNAMED	1894	10	28	06	00	44.7	-48.7	90	2
AL071894	UNNAMED	1894	10	28	12	00	45.8	-45.8	95	2
AL071894	UNNAMED	1894	10	28	18	00	46.4	-44.1	95	2
AL071894	UNNAMED	1894	10	29	00	00	47	-42.6	95	2
AL071894	UNNAMED	1894	10	29	06	00	47.6	-41.3	90	2
AL071894	UNNAMED	1894	10	29	12	00	48.1	-40	85	2
AL071894	UNNAMED	1894	10	29	18	00	48.6	-38.8	85	2
AL071894	UNNAMED	1894	10	30	00	00	49	-37.6	85	2
AL071894	UNNAMED	1894	10	30	06	00	49.4	-36.3	80	1
AL071894	UNNAMED	1894	10	30	12	00	49.9	-35	80	1
AL071894	UNNAMED	1894	10	30	18	00	50.5	-33.4	75	1
AL071894	UNNAMED	1894	10	31	00	00	51.3	-31.5	70	1
AL071894	UNNAMED	1894	10	31	06	00	52.1	-29.3	65	1
AL071894	UNNAMED	1894	10	31	12	00	53	-27	65	1
