AL071889	UNNAMED	1889	09	12	06	00	15.2	-25.7	35	0
AL071889	UNNAMED	1889	09	12	12	00	15.7	-26.7	35	0
AL071889	UNNAMED	1889	09	12	18	00	16.2	-27.9	35	0
AL071889	UNNAMED	1889	09	13	00	00	16.8	-29	35	0
AL071889	UNNAMED	1889	09	13	06	00	17.5	-30.1	35	0
AL071889	UNNAMED	1889	09	13	12	00	18.4	-31.2	40	0
AL071889	UNNAMED	1889	09	13	18	00	19.4	-32.3	40	0
AL071889	UNNAMED	1889	09	14	00	00	20.5	-33.3	40	0
AL071889	UNNAMED	1889	09	14	06	00	21.8	-34.2	40	0
AL071889	UNNAMED	1889	09	14	12	00	23.2	-35	45	0
AL071889	UNNAMED	1889	09	14	18	00	24.9	-35.5	45	0
AL071889	UNNAMED	1889	09	15	00	00	27	-35.9	45	0
AL071889	UNNAMED	1889	09	15	06	00	29.1	-36.2	45	0
AL071889	UNNAMED	1889	09	15	12	00	30.6	-36.6	45	0
AL071889	UNNAMED	1889	09	15	18	00	31.7	-37.1	50	0
AL071889	UNNAMED	1889	09	16	00	00	32.6	-37.7	50	0
AL071889	UNNAMED	1889	09	16	06	00	33.3	-38.3	50	0
AL071889	UNNAMED	1889	09	16	12	00	34	-39	50	0
AL071889	UNNAMED	1889	09	16	18	00	34.5	-39.9	50	0
AL071889	UNNAMED	1889	09	17	00	00	35	-41	50	0
AL071889	UNNAMED	1889	09	17	06	00	35.5	-42.3	50	0
AL071889	UNNAMED	1889	09	17	12	00	36.1	-43.5	50	0
AL071889	UNNAMED	1889	09	17	18	00	37	-45.7	50	0
AL071889	UNNAMED	1889	09	18	00	00	37.5	-47.5	50	0
AL071889	UNNAMED	1889	09	18	06	00	38.3	-48.8	45	0
AL071889	UNNAMED	1889	09	18	12	00	39.7	-49.4	45	0
AL071889	UNNAMED	1889	09	18	18	00	40.4	-49.4	45	0
AL071889	UNNAMED	1889	09	19	00	00	41.4	-49.3	45	0
AL071889	UNNAMED	1889	09	19	06	00	42.3	-49.1	40	0
AL071889	UNNAMED	1889	09	19	12	00	43.1	-48.9	35	0
AL071889	UNNAMED	1889	09	19	18	00	44	-48.5	35	0
