AL071937	UNNAMED	1937	09	16	12	00	23.1	-94.2	35	0
AL071937	UNNAMED	1937	09	16	18	00	23.5	-93.7	35	0
AL071937	UNNAMED	1937	09	17	00	00	23.9	-93.3	35	0
AL071937	UNNAMED	1937	09	17	06	00	24.3	-93	40	0
AL071937	UNNAMED	1937	09	17	12	00	24.7	-92.6	40	0
AL071937	UNNAMED	1937	09	17	18	00	25.1	-92.2	40	0
AL071937	UNNAMED	1937	09	18	00	00	25.5	-91.9	45	0
AL071937	UNNAMED	1937	09	18	06	00	26.1	-91.6	45	0
AL071937	UNNAMED	1937	09	18	12	00	26.6	-91.3	50	0
AL071937	UNNAMED	1937	09	18	18	00	27	-90.9	50	0
AL071937	UNNAMED	1937	09	19	00	00	27.4	-90.4	50	0
AL071937	UNNAMED	1937	09	19	06	00	27.9	-90.1	45	0
AL071937	UNNAMED	1937	09	19	12	00	28.5	-89.8	45	0
AL071937	UNNAMED	1937	09	19	18	00	29.1	-89.3	40	0
AL071937	UNNAMED	1937	09	20	00	00	29.3	-88.3	40	0
AL071937	UNNAMED	1937	09	20	06	00	29.4	-87.1	40	0
AL071937	UNNAMED	1937	09	20	12	00	29.6	-85.9	35	0
AL071937	UNNAMED	1937	09	20	16	00	29.7	-85.4	35	0
AL071937	UNNAMED	1937	09	20	18	00	29.8	-85.1	35	0
AL071937	UNNAMED	1937	09	21	00	00	29.9	-84.3	30	0
AL071937	UNNAMED	1937	09	21	06	00	30	-83.4	25	0
AL071937	UNNAMED	1937	09	21	12	00	30.1	-82.6	20	0
AL071937	UNNAMED	1937	09	21	18	00	30.1	-81.8	20	0
