AL071990	FRAN	1990	08	11	12	00	9	-32.1	25	0
AL071990	FRAN	1990	08	11	18	00	8.5	-34	25	0
AL071990	FRAN	1990	08	12	00	00	8.3	-36.2	30	0
AL071990	FRAN	1990	08	12	06	00	8.2	-39	30	0
AL071990	FRAN	1990	08	12	12	00	8	-42	30	0
AL071990	FRAN	1990	08	12	18	00	7.9	-44.6	25	0
AL071990	FRAN	1990	08	13	00	00	8.2	-46.8	15	0
AL071990	FRAN	1990	08	13	06	00	8.4	-48.9	15	0
AL071990	FRAN	1990	08	13	12	00	8.7	-51.1	30	0
AL071990	FRAN	1990	08	13	18	00	9	-53.6	35	0
AL071990	FRAN	1990	08	14	00	00	9.2	-56	35	0
AL071990	FRAN	1990	08	14	06	00	9.7	-59	35	0
AL071990	FRAN	1990	08	14	12	00	10.2	-61.3	35	0
