AL071961	FRANCES	1961	09	30	06	00	16	-57	30	0
AL071961	FRANCES	1961	09	30	12	00	16.1	-58.7	35	0
AL071961	FRANCES	1961	09	30	18	00	16.2	-59.5	45	0
AL071961	FRANCES	1961	10	01	00	00	16.2	-60.3	45	0
AL071961	FRANCES	1961	10	01	06	00	16.2	-61.1	40	0
AL071961	FRANCES	1961	10	01	12	00	16	-62.1	40	0
AL071961	FRANCES	1961	10	01	18	00	15.9	-63.1	40	0
AL071961	FRANCES	1961	10	02	00	00	16.1	-64	40	0
AL071961	FRANCES	1961	10	02	06	00	16.2	-65	45	0
AL071961	FRANCES	1961	10	02	12	00	16.4	-66.1	50	0
AL071961	FRANCES	1961	10	02	18	00	17	-67.1	50	0
AL071961	FRANCES	1961	10	03	00	00	17.8	-67.9	50	0
AL071961	FRANCES	1961	10	03	06	00	18.5	-68.6	50	0
AL071961	FRANCES	1961	10	03	12	00	19.2	-69.1	50	0
AL071961	FRANCES	1961	10	03	18	00	20.6	-69.7	55	0
AL071961	FRANCES	1961	10	04	00	00	22	-70.3	55	0
AL071961	FRANCES	1961	10	04	06	00	23	-70.7	60	0
AL071961	FRANCES	1961	10	04	12	00	24.3	-71.3	65	1
AL071961	FRANCES	1961	10	04	18	00	25.4	-71.6	70	1
AL071961	FRANCES	1961	10	05	00	00	26.9	-71.2	75	1
AL071961	FRANCES	1961	10	05	06	00	27.4	-71.1	80	1
AL071961	FRANCES	1961	10	05	12	00	28.7	-70.7	85	2
AL071961	FRANCES	1961	10	05	18	00	29.2	-70.3	90	2
AL071961	FRANCES	1961	10	06	00	00	30	-69.5	95	2
AL071961	FRANCES	1961	10	06	06	00	30.5	-68.8	100	3
AL071961	FRANCES	1961	10	06	12	00	31.2	-68.2	105	3
AL071961	FRANCES	1961	10	06	18	00	32.2	-67.4	105	3
AL071961	FRANCES	1961	10	07	00	00	32.9	-66.3	110	3
AL071961	FRANCES	1961	10	07	06	00	34	-65.1	110	3
AL071961	FRANCES	1961	10	07	12	00	35.5	-64.5	110	3
AL071961	FRANCES	1961	10	07	18	00	36.6	-64.2	110	3
AL071961	FRANCES	1961	10	08	00	00	38.5	-64.2	105	3
AL071961	FRANCES	1961	10	08	06	00	39.2	-64.7	100	3
AL071961	FRANCES	1961	10	08	12	00	40.1	-65.2	95	2
AL071961	FRANCES	1961	10	08	18	00	41.2	-66	70	1
AL071961	FRANCES	1961	10	09	00	00	42.2	-66.5	65	1
AL071961	FRANCES	1961	10	09	06	00	43.1	-67.4	50	0
AL071961	FRANCES	1961	10	09	12	00	43.5	-67.8	40	0
AL071961	FRANCES	1961	10	09	18	00	44.4	-65.8	40	0
AL071961	FRANCES	1961	10	10	00	00	45	-64	35	0
AL071961	FRANCES	1961	10	10	06	00	46	-59.2	35	0
