AL071933	UNNAMED	1933	08	14	00	00	14.2	-65.3	30	0
AL071933	UNNAMED	1933	08	14	06	00	14.4	-66.7	30	0
AL071933	UNNAMED	1933	08	14	12	00	14.6	-68	30	0
AL071933	UNNAMED	1933	08	14	18	00	14.8	-69.4	30	0
AL071933	UNNAMED	1933	08	15	00	00	15.1	-70.8	35	0
AL071933	UNNAMED	1933	08	15	06	00	15.3	-72.2	35	0
AL071933	UNNAMED	1933	08	15	12	00	15.6	-73.6	35	0
AL071933	UNNAMED	1933	08	15	18	00	16.1	-74.9	35	0
AL071933	UNNAMED	1933	08	16	00	00	16.6	-76.2	35	0
AL071933	UNNAMED	1933	08	16	06	00	16.9	-77.4	35	0
AL071933	UNNAMED	1933	08	16	12	00	17.2	-78.5	35	0
AL071933	UNNAMED	1933	08	16	18	00	17.9	-79.7	35	0
AL071933	UNNAMED	1933	08	17	00	00	19	-80.8	35	0
AL071933	UNNAMED	1933	08	17	06	00	20.2	-82.1	35	0
AL071933	UNNAMED	1933	08	17	12	00	21.4	-83.1	35	0
AL071933	UNNAMED	1933	08	17	18	00	22	-83.7	35	0
AL071933	UNNAMED	1933	08	18	00	00	22.4	-84	30	0
AL071933	UNNAMED	1933	08	18	06	00	22.7	-84.3	35	0
AL071933	UNNAMED	1933	08	18	12	00	23	-84.5	40	0
AL071933	UNNAMED	1933	08	18	18	00	23.5	-84.5	40	0
AL071933	UNNAMED	1933	08	19	00	00	24	-84.5	35	0
AL071933	UNNAMED	1933	08	19	06	00	24.5	-84.5	30	0
AL071933	UNNAMED	1933	08	19	12	00	25	-84.5	30	0
AL071933	UNNAMED	1933	08	19	18	00	25.5	-84.4	30	0
AL071933	UNNAMED	1933	08	20	00	00	26	-84.3	25	0
AL071933	UNNAMED	1933	08	20	06	00	26.5	-84.2	25	0
AL071933	UNNAMED	1933	08	20	12	00	27	-84	25	0
AL071933	UNNAMED	1933	08	20	18	00	27.2	-83.9	25	0
AL071933	UNNAMED	1933	08	21	00	00	27.3	-83.8	25	0
AL071933	UNNAMED	1933	08	21	06	00	27.3	-83.7	25	0
AL071933	UNNAMED	1933	08	21	12	00	27.3	-83.5	25	0
