id,name,year,month,day,hour,minute,lat,lon,max_sustained_wind_kts,sshws
AL071947,UNNAMED,1947,10,05,18,00,25,-78.5,25,0
AL071947,UNNAMED,1947,10,06,00,00,25.9,-78.1,30,0
AL071947,UNNAMED,1947,10,06,06,00,26.8,-78,35,0
AL071947,UNNAMED,1947,10,06,12,00,27.8,-78.1,35,0
AL071947,UNNAMED,1947,10,06,18,00,28.8,-78.6,45,0
AL071947,UNNAMED,1947,10,07,00,00,30.2,-80,50,0
AL071947,UNNAMED,1947,10,07,04,00,30.8,-81.5,50,0
AL071947,UNNAMED,1947,10,07,06,00,30.9,-82.1,45,0
AL071947,UNNAMED,1947,10,07,12,00,30.6,-84.9,30,0
AL071947,UNNAMED,1947,10,07,18,00,30.3,-86,30,0
AL071947,UNNAMED,1947,10,08,00,00,29.6,-84.5,25,0
AL071947,UNNAMED,1947,10,08,06,00,30,-83.8,25,0
AL071947,UNNAMED,1947,10,08,12,00,31.2,-83.4,20,0
AL071947,UNNAMED,1947,10,08,18,00,32.5,-83.2,20,0
AL071947,UNNAMED,1947,10,09,00,00,33.5,-83,20,0
AL071947,UNNAMED,1947,10,09,06,00,34,-82.6,20,0
