id,name,year,month,day,hour,minute,lat,lon,max_sustained_wind_kts,sshws
AL071942,UNNAMED,1942,09,27,06,00,29.8,-63.5,35,0
AL071942,UNNAMED,1942,09,27,12,00,30,-64,35,0
AL071942,UNNAMED,1942,09,27,18,00,30.2,-64.5,35,0
AL071942,UNNAMED,1942,09,28,00,00,30.4,-65,35,0
AL071942,UNNAMED,1942,09,28,06,00,30.7,-65.5,40,0
AL071942,UNNAMED,1942,09,28,12,00,31,-66,40,0
AL071942,UNNAMED,1942,09,28,18,00,31.5,-66.3,45,0
AL071942,UNNAMED,1942,09,29,00,00,32.2,-66.6,45,0
AL071942,UNNAMED,1942,09,29,06,00,33,-66.9,45,0
AL071942,UNNAMED,1942,09,29,12,00,33.9,-66.9,40,0
AL071942,UNNAMED,1942,09,29,18,00,34.8,-66.4,40,0
AL071942,UNNAMED,1942,09,30,00,00,35.6,-65.5,35,0
AL071942,UNNAMED,1942,09,30,06,00,36.4,-64.1,30,0
