id,name,year,month,day,hour,minute,lat,lon,max_sustained_wind_kts,sshws
AL071968,UNNAMED,1968,09,07,00,00,8.1,-36.5,25,0
AL071968,UNNAMED,1968,09,07,06,00,8.1,-37.9,25,0
AL071968,UNNAMED,1968,09,07,12,00,8.1,-39,25,0
AL071968,UNNAMED,1968,09,07,18,00,8.1,-40.1,30,0
AL071968,UNNAMED,1968,09,08,00,00,8.2,-41.1,30,0
AL071968,UNNAMED,1968,09,08,06,00,8.2,-42.9,30,0
AL071968,UNNAMED,1968,09,08,12,00,8.3,-44,30,0
AL071968,UNNAMED,1968,09,08,18,00,8.5,-45.5,30,0
AL071968,UNNAMED,1968,09,09,00,00,8.8,-46.9,30,0
AL071968,UNNAMED,1968,09,09,06,00,8.9,-48.1,25,0
AL071968,UNNAMED,1968,09,09,12,00,8,-49.1,25,0
AL071968,UNNAMED,1968,09,09,18,00,9,-50.2,25,0
AL071968,UNNAMED,1968,09,10,00,00,9.1,-52,25,0
AL071968,UNNAMED,1968,09,10,06,00,9.5,-53.2,25,0
AL071968,UNNAMED,1968,09,10,12,00,9.9,-54.5,25,0
