id,name,year,month,day,hour,minute,lat,lon,max_sustained_wind_kts,sshws
AL071987,CINDY,1987,09,05,12,00,15.2,-31.3,25,0
AL071987,CINDY,1987,09,05,18,00,16,-32.2,30,0
AL071987,CINDY,1987,09,06,00,00,16.9,-33.1,30,0
AL071987,CINDY,1987,09,06,06,00,18,-34.2,30,0
AL071987,CINDY,1987,09,06,12,00,18.9,-35.3,30,0
AL071987,CINDY,1987,09,06,18,00,20,-36.6,30,0
AL071987,CINDY,1987,09,07,00,00,21.3,-37.8,30,0
AL071987,CINDY,1987,09,07,06,00,22.9,-38.6,30,0
AL071987,CINDY,1987,09,07,12,00,24.6,-39.3,35,0
AL071987,CINDY,1987,09,07,18,00,26.4,-39.3,40,0
AL071987,CINDY,1987,09,08,00,00,28.2,-39.4,45,0
AL071987,CINDY,1987,09,08,06,00,30,-39.5,45,0
AL071987,CINDY,1987,09,08,12,00,31.1,-39.5,45,0
AL071987,CINDY,1987,09,08,18,00,32.2,-39.4,40,0
AL071987,CINDY,1987,09,09,00,00,33.3,-39.3,35,0
AL071987,CINDY,1987,09,09,06,00,34.4,-39,35,0
AL071987,CINDY,1987,09,09,12,00,35.7,-37.9,35,0
AL071987,CINDY,1987,09,09,18,00,37,-36.5,35,0
AL071987,CINDY,1987,09,10,00,00,38.1,-34.9,35,0
AL071987,CINDY,1987,09,10,06,00,39.7,-32.6,35,0
AL071987,CINDY,1987,09,10,12,00,41,-30.5,35,0
AL071987,CINDY,1987,09,10,18,00,42.5,-28,35,0
