AL071988	FLORENCE	1988	09	07	06	00	22.8	-92	25	0
AL071988	FLORENCE	1988	09	07	12	00	22.8	-91.2	30	0
AL071988	FLORENCE	1988	09	07	18	00	22.7	-90.2	40	0
AL071988	FLORENCE	1988	09	08	00	00	22.6	-89.6	45	0
AL071988	FLORENCE	1988	09	08	06	00	22.7	-89.8	45	0
AL071988	FLORENCE	1988	09	08	12	00	23.1	-89.7	45	0
AL071988	FLORENCE	1988	09	08	18	00	23.4	-89.5	45	0
AL071988	FLORENCE	1988	09	09	00	00	24.2	-89.2	50	0
AL071988	FLORENCE	1988	09	09	06	00	25	-89.2	50	0
AL071988	FLORENCE	1988	09	09	12	00	26.1	-89.2	55	0
AL071988	FLORENCE	1988	09	09	18	00	27.4	-89.2	65	1
AL071988	FLORENCE	1988	09	09	23	00	28.5	-89.3	70	1
AL071988	FLORENCE	1988	09	10	00	00	28.7	-89.3	70	1
AL071988	FLORENCE	1988	09	10	02	00	29.1	-89.3	70	1
AL071988	FLORENCE	1988	09	10	06	00	29.7	-89.7	60	0
AL071988	FLORENCE	1988	09	10	12	00	30.7	-90.7	30	0
AL071988	FLORENCE	1988	09	10	18	00	31.8	-91.5	20	0
AL071988	FLORENCE	1988	09	11	00	00	32.4	-92.3	15	0
AL071988	FLORENCE	1988	09	11	06	00	32.7	-93.3	15	0
AL071988	FLORENCE	1988	09	11	12	00	33	-94.5	15	0
