AL071871	UNNAMED	1871	09	30	00	00	21.1	-92.1	40	0
AL071871	UNNAMED	1871	09	30	06	00	21.2	-92.6	40	0
AL071871	UNNAMED	1871	09	30	12	00	21.7	-93.1	40	0
AL071871	UNNAMED	1871	09	30	18	00	22.2	-93.8	40	0
AL071871	UNNAMED	1871	10	01	00	00	22.9	-94.3	50	0
AL071871	UNNAMED	1871	10	01	06	00	23.4	-94.8	50	0
AL071871	UNNAMED	1871	10	01	12	00	24	-95.1	60	0
AL071871	UNNAMED	1871	10	01	18	00	24.9	-95.4	60	0
AL071871	UNNAMED	1871	10	02	00	00	25.9	-95.4	70	1
AL071871	UNNAMED	1871	10	02	06	00	26.8	-95.1	70	1
AL071871	UNNAMED	1871	10	02	12	00	27.5	-94.8	70	1
AL071871	UNNAMED	1871	10	02	18	00	27.8	-94	70	1
AL071871	UNNAMED	1871	10	03	00	00	27.9	-93.1	70	1
AL071871	UNNAMED	1871	10	03	06	00	28	-92.3	70	1
AL071871	UNNAMED	1871	10	03	12	00	28.1	-91.6	70	1
AL071871	UNNAMED	1871	10	03	18	00	28.3	-90.8	70	1
AL071871	UNNAMED	1871	10	04	00	00	28.4	-90.1	70	1
AL071871	UNNAMED	1871	10	04	06	00	28.5	-89.3	70	1
AL071871	UNNAMED	1871	10	04	12	00	28.7	-88.6	70	1
AL071871	UNNAMED	1871	10	04	18	00	28.9	-87.5	70	1
AL071871	UNNAMED	1871	10	05	00	00	29.1	-86.5	60	0
AL071871	UNNAMED	1871	10	05	06	00	29.4	-85.3	60	0
AL071871	UNNAMED	1871	10	05	12	00	29.8	-84.4	60	0
AL071871	UNNAMED	1871	10	05	16	00	30	-83.9	60	0
AL071871	UNNAMED	1871	10	05	18	00	30.2	-83.6	50	0
AL071871	UNNAMED	1871	10	06	00	00	30.8	-83.1	40	0
AL071871	UNNAMED	1871	10	06	06	00	31.3	-82.6	40	0
AL071871	UNNAMED	1871	10	06	12	00	31.8	-82.1	40	0
AL071871	UNNAMED	1871	10	06	18	00	32.2	-80.8	40	0
AL071871	UNNAMED	1871	10	07	00	00	32.9	-79.3	40	0
AL071871	UNNAMED	1871	10	07	06	00	33.7	-77.5	40	0
AL071871	UNNAMED	1871	10	07	12	00	34	-75	40	0
AL071871	UNNAMED	1871	10	07	18	00	34.5	-72	40	0
