id,name,year,month,day,hour,minute,lat,lon,max_sustained_wind_kts,sshws
AL071860,UNNAMED,1860,10,20,00,00,23.5,-70.6,70,1
AL071860,UNNAMED,1860,10,20,06,00,23.7,-71.1,70,1
AL071860,UNNAMED,1860,10,20,12,00,24,-71.6,70,1
AL071860,UNNAMED,1860,10,20,18,00,24.2,-72,70,1
AL071860,UNNAMED,1860,10,21,00,00,24.5,-72.3,70,1
AL071860,UNNAMED,1860,10,21,06,00,24.7,-72.6,70,1
AL071860,UNNAMED,1860,10,21,12,00,25.2,-73,80,1
AL071860,UNNAMED,1860,10,21,18,00,25.7,-73.1,80,1
AL071860,UNNAMED,1860,10,22,00,00,26.3,-73.4,80,1
AL071860,UNNAMED,1860,10,22,06,00,27.1,-73.6,80,1
AL071860,UNNAMED,1860,10,22,12,00,28.1,-73.8,80,1
AL071860,UNNAMED,1860,10,22,18,00,29.3,-73.5,80,1
AL071860,UNNAMED,1860,10,23,00,00,30.8,-72.9,90,2
AL071860,UNNAMED,1860,10,23,06,00,32.5,-71.9,90,2
AL071860,UNNAMED,1860,10,23,12,00,34.5,-70.3,80,1
AL071860,UNNAMED,1860,10,23,18,00,37,-68,80,1
AL071860,UNNAMED,1860,10,24,00,00,39.5,-65.5,70,1
AL071860,UNNAMED,1860,10,24,06,00,41.5,-62.5,70,1
