id,name,year,month,day,hour,minute,lat,lon,max_sustained_wind_kts,sshws
AL071953,UNNAMED,1953,09,14,06,00,23.1,-95,30,0
AL071953,UNNAMED,1953,09,14,12,00,23.1,-94.2,40,0
AL071953,UNNAMED,1953,09,14,18,00,22.9,-93.5,50,0
AL071953,UNNAMED,1953,09,15,00,00,22.8,-92.8,55,0
AL071953,UNNAMED,1953,09,15,06,00,22.8,-92.1,60,0
AL071953,UNNAMED,1953,09,15,12,00,23,-91.3,60,0
AL071953,UNNAMED,1953,09,15,18,00,23.4,-90.4,60,0
AL071953,UNNAMED,1953,09,16,00,00,24,-89.5,60,0
AL071953,UNNAMED,1953,09,16,06,00,24.9,-88.6,60,0
AL071953,UNNAMED,1953,09,16,12,00,25.9,-87.8,60,0
AL071953,UNNAMED,1953,09,16,18,00,26.5,-87.1,60,0
AL071953,UNNAMED,1953,09,17,00,00,26.6,-86.4,60,0
AL071953,UNNAMED,1953,09,17,06,00,26.3,-85.7,60,0
AL071953,UNNAMED,1953,09,17,12,00,25.9,-85.5,60,0
AL071953,UNNAMED,1953,09,17,18,00,25.5,-86.1,60,0
AL071953,UNNAMED,1953,09,18,00,00,25.3,-86.9,60,0
AL071953,UNNAMED,1953,09,18,06,00,25.3,-87.7,60,0
AL071953,UNNAMED,1953,09,18,12,00,25.8,-88.5,60,0
AL071953,UNNAMED,1953,09,18,18,00,26.5,-88.7,60,0
AL071953,UNNAMED,1953,09,19,00,00,27.3,-88.6,60,0
AL071953,UNNAMED,1953,09,19,06,00,27.9,-88.4,60,0
AL071953,UNNAMED,1953,09,19,12,00,28.5,-88,60,0
AL071953,UNNAMED,1953,09,19,18,00,28.9,-87.1,60,0
AL071953,UNNAMED,1953,09,20,00,00,29.2,-86.2,60,0
AL071953,UNNAMED,1953,09,20,06,00,29.4,-85.5,55,0
AL071953,UNNAMED,1953,09,20,12,00,29.6,-84.7,50,0
AL071953,UNNAMED,1953,09,20,18,00,30,-83,40,0
AL071953,UNNAMED,1953,09,21,00,00,32,-80.2,25,0
