AL071867	UNNAMED	1867	10	02	00	00	23.5	-96.5	90	2
AL071867	UNNAMED	1867	10	02	06	00	24.2	-96.8	90	2
AL071867	UNNAMED	1867	10	02	12	00	25	-97	90	2
AL071867	UNNAMED	1867	10	02	18	00	25.9	-97.1	90	2
AL071867	UNNAMED	1867	10	03	00	00	26.7	-96.8	90	2
AL071867	UNNAMED	1867	10	03	06	00	27.3	-96.3	90	2
AL071867	UNNAMED	1867	10	03	12	00	27.9	-95.6	90	2
AL071867	UNNAMED	1867	10	03	18	00	28.6	-94.6	90	2
AL071867	UNNAMED	1867	10	04	00	00	29	-93.6	90	2
AL071867	UNNAMED	1867	10	04	06	00	29.1	-92.5	90	2
AL071867	UNNAMED	1867	10	04	12	00	29.1	-91.5	90	2
AL071867	UNNAMED	1867	10	04	15	00	29.2	-91	90	2
AL071867	UNNAMED	1867	10	04	18	00	29.2	-90.6	90	2
AL071867	UNNAMED	1867	10	05	00	00	29.2	-89.6	90	2
AL071867	UNNAMED	1867	10	05	06	00	29.2	-88.8	90	2
AL071867	UNNAMED	1867	10	05	12	00	29.3	-87.8	80	1
AL071867	UNNAMED	1867	10	05	18	00	29.3	-86.8	80	1
AL071867	UNNAMED	1867	10	06	00	00	29.4	-85.8	80	1
AL071867	UNNAMED	1867	10	06	06	00	29.4	-84.8	80	1
AL071867	UNNAMED	1867	10	06	12	00	29.5	-84	70	1
AL071867	UNNAMED	1867	10	06	15	00	29.6	-83.4	70	1
AL071867	UNNAMED	1867	10	06	18	00	29.6	-83.1	60	0
AL071867	UNNAMED	1867	10	07	00	00	29.8	-82.5	50	0
AL071867	UNNAMED	1867	10	07	06	00	30.1	-81.8	40	0
AL071867	UNNAMED	1867	10	07	12	00	30.5	-81	40	0
AL071867	UNNAMED	1867	10	07	18	00	31	-80	40	0
AL071867	UNNAMED	1867	10	08	00	00	31.6	-78.9	50	0
AL071867	UNNAMED	1867	10	08	06	00	32.3	-77.6	50	0
AL071867	UNNAMED	1867	10	08	12	00	33	-76.5	50	0
AL071867	UNNAMED	1867	10	08	18	00	33.5	-75.5	50	0
AL071867	UNNAMED	1867	10	09	00	00	33.9	-74.6	50	0
AL071867	UNNAMED	1867	10	09	06	00	34.2	-74	50	0
AL071867	UNNAMED	1867	10	09	12	00	34.5	-73.5	50	0
AL071867	UNNAMED	1867	10	09	18	00	34.7	-73.1	50	0
