id,name,year,month,day,hour,minute,lat,lon,max_sustained_wind_kts,sshws
AL071898,UNNAMED,1898,09,25,00,00,16.2,-58.3,35,0
AL071898,UNNAMED,1898,09,25,06,00,16.6,-58.7,40,0
AL071898,UNNAMED,1898,09,25,12,00,17.1,-59.2,40,0
AL071898,UNNAMED,1898,09,25,18,00,17.7,-59.8,45,0
AL071898,UNNAMED,1898,09,26,00,00,18.4,-60.8,50,0
AL071898,UNNAMED,1898,09,26,06,00,19.1,-61.7,60,0
AL071898,UNNAMED,1898,09,26,12,00,19.7,-62.5,65,1
AL071898,UNNAMED,1898,09,26,18,00,20.5,-63.4,65,1
AL071898,UNNAMED,1898,09,27,00,00,21.3,-64.3,65,1
AL071898,UNNAMED,1898,09,27,06,00,21.9,-65.1,70,1
AL071898,UNNAMED,1898,09,27,12,00,22.5,-66,75,1
AL071898,UNNAMED,1898,09,27,18,00,23.2,-67,80,1
AL071898,UNNAMED,1898,09,28,00,00,23.7,-67.8,85,2
AL071898,UNNAMED,1898,09,28,06,00,24.4,-68.9,90,2
AL071898,UNNAMED,1898,09,28,12,00,25,-70,95,2
AL071898,UNNAMED,1898,09,28,18,00,25.4,-70.6,95,2
AL071898,UNNAMED,1898,09,29,00,00,25.8,-71.2,95,2
AL071898,UNNAMED,1898,09,29,06,00,26.2,-71.9,95,2
AL071898,UNNAMED,1898,09,29,12,00,26.5,-72.5,95,2
AL071898,UNNAMED,1898,09,29,18,00,26.8,-73,95,2
AL071898,UNNAMED,1898,09,30,00,00,27.1,-73.5,95,2
AL071898,UNNAMED,1898,09,30,06,00,27.2,-73.9,95,2
AL071898,UNNAMED,1898,09,30,12,00,27.5,-74.5,95,2
AL071898,UNNAMED,1898,09,30,18,00,27.9,-75.2,95,2
AL071898,UNNAMED,1898,10,01,00,00,28.3,-75.9,95,2
AL071898,UNNAMED,1898,10,01,06,00,28.7,-76.6,100,3
AL071898,UNNAMED,1898,10,01,12,00,29,-77.3,105,3
AL071898,UNNAMED,1898,10,01,18,00,29.3,-78,110,3
AL071898,UNNAMED,1898,10,02,00,00,29.6,-78.7,115,4
AL071898,UNNAMED,1898,10,02,06,00,29.9,-79.6,115,4
AL071898,UNNAMED,1898,10,02,12,00,30.4,-80.6,115,4
AL071898,UNNAMED,1898,10,02,16,00,30.9,-81.4,115,4
AL071898,UNNAMED,1898,10,02,18,00,31.1,-81.8,90,2
AL071898,UNNAMED,1898,10,03,00,00,31.9,-83.1,65,1
AL071898,UNNAMED,1898,10,03,06,00,32.7,-84.2,45,0
AL071898,UNNAMED,1898,10,03,12,00,33.5,-85.2,35,0
AL071898,UNNAMED,1898,10,03,18,00,34.3,-86.1,30,0
AL071898,UNNAMED,1898,10,04,00,00,35.2,-86.9,30,0
AL071898,UNNAMED,1898,10,04,06,00,36.4,-87.5,30,0
AL071898,UNNAMED,1898,10,04,12,00,37.6,-87.9,30,0
AL071898,UNNAMED,1898,10,04,18,00,39.1,-87.6,30,0
AL071898,UNNAMED,1898,10,05,00,00,41,-86.2,25,0
AL071898,UNNAMED,1898,10,05,06,00,42.9,-83.8,25,0
AL071898,UNNAMED,1898,10,05,12,00,44.5,-80.8,25,0
AL071898,UNNAMED,1898,10,05,18,00,45.6,-77,25,0
AL071898,UNNAMED,1898,10,06,00,00,46.4,-72,25,0
AL071898,UNNAMED,1898,10,06,06,00,46.8,-65.8,25,0
AL071898,UNNAMED,1898,10,06,12,00,47,-58.8,25,0
AL071898,UNNAMED,1898,10,06,18,00,48,-52.8,25,0
