AL071906	UNNAMED	1906	09	22	00	00	30.3	-31.9	50	0
AL071906	UNNAMED	1906	09	22	06	00	29.6	-32.9	50	0
AL071906	UNNAMED	1906	09	22	12	00	29	-33.8	50	0
AL071906	UNNAMED	1906	09	22	18	00	28.3	-34.7	50	0
AL071906	UNNAMED	1906	09	23	00	00	27.7	-35.6	55	0
AL071906	UNNAMED	1906	09	23	06	00	27.3	-36.4	55	0
AL071906	UNNAMED	1906	09	23	12	00	26.9	-37.1	60	0
AL071906	UNNAMED	1906	09	23	18	00	26.6	-37.8	60	0
AL071906	UNNAMED	1906	09	24	00	00	26.3	-38.5	60	0
AL071906	UNNAMED	1906	09	24	06	00	26.1	-39.2	60	0
AL071906	UNNAMED	1906	09	24	12	00	26	-40	60	0
AL071906	UNNAMED	1906	09	24	18	00	25.8	-40.7	60	0
AL071906	UNNAMED	1906	09	25	00	00	25.7	-41.5	60	0
AL071906	UNNAMED	1906	09	25	06	00	25.7	-42.2	60	0
AL071906	UNNAMED	1906	09	25	12	00	25.7	-43	60	0
AL071906	UNNAMED	1906	09	25	18	00	25.7	-43.7	60	0
AL071906	UNNAMED	1906	09	26	00	00	26	-44.3	60	0
AL071906	UNNAMED	1906	09	26	06	00	26.4	-44.6	60	0
AL071906	UNNAMED	1906	09	26	12	00	27	-44.7	60	0
AL071906	UNNAMED	1906	09	26	18	00	27.5	-44.7	60	0
AL071906	UNNAMED	1906	09	27	00	00	27.9	-44.4	60	0
AL071906	UNNAMED	1906	09	27	06	00	28.2	-44	60	0
AL071906	UNNAMED	1906	09	27	12	00	28.6	-43.3	60	0
AL071906	UNNAMED	1906	09	27	18	00	29.2	-42.3	60	0
AL071906	UNNAMED	1906	09	28	00	00	29.9	-41	60	0
AL071906	UNNAMED	1906	09	28	06	00	30.5	-39.7	60	0
AL071906	UNNAMED	1906	09	28	12	00	31	-38.5	60	0
AL071906	UNNAMED	1906	09	28	18	00	31.7	-37	60	0
AL071906	UNNAMED	1906	09	29	00	00	32.4	-35.4	60	0
AL071906	UNNAMED	1906	09	29	06	00	33.1	-33.7	60	0
AL071906	UNNAMED	1906	09	29	12	00	33.9	-32.2	60	0
AL071906	UNNAMED	1906	09	29	18	00	34.7	-30.8	60	0
AL071906	UNNAMED	1906	09	30	00	00	35.8	-29.6	60	0
AL071906	UNNAMED	1906	09	30	06	00	36.7	-28.7	55	0
AL071906	UNNAMED	1906	09	30	12	00	37.7	-27.7	50	0
AL071906	UNNAMED	1906	09	30	18	00	39.2	-26.3	45	0
AL071906	UNNAMED	1906	10	01	00	00	40.8	-24.4	40	0
AL071906	UNNAMED	1906	10	01	06	00	42.1	-22.5	35	0
AL071906	UNNAMED	1906	10	01	12	00	43.3	-20.5	35	0
AL071906	UNNAMED	1906	10	01	18	00	44.8	-18	35	0
AL071906	UNNAMED	1906	10	02	00	00	46.5	-15	30	0
AL071906	UNNAMED	1906	10	02	06	00	48.5	-11.2	30	0
AL071906	UNNAMED	1906	10	02	12	00	50	-8	30	0
AL071906	UNNAMED	1906	10	02	18	00	51.5	-4.7	30	0
