id,name,year,month,day,hour,minute,lat,lon,max_sustained_wind_kts,sshws
AL071896,UNNAMED,1896,11,27,00,00,10.9,-61.1,35,0
AL071896,UNNAMED,1896,11,27,06,00,11.2,-61.3,35,0
AL071896,UNNAMED,1896,11,27,12,00,11.5,-61.5,40,0
AL071896,UNNAMED,1896,11,27,18,00,12,-61.7,40,0
AL071896,UNNAMED,1896,11,28,00,00,12.7,-61.8,45,0
AL071896,UNNAMED,1896,11,28,06,00,13.4,-61.9,45,0
AL071896,UNNAMED,1896,11,28,12,00,14,-62,50,0
AL071896,UNNAMED,1896,11,28,18,00,14.9,-62.2,50,0
AL071896,UNNAMED,1896,11,29,00,00,16,-62.3,50,0
AL071896,UNNAMED,1896,11,29,06,00,17,-62.4,50,0
AL071896,UNNAMED,1896,11,29,12,00,18,-62.5,40,0
AL071896,UNNAMED,1896,11,29,18,00,19.6,-62.3,35,0
