AL071900	UNNAMED	1900	10	24	00	00	15	-64.5	30	0
AL071900	UNNAMED	1900	10	24	06	00	15.5	-65.2	30	0
AL071900	UNNAMED	1900	10	24	12	00	16	-66	30	0
AL071900	UNNAMED	1900	10	24	18	00	16.5	-66.8	30	0
AL071900	UNNAMED	1900	10	25	00	00	17	-67.6	30	0
AL071900	UNNAMED	1900	10	25	06	00	17.5	-68.5	30	0
AL071900	UNNAMED	1900	10	25	12	00	18	-69.5	30	0
AL071900	UNNAMED	1900	10	25	18	00	18.5	-70.5	30	0
AL071900	UNNAMED	1900	10	26	00	00	19	-71.5	30	0
AL071900	UNNAMED	1900	10	26	06	00	19.5	-72.5	30	0
AL071900	UNNAMED	1900	10	26	12	00	20	-73.3	35	0
AL071900	UNNAMED	1900	10	26	18	00	20.6	-73.9	40	0
AL071900	UNNAMED	1900	10	27	00	00	21.2	-74.4	40	0
AL071900	UNNAMED	1900	10	27	06	00	21.8	-74.8	40	0
AL071900	UNNAMED	1900	10	27	12	00	22.5	-75	40	0
AL071900	UNNAMED	1900	10	27	18	00	23.6	-74.8	45	0
AL071900	UNNAMED	1900	10	28	00	00	25.6	-74.4	45	0
AL071900	UNNAMED	1900	10	28	06	00	27.2	-73.8	45	0
AL071900	UNNAMED	1900	10	28	12	00	29	-72.8	45	0
AL071900	UNNAMED	1900	10	28	18	00	31.5	-71.4	45	0
AL071900	UNNAMED	1900	10	29	00	00	34.8	-69.3	45	0
AL071900	UNNAMED	1900	10	29	06	00	38	-67.3	45	0
AL071900	UNNAMED	1900	10	29	12	00	41.5	-65	45	0
AL071900	UNNAMED	1900	10	29	18	00	45	-63	45	0
