AL071948	UNNAMED	1948	09	07	12	00	36	-58	40	0
AL071948	UNNAMED	1948	09	07	18	00	35.8	-60	45	0
AL071948	UNNAMED	1948	09	08	00	00	36	-61.5	45	0
AL071948	UNNAMED	1948	09	08	06	00	36.3	-62.5	50	0
AL071948	UNNAMED	1948	09	08	12	00	36.8	-63.2	50	0
AL071948	UNNAMED	1948	09	08	18	00	37.3	-63.7	55	0
AL071948	UNNAMED	1948	09	09	00	00	37.9	-64	55	0
AL071948	UNNAMED	1948	09	09	06	00	38.5	-64	50	0
AL071948	UNNAMED	1948	09	09	12	00	39.1	-63.9	45	0
AL071948	UNNAMED	1948	09	09	18	00	40.1	-63.4	45	0
AL071948	UNNAMED	1948	09	10	00	00	41.3	-62.3	40	0
AL071948	UNNAMED	1948	09	10	06	00	42.5	-61	40	0
AL071948	UNNAMED	1948	09	10	12	00	44	-58.5	40	0
AL071948	UNNAMED	1948	09	10	18	00	46	-55	35	0
