AL071997	ERIKA	1997	09	03	06	00	10.9	-44.1	30	0
AL071997	ERIKA	1997	09	03	12	00	11.5	-45.5	30	0
AL071997	ERIKA	1997	09	03	18	00	12.3	-47.1	35	0
AL071997	ERIKA	1997	09	04	00	00	13.1	-48.5	40	0
AL071997	ERIKA	1997	09	04	06	00	13.9	-49.9	50	0
AL071997	ERIKA	1997	09	04	12	00	14.6	-51.7	55	0
AL071997	ERIKA	1997	09	04	18	00	15.2	-53.7	65	1
AL071997	ERIKA	1997	09	05	00	00	15.6	-55.3	65	1
AL071997	ERIKA	1997	09	05	06	00	16	-56.4	65	1
AL071997	ERIKA	1997	09	05	12	00	16.4	-57.4	65	1
AL071997	ERIKA	1997	09	05	18	00	17	-58.3	65	1
AL071997	ERIKA	1997	09	06	00	00	17.5	-59.2	65	1
AL071997	ERIKA	1997	09	06	06	00	18.1	-60	70	1
AL071997	ERIKA	1997	09	06	12	00	18.6	-60.9	70	1
AL071997	ERIKA	1997	09	06	18	00	19	-61.7	75	1
AL071997	ERIKA	1997	09	07	00	00	19.4	-62.4	75	1
AL071997	ERIKA	1997	09	07	06	00	19.7	-62.8	75	1
AL071997	ERIKA	1997	09	07	12	00	20.2	-63.1	75	1
AL071997	ERIKA	1997	09	07	18	00	20.6	-63.2	90	2
AL071997	ERIKA	1997	09	08	00	00	21.2	-63.2	95	2
AL071997	ERIKA	1997	09	08	06	00	21.8	-63.2	100	3
AL071997	ERIKA	1997	09	08	12	00	22.5	-62.9	105	3
AL071997	ERIKA	1997	09	08	18	00	23.2	-62.5	110	3
AL071997	ERIKA	1997	09	09	00	00	24.1	-62	110	3
AL071997	ERIKA	1997	09	09	06	00	25.2	-61.4	110	3
AL071997	ERIKA	1997	09	09	12	00	26.5	-60.8	110	3
AL071997	ERIKA	1997	09	09	18	00	27.9	-60.2	110	3
AL071997	ERIKA	1997	09	10	00	00	29.3	-59.6	105	3
AL071997	ERIKA	1997	09	10	06	00	30.8	-58.9	100	3
AL071997	ERIKA	1997	09	10	12	00	32.2	-58.3	95	2
AL071997	ERIKA	1997	09	10	18	00	33.6	-57.5	90	2
AL071997	ERIKA	1997	09	11	00	00	34.8	-56.4	80	1
AL071997	ERIKA	1997	09	11	06	00	35.7	-55.1	75	1
AL071997	ERIKA	1997	09	11	12	00	36.4	-53.6	70	1
AL071997	ERIKA	1997	09	11	18	00	37.1	-51.9	65	1
AL071997	ERIKA	1997	09	12	00	00	37.6	-49.9	60	0
AL071997	ERIKA	1997	09	12	06	00	38	-48	55	0
AL071997	ERIKA	1997	09	12	12	00	38.5	-46.2	55	0
AL071997	ERIKA	1997	09	12	18	00	38.9	-44.9	50	0
AL071997	ERIKA	1997	09	13	00	00	39	-44	45	0
AL071997	ERIKA	1997	09	13	06	00	38.9	-43.2	45	0
AL071997	ERIKA	1997	09	13	12	00	38.5	-42.3	45	0
AL071997	ERIKA	1997	09	13	18	00	38.1	-41.3	45	0
AL071997	ERIKA	1997	09	14	00	00	37.8	-40.2	45	0
AL071997	ERIKA	1997	09	14	06	00	37.6	-39.1	50	0
AL071997	ERIKA	1997	09	14	12	00	37.6	-37.9	55	0
AL071997	ERIKA	1997	09	14	18	00	37.8	-36.5	55	0
AL071997	ERIKA	1997	09	15	00	00	38.2	-35	60	0
AL071997	ERIKA	1997	09	15	06	00	38.9	-33.4	55	0
AL071997	ERIKA	1997	09	15	12	00	39.7	-31.7	50	0
AL071997	ERIKA	1997	09	15	18	00	40.9	-29.9	50	0
AL071997	ERIKA	1997	09	16	00	00	42.2	-28.2	50	0
AL071997	ERIKA	1997	09	16	06	00	43.5	-26.5	50	0
AL071997	ERIKA	1997	09	16	12	00	45	-24.5	50	0
AL071997	ERIKA	1997	09	16	18	00	46	-22.5	55	0
AL071997	ERIKA	1997	09	17	00	00	46.8	-21	60	0
AL071997	ERIKA	1997	09	17	06	00	47	-20	60	0
AL071997	ERIKA	1997	09	17	12	00	46.5	-19	60	0
AL071997	ERIKA	1997	09	17	18	00	46	-20	55	0
AL071997	ERIKA	1997	09	18	00	00	47.2	-19.8	50	0
AL071997	ERIKA	1997	09	18	06	00	48	-19	45	0
AL071997	ERIKA	1997	09	18	12	00	48.5	-18	40	0
AL071997	ERIKA	1997	09	18	18	00	48.8	-17.5	40	0
AL071997	ERIKA	1997	09	19	00	00	48.9	-17	35	0
AL071997	ERIKA	1997	09	19	06	00	48.9	-16.2	30	0
AL071997	ERIKA	1997	09	19	12	00	49	-15.3	30	0
AL071997	ERIKA	1997	09	19	18	00	49	-14	25	0
