AL071927	UNNAMED	1927	10	30	12	00	19.5	-80	30	0
AL071927	UNNAMED	1927	10	30	18	00	20	-79.9	35	0
AL071927	UNNAMED	1927	10	31	00	00	20.5	-79.7	35	0
AL071927	UNNAMED	1927	10	31	06	00	21	-79.6	40	0
AL071927	UNNAMED	1927	10	31	12	00	21.5	-79.5	40	0
AL071927	UNNAMED	1927	10	31	18	00	22	-79.4	40	0
AL071927	UNNAMED	1927	11	01	00	00	22.5	-79.3	35	0
AL071927	UNNAMED	1927	11	01	06	00	23	-79.2	35	0
AL071927	UNNAMED	1927	11	01	12	00	23.6	-79	35	0
AL071927	UNNAMED	1927	11	01	18	00	24.7	-78.3	35	0
AL071927	UNNAMED	1927	11	02	00	00	26.1	-77.1	35	0
AL071927	UNNAMED	1927	11	02	06	00	27.5	-75.5	35	0
AL071927	UNNAMED	1927	11	02	12	00	29	-74.5	35	0
AL071927	UNNAMED	1927	11	02	18	00	30.5	-74.5	35	0
AL071927	UNNAMED	1927	11	03	00	00	31.5	-75.5	35	0
AL071927	UNNAMED	1927	11	03	06	00	31.8	-75.9	35	0
AL071927	UNNAMED	1927	11	03	12	00	32	-76	35	0
AL071927	UNNAMED	1927	11	03	18	00	32.1	-76	30	0
AL071927	UNNAMED	1927	11	04	00	00	33.2	-72.7	30	0
AL071927	UNNAMED	1927	11	04	06	00	35.9	-72.7	30	0
