AL071959	FLORA	1959	09	09	06	00	16.8	-45.8	25	0
AL071959	FLORA	1959	09	09	12	00	18	-46.5	25	0
AL071959	FLORA	1959	09	09	18	00	19.5	-46.7	25	0
AL071959	FLORA	1959	09	10	00	00	20.8	-46.5	30	0
AL071959	FLORA	1959	09	10	06	00	22	-46	35	0
AL071959	FLORA	1959	09	10	12	00	23.1	-45.4	40	0
AL071959	FLORA	1959	09	10	18	00	24.3	-44.7	45	0
AL071959	FLORA	1959	09	11	00	00	25.6	-43.9	50	0
AL071959	FLORA	1959	09	11	06	00	27.1	-42.7	55	0
AL071959	FLORA	1959	09	11	12	00	28.7	-41.3	65	1
AL071959	FLORA	1959	09	11	18	00	30.3	-39.8	65	1
AL071959	FLORA	1959	09	12	00	00	31.9	-37.6	65	1
AL071959	FLORA	1959	09	12	06	00	34	-34.2	65	1
AL071959	FLORA	1959	09	12	12	00	36.2	-30.7	65	1
AL071959	FLORA	1959	09	12	18	00	37.5	-27.3	60	0
AL071959	FLORA	1959	09	13	00	00	38.7	-24.1	55	0
AL071959	FLORA	1959	09	13	06	00	41.8	-22.9	50	0
AL071959	FLORA	1959	09	13	12	00	45	-22.9	50	0
AL071959	FLORA	1959	09	13	18	00	46.5	-24.1	45	0
AL071959	FLORA	1959	09	14	00	00	47	-26.3	45	0
AL071959	FLORA	1959	09	14	06	00	48.4	-28.8	45	0
