id,name,year,month,day,hour,minute,lat,lon,max_sustained_wind_kts,sshws
AL071923,UNNAMED,1923,10,15,00,00,21.6,-63.8,35,0
AL071923,UNNAMED,1923,10,15,06,00,22.6,-63,35,0
AL071923,UNNAMED,1923,10,15,12,00,23.6,-62.3,35,0
AL071923,UNNAMED,1923,10,15,18,00,24.6,-61.8,35,0
AL071923,UNNAMED,1923,10,16,00,00,25.6,-61.4,40,0
AL071923,UNNAMED,1923,10,16,06,00,26.7,-61.2,45,0
AL071923,UNNAMED,1923,10,16,12,00,28,-61,50,0
AL071923,UNNAMED,1923,10,16,18,00,29.3,-61,55,0
AL071923,UNNAMED,1923,10,17,00,00,30.7,-61.1,55,0
AL071923,UNNAMED,1923,10,17,06,00,32.1,-61.3,55,0
AL071923,UNNAMED,1923,10,17,12,00,33.5,-62,55,0
AL071923,UNNAMED,1923,10,17,18,00,34.6,-63.1,55,0
AL071923,UNNAMED,1923,10,18,00,00,35.5,-64.4,55,0
AL071923,UNNAMED,1923,10,18,06,00,36.2,-65.8,55,0
AL071923,UNNAMED,1923,10,18,12,00,37,-67,55,0
AL071923,UNNAMED,1923,10,18,18,00,38.1,-68,55,0
AL071923,UNNAMED,1923,10,19,00,00,39.5,-69,55,0
AL071923,UNNAMED,1923,10,19,06,00,40.5,-70,50,0
AL071923,UNNAMED,1923,10,19,09,00,41.3,-70.6,50,0
AL071923,UNNAMED,1923,10,19,12,00,42.5,-71,45,0
AL071923,UNNAMED,1923,10,19,18,00,44.5,-71.8,35,0
