id,name,year,month,day,hour,minute,lat,lon,max_sustained_wind_kts,sshws
AL071957,FRIEDA,1957,09,20,12,00,31.7,-65.8,25,0
AL071957,FRIEDA,1957,09,20,18,00,30.8,-65.6,25,0
AL071957,FRIEDA,1957,09,21,00,00,30,-65.6,25,0
AL071957,FRIEDA,1957,09,21,06,00,29.2,-65.8,30,0
AL071957,FRIEDA,1957,09,21,12,00,28.6,-66,30,0
AL071957,FRIEDA,1957,09,21,18,00,28.2,-66.2,30,0
AL071957,FRIEDA,1957,09,22,00,00,27.8,-66.5,35,0
AL071957,FRIEDA,1957,09,22,06,00,27.5,-67.6,50,0
AL071957,FRIEDA,1957,09,22,12,00,27.2,-69.1,50,0
AL071957,FRIEDA,1957,09,22,18,00,27.1,-70.3,50,0
AL071957,FRIEDA,1957,09,23,00,00,27.1,-71.2,50,0
AL071957,FRIEDA,1957,09,23,06,00,27.2,-71.7,45,0
AL071957,FRIEDA,1957,09,23,12,00,27.8,-72,45,0
AL071957,FRIEDA,1957,09,23,18,00,28.8,-72.2,45,0
AL071957,FRIEDA,1957,09,24,00,00,29.8,-72.3,45,0
AL071957,FRIEDA,1957,09,24,06,00,30.8,-72,45,0
AL071957,FRIEDA,1957,09,24,12,00,31.8,-71.3,45,0
AL071957,FRIEDA,1957,09,24,18,00,32.8,-70.3,45,0
AL071957,FRIEDA,1957,09,25,00,00,33.8,-68.8,50,0
AL071957,FRIEDA,1957,09,25,06,00,35,-67,60,0
AL071957,FRIEDA,1957,09,25,12,00,36.4,-65.2,70,1
AL071957,FRIEDA,1957,09,25,18,00,37.7,-63.4,70,1
AL071957,FRIEDA,1957,09,26,00,00,39,-61.6,70,1
AL071957,FRIEDA,1957,09,26,06,00,40.2,-59.7,65,1
AL071957,FRIEDA,1957,09,26,12,00,41.4,-57.8,55,0
AL071957,FRIEDA,1957,09,26,18,00,42.5,-56.2,50,0
AL071957,FRIEDA,1957,09,27,00,00,44,-54.5,45,0
AL071957,FRIEDA,1957,09,27,06,00,46.3,-52.8,35,0
AL071957,FRIEDA,1957,09,27,12,00,48.5,-51.2,35,0
