AL071993	FLOYD	1993	09	07	12	00	24.7	-67.5	25	0
AL071993	FLOYD	1993	09	07	18	00	26.2	-68.2	40	0
AL071993	FLOYD	1993	09	08	00	00	27.8	-68.9	45	0
AL071993	FLOYD	1993	09	08	06	00	29.4	-69.4	45	0
AL071993	FLOYD	1993	09	08	12	00	31	-69.8	40	0
AL071993	FLOYD	1993	09	08	18	00	33.2	-69.2	40	0
AL071993	FLOYD	1993	09	09	00	00	35.3	-67.8	40	0
AL071993	FLOYD	1993	09	09	06	00	37.5	-65.7	40	0
AL071993	FLOYD	1993	09	09	12	00	39.3	-62.4	50	0
AL071993	FLOYD	1993	09	09	18	00	41.7	-58.3	65	1
AL071993	FLOYD	1993	09	10	00	00	43.8	-53.9	65	1
AL071993	FLOYD	1993	09	10	06	00	45.4	-48.3	65	1
AL071993	FLOYD	1993	09	10	12	00	46.5	-42.5	65	1
AL071993	FLOYD	1993	09	10	18	00	47.3	-37.8	65	1
AL071993	FLOYD	1993	09	11	00	00	47.5	-32.5	65	1
AL071993	FLOYD	1993	09	11	06	00	47.5	-27	65	1
AL071993	FLOYD	1993	09	11	12	00	47.5	-22.5	65	1
AL071993	FLOYD	1993	09	11	18	00	47.5	-18.5	65	1
AL071993	FLOYD	1993	09	12	00	00	47.5	-14.5	65	1
AL071993	FLOYD	1993	09	12	06	00	47.5	-10.5	65	1
AL071993	FLOYD	1993	09	12	12	00	48	-7.5	70	1
AL071993	FLOYD	1993	09	12	18	00	48	-6	70	1
AL071993	FLOYD	1993	09	13	00	00	48	-5	70	1
