id,name,year,month,day,hour,minute,lat,lon,max_sustained_wind_kts,sshws
AL071901,UNNAMED,1901,08,29,06,00,13.6,-22.4,30,0
AL071901,UNNAMED,1901,08,29,12,00,13.7,-24,35,0
AL071901,UNNAMED,1901,08,29,18,00,13.9,-25.9,35,0
AL071901,UNNAMED,1901,08,30,00,00,14.1,-27.4,40,0
AL071901,UNNAMED,1901,08,30,06,00,14.2,-28.8,40,0
AL071901,UNNAMED,1901,08,30,12,00,14.3,-30.2,45,0
AL071901,UNNAMED,1901,08,30,18,00,14.4,-31.5,45,0
AL071901,UNNAMED,1901,08,31,00,00,14.5,-33,50,0
AL071901,UNNAMED,1901,08,31,06,00,14.7,-34.5,50,0
AL071901,UNNAMED,1901,08,31,12,00,15,-36.3,55,0
AL071901,UNNAMED,1901,08,31,18,00,15.1,-37.7,55,0
AL071901,UNNAMED,1901,09,01,00,00,15.4,-39,60,0
AL071901,UNNAMED,1901,09,01,06,00,15.7,-40.4,60,0
AL071901,UNNAMED,1901,09,01,12,00,16.3,-42,65,1
AL071901,UNNAMED,1901,09,01,18,00,16.8,-43.2,65,1
AL071901,UNNAMED,1901,09,02,00,00,17.4,-44.6,70,1
AL071901,UNNAMED,1901,09,02,06,00,18,-46,70,1
AL071901,UNNAMED,1901,09,02,12,00,18.5,-47.5,75,1
AL071901,UNNAMED,1901,09,02,18,00,18.9,-48.8,75,1
AL071901,UNNAMED,1901,09,03,00,00,19.2,-50.1,80,1
AL071901,UNNAMED,1901,09,03,06,00,19.6,-51.4,80,1
AL071901,UNNAMED,1901,09,03,12,00,20,-52.7,85,2
AL071901,UNNAMED,1901,09,03,18,00,20.7,-54.2,85,2
AL071901,UNNAMED,1901,09,04,00,00,21.5,-55.6,90,2
AL071901,UNNAMED,1901,09,04,06,00,22.6,-57,90,2
AL071901,UNNAMED,1901,09,04,12,00,24,-58,90,2
AL071901,UNNAMED,1901,09,04,18,00,25,-58.4,90,2
AL071901,UNNAMED,1901,09,05,00,00,26.1,-58.7,90,2
AL071901,UNNAMED,1901,09,05,06,00,27.1,-58.9,90,2
AL071901,UNNAMED,1901,09,05,12,00,28,-59,90,2
AL071901,UNNAMED,1901,09,05,18,00,28.8,-59.1,90,2
AL071901,UNNAMED,1901,09,06,00,00,29.5,-59.2,90,2
AL071901,UNNAMED,1901,09,06,06,00,30.1,-59.1,90,2
AL071901,UNNAMED,1901,09,06,12,00,30.7,-59,85,2
AL071901,UNNAMED,1901,09,06,18,00,31.6,-58.6,85,2
AL071901,UNNAMED,1901,09,07,00,00,32.6,-57.8,85,2
AL071901,UNNAMED,1901,09,07,06,00,33.6,-57,85,2
AL071901,UNNAMED,1901,09,07,12,00,34.2,-56.1,85,2
AL071901,UNNAMED,1901,09,07,18,00,34.7,-55.3,85,2
AL071901,UNNAMED,1901,09,08,00,00,35.2,-54,85,2
AL071901,UNNAMED,1901,09,08,06,00,35.6,-52,80,1
AL071901,UNNAMED,1901,09,08,12,00,35.8,-50,80,1
AL071901,UNNAMED,1901,09,08,18,00,36,-47.5,80,1
AL071901,UNNAMED,1901,09,09,00,00,36,-44.4,80,1
AL071901,UNNAMED,1901,09,09,06,00,36.2,-41.3,80,1
AL071901,UNNAMED,1901,09,09,12,00,37,-39,80,1
AL071901,UNNAMED,1901,09,09,18,00,38.1,-37.4,75,1
AL071901,UNNAMED,1901,09,10,00,00,39.5,-35.7,70,1
AL071901,UNNAMED,1901,09,10,06,00,41,-33.8,70,1
AL071901,UNNAMED,1901,09,10,12,00,43,-32,65,1
AL071901,UNNAMED,1901,09,10,18,00,44.4,-30.9,65,1
AL071901,UNNAMED,1901,09,11,00,00,45.8,-29.3,55,0
AL071901,UNNAMED,1901,09,11,06,00,47.3,-27.7,45,0
AL071901,UNNAMED,1901,09,11,12,00,48.6,-25,40,0
AL071901,UNNAMED,1901,09,11,18,00,49.2,-20,35,0
