AL071964	ETHEL	1964	09	04	06	00	17.7	-35.4	25	0
AL071964	ETHEL	1964	09	04	12	00	18	-37	35	0
AL071964	ETHEL	1964	09	04	18	00	18.4	-38.4	35	0
AL071964	ETHEL	1964	09	05	00	00	18.8	-39.9	35	0
AL071964	ETHEL	1964	09	05	06	00	19.2	-41.5	35	0
AL071964	ETHEL	1964	09	05	12	00	19.5	-43	35	0
AL071964	ETHEL	1964	09	05	18	00	19.9	-44.7	35	0
AL071964	ETHEL	1964	09	06	00	00	20.3	-46.4	35	0
AL071964	ETHEL	1964	09	06	06	00	21.2	-47.9	35	0
AL071964	ETHEL	1964	09	06	12	00	22	-49.5	35	0
AL071964	ETHEL	1964	09	06	18	00	22.8	-51	40	0
AL071964	ETHEL	1964	09	07	00	00	23.5	-52.5	45	0
AL071964	ETHEL	1964	09	07	06	00	24.4	-54.3	65	1
AL071964	ETHEL	1964	09	07	12	00	25.3	-56	65	1
AL071964	ETHEL	1964	09	07	18	00	26.1	-57.5	65	1
AL071964	ETHEL	1964	09	08	00	00	26.9	-59	65	1
AL071964	ETHEL	1964	09	08	06	00	27.3	-59.7	65	1
AL071964	ETHEL	1964	09	08	12	00	27.5	-60.3	70	1
AL071964	ETHEL	1964	09	08	18	00	27.6	-60.8	75	1
AL071964	ETHEL	1964	09	09	00	00	27.6	-61.2	85	2
AL071964	ETHEL	1964	09	09	06	00	27.7	-61.5	90	2
AL071964	ETHEL	1964	09	09	12	00	27.7	-62.4	95	2
AL071964	ETHEL	1964	09	09	18	00	27.7	-63.2	100	3
AL071964	ETHEL	1964	09	10	00	00	27.6	-64	100	3
AL071964	ETHEL	1964	09	10	06	00	27.4	-64.8	95	2
AL071964	ETHEL	1964	09	10	12	00	27.2	-65.6	90	2
AL071964	ETHEL	1964	09	10	18	00	27.3	-66	85	2
AL071964	ETHEL	1964	09	11	00	00	27.4	-66.2	80	1
AL071964	ETHEL	1964	09	11	06	00	27.8	-66.3	80	1
AL071964	ETHEL	1964	09	11	12	00	28.2	-66.5	75	1
AL071964	ETHEL	1964	09	11	18	00	28.9	-66.8	75	1
AL071964	ETHEL	1964	09	12	00	00	29.7	-67	80	1
AL071964	ETHEL	1964	09	12	06	00	30.3	-67.2	90	2
AL071964	ETHEL	1964	09	12	12	00	31	-67.3	90	2
AL071964	ETHEL	1964	09	12	18	00	31.9	-66.9	90	2
AL071964	ETHEL	1964	09	13	00	00	32.9	-66.1	90	2
AL071964	ETHEL	1964	09	13	06	00	34	-64.9	85	2
AL071964	ETHEL	1964	09	13	12	00	35.5	-63.1	85	2
AL071964	ETHEL	1964	09	13	18	00	37	-61.3	80	1
AL071964	ETHEL	1964	09	14	00	00	38.4	-59.4	80	1
AL071964	ETHEL	1964	09	14	06	00	40	-57.2	80	1
AL071964	ETHEL	1964	09	14	12	00	41.5	-54.8	75	1
AL071964	ETHEL	1964	09	14	18	00	42.9	-51.9	75	1
AL071964	ETHEL	1964	09	15	00	00	44	-49	75	1
AL071964	ETHEL	1964	09	15	06	00	44.8	-45.7	75	1
AL071964	ETHEL	1964	09	15	12	00	45.2	-42.2	70	1
AL071964	ETHEL	1964	09	15	18	00	45.5	-38.3	70	1
AL071964	ETHEL	1964	09	16	00	00	45.8	-34.8	70	1
AL071964	ETHEL	1964	09	16	06	00	45.9	-30.7	70	1
