AL071877	UNNAMED	1877	10	24	00	00	24.5	-94.1	40	0
AL071877	UNNAMED	1877	10	24	06	00	25.5	-94.1	40	0
AL071877	UNNAMED	1877	10	24	12	00	26.5	-94	40	0
AL071877	UNNAMED	1877	10	24	18	00	27.1	-93.8	40	0
AL071877	UNNAMED	1877	10	25	00	00	27.5	-93.4	40	0
AL071877	UNNAMED	1877	10	25	06	00	27.8	-92.8	40	0
AL071877	UNNAMED	1877	10	25	12	00	28	-92.3	40	0
AL071877	UNNAMED	1877	10	25	18	00	28.3	-91.1	40	0
AL071877	UNNAMED	1877	10	26	00	00	28.4	-90.1	40	0
AL071877	UNNAMED	1877	10	26	06	00	28.5	-88.9	40	0
AL071877	UNNAMED	1877	10	26	12	00	28.7	-87.5	40	0
AL071877	UNNAMED	1877	10	26	18	00	29	-84.9	40	0
AL071877	UNNAMED	1877	10	26	21	00	29.3	-83.2	40	0
AL071877	UNNAMED	1877	10	27	00	00	29.6	-81.9	40	0
AL071877	UNNAMED	1877	10	27	06	00	30.1	-79	50	0
AL071877	UNNAMED	1877	10	27	12	00	30.9	-76	50	0
AL071877	UNNAMED	1877	10	27	18	00	32	-72.5	50	0
AL071877	UNNAMED	1877	10	28	00	00	33.5	-69	50	0
AL071877	UNNAMED	1877	10	28	06	00	35.5	-65	50	0
