AL072011	GERT	2011	08	13	06	00	26.2	-58	30	0
AL072011	GERT	2011	08	13	12	00	26.9	-59.4	30	0
AL072011	GERT	2011	08	13	18	00	27.3	-60.6	30	0
AL072011	GERT	2011	08	14	00	00	27.5	-61.5	30	0
AL072011	GERT	2011	08	14	06	00	27.7	-62.3	35	0
AL072011	GERT	2011	08	14	12	00	28.1	-62.9	40	0
AL072011	GERT	2011	08	14	18	00	28.8	-63.1	40	0
AL072011	GERT	2011	08	15	00	00	29.6	-63.3	45	0
AL072011	GERT	2011	08	15	06	00	30.6	-63.4	50	0
AL072011	GERT	2011	08	15	12	00	31.6	-63.2	55	0
AL072011	GERT	2011	08	15	18	00	32.9	-62.7	50	0
AL072011	GERT	2011	08	16	00	00	34.2	-61.6	45	0
AL072011	GERT	2011	08	16	06	00	35.6	-60.3	45	0
AL072011	GERT	2011	08	16	12	00	37.1	-58.1	40	0
AL072011	GERT	2011	08	16	18	00	38.6	-55.8	40	0
AL072011	GERT	2011	08	17	00	00	40.1	-53.4	35	0
AL072011	GERT	2011	08	17	06	00	41.5	-50.9	30	0
AL072011	GERT	2011	08	17	12	00	42.9	-48.3	30	0
AL072011	GERT	2011	08	17	18	00	44.9	-44.8	30	0
