id,name,year,month,day,hour,minute,lat,lon,max_sustained_wind_kts,sshws
AL071989,ERIN,1989,08,18,00,00,14.3,-22.4,25,0
AL071989,ERIN,1989,08,18,06,00,15.2,-23.8,25,0
AL071989,ERIN,1989,08,18,12,00,16.2,-25.2,25,0
AL071989,ERIN,1989,08,18,18,00,17,-26.5,30,0
AL071989,ERIN,1989,08,19,00,00,17.4,-27.8,30,0
AL071989,ERIN,1989,08,19,06,00,17.7,-29.4,30,0
AL071989,ERIN,1989,08,19,12,00,18.1,-31.1,30,0
AL071989,ERIN,1989,08,19,18,00,18.5,-32.7,35,0
AL071989,ERIN,1989,08,20,00,00,19.1,-34.3,35,0
AL071989,ERIN,1989,08,20,06,00,19.6,-35.6,40,0
AL071989,ERIN,1989,08,20,12,00,20.1,-36.9,40,0
AL071989,ERIN,1989,08,20,18,00,20.6,-38.3,40,0
AL071989,ERIN,1989,08,21,00,00,21.1,-39.7,45,0
AL071989,ERIN,1989,08,21,06,00,22,-41.1,45,0
AL071989,ERIN,1989,08,21,12,00,23.3,-42.1,45,0
AL071989,ERIN,1989,08,21,18,00,24.7,-42.8,50,0
AL071989,ERIN,1989,08,22,00,00,26.2,-43.3,55,0
AL071989,ERIN,1989,08,22,06,00,27.6,-43.8,60,0
AL071989,ERIN,1989,08,22,12,00,28.8,-44.5,65,1
AL071989,ERIN,1989,08,22,18,00,29.7,-45.2,70,1
AL071989,ERIN,1989,08,23,00,00,30.3,-45.9,70,1
AL071989,ERIN,1989,08,23,06,00,30.9,-46.3,75,1
AL071989,ERIN,1989,08,23,12,00,31.5,-46.2,80,1
AL071989,ERIN,1989,08,23,18,00,32,-46,80,1
AL071989,ERIN,1989,08,24,00,00,32.6,-45.6,85,2
AL071989,ERIN,1989,08,24,06,00,33.3,-45.2,85,2
AL071989,ERIN,1989,08,24,12,00,34.1,-44.5,90,2
AL071989,ERIN,1989,08,24,18,00,35.1,-43.6,90,2
AL071989,ERIN,1989,08,25,00,00,36.3,-42.4,90,2
AL071989,ERIN,1989,08,25,06,00,37.6,-41.1,90,2
AL071989,ERIN,1989,08,25,12,00,39,-39.7,90,2
AL071989,ERIN,1989,08,25,18,00,40.6,-38.3,85,2
AL071989,ERIN,1989,08,26,00,00,42.3,-37.2,80,1
AL071989,ERIN,1989,08,26,06,00,44.4,-36.2,75,1
AL071989,ERIN,1989,08,26,12,00,47,-35.1,70,1
AL071989,ERIN,1989,08,26,18,00,49.5,-33.5,65,1
AL071989,ERIN,1989,08,27,00,00,51.9,-31.8,60,0
