id,name,year,month,day,hour,minute,lat,lon,max_sustained_wind_kts,sshws
AL071859,UNNAMED,1859,10,16,00,00,25.1,-75.1,60,0
AL071859,UNNAMED,1859,10,16,06,00,25.2,-75.5,60,0
AL071859,UNNAMED,1859,10,16,12,00,25.2,-76,60,0
AL071859,UNNAMED,1859,10,16,18,00,25.5,-76.6,60,0
AL071859,UNNAMED,1859,10,17,00,00,25.8,-77.6,60,0
AL071859,UNNAMED,1859,10,17,06,00,26,-78.5,60,0
AL071859,UNNAMED,1859,10,17,12,00,26.2,-79.5,60,0
AL071859,UNNAMED,1859,10,17,16,00,26.4,-80.1,60,0
AL071859,UNNAMED,1859,10,17,18,00,26.5,-80.5,50,0
AL071859,UNNAMED,1859,10,18,00,00,26.8,-81.3,40,0
AL071859,UNNAMED,1859,10,18,06,00,27.2,-81.8,40,0
