id,name,year,month,day,hour,minute,lat,lon,max_sustained_wind_kts,sshws
AL071886,UNNAMED,1886,08,20,12,00,31.7,-71,40,0
AL071886,UNNAMED,1886,08,20,18,00,30.1,-69,50,0
AL071886,UNNAMED,1886,08,21,00,00,29.2,-65.5,60,0
AL071886,UNNAMED,1886,08,21,06,00,30,-62.7,75,1
AL071886,UNNAMED,1886,08,21,12,00,32.3,-61.7,95,2
AL071886,UNNAMED,1886,08,21,18,00,33.8,-62.4,100,3
AL071886,UNNAMED,1886,08,22,00,00,35,-63.4,100,3
AL071886,UNNAMED,1886,08,22,06,00,35.9,-64.2,100,3
AL071886,UNNAMED,1886,08,22,12,00,37,-65,100,3
AL071886,UNNAMED,1886,08,22,18,00,38.1,-66,95,2
AL071886,UNNAMED,1886,08,23,00,00,39.7,-66.9,90,2
AL071886,UNNAMED,1886,08,23,06,00,41.1,-66.5,85,2
AL071886,UNNAMED,1886,08,23,12,00,42.3,-65,80,1
AL071886,UNNAMED,1886,08,23,18,00,44.1,-62.2,75,1
AL071886,UNNAMED,1886,08,24,00,00,45.9,-58.4,70,1
AL071886,UNNAMED,1886,08,24,06,00,47.6,-54.1,65,1
AL071886,UNNAMED,1886,08,24,12,00,48.5,-50,60,0
AL071886,UNNAMED,1886,08,24,18,00,48.6,-46.1,55,0
AL071886,UNNAMED,1886,08,25,00,00,48.5,-41.3,50,0
AL071886,UNNAMED,1886,08,25,06,00,48.3,-37.3,50,0
AL071886,UNNAMED,1886,08,25,12,00,48.3,-33.3,50,0
AL071886,UNNAMED,1886,08,25,18,00,48.3,-29.5,50,0
