id,name,year,month,day,hour,minute,lat,lon,max_sustained_wind_kts,sshws
AL071893,UNNAMED,1893,08,20,06,00,11.8,-27.2,35,0
AL071893,UNNAMED,1893,08,20,12,00,12,-28,40,0
AL071893,UNNAMED,1893,08,20,18,00,12.3,-28.7,45,0
AL071893,UNNAMED,1893,08,21,00,00,12.6,-29.4,45,0
AL071893,UNNAMED,1893,08,21,06,00,12.9,-30.1,50,0
AL071893,UNNAMED,1893,08,21,12,00,13.2,-30.8,55,0
AL071893,UNNAMED,1893,08,21,18,00,13.6,-31.5,60,0
AL071893,UNNAMED,1893,08,22,00,00,14,-32.1,65,1
AL071893,UNNAMED,1893,08,22,06,00,14.4,-32.8,70,1
AL071893,UNNAMED,1893,08,22,12,00,14.8,-33.4,75,1
AL071893,UNNAMED,1893,08,22,18,00,15.1,-34,75,1
AL071893,UNNAMED,1893,08,23,00,00,15.4,-34.6,80,1
AL071893,UNNAMED,1893,08,23,06,00,15.8,-35.3,80,1
AL071893,UNNAMED,1893,08,23,12,00,16.1,-35.9,85,2
AL071893,UNNAMED,1893,08,23,18,00,16.5,-36.5,85,2
AL071893,UNNAMED,1893,08,24,00,00,17,-37.1,85,2
AL071893,UNNAMED,1893,08,24,06,00,17.5,-37.8,85,2
AL071893,UNNAMED,1893,08,24,12,00,18.1,-38.4,85,2
AL071893,UNNAMED,1893,08,24,18,00,18.7,-39,85,2
AL071893,UNNAMED,1893,08,25,00,00,19.3,-39.6,85,2
AL071893,UNNAMED,1893,08,25,06,00,20.1,-40.1,85,2
AL071893,UNNAMED,1893,08,25,12,00,21,-40.7,85,2
AL071893,UNNAMED,1893,08,25,18,00,22.1,-41.1,85,2
AL071893,UNNAMED,1893,08,26,00,00,23.3,-41.4,85,2
AL071893,UNNAMED,1893,08,26,06,00,24.6,-41.3,85,2
AL071893,UNNAMED,1893,08,26,12,00,26,-41,85,2
AL071893,UNNAMED,1893,08,26,18,00,27.4,-40.3,85,2
AL071893,UNNAMED,1893,08,27,00,00,28.9,-39.1,85,2
AL071893,UNNAMED,1893,08,27,06,00,30.5,-37.6,85,2
AL071893,UNNAMED,1893,08,27,12,00,32.1,-35.9,85,2
AL071893,UNNAMED,1893,08,27,18,00,33.8,-34,85,2
AL071893,UNNAMED,1893,08,28,00,00,35.3,-32.3,85,2
AL071893,UNNAMED,1893,08,28,06,00,37.3,-30.5,80,1
AL071893,UNNAMED,1893,08,28,12,00,39.3,-28.5,75,1
AL071893,UNNAMED,1893,08,28,18,00,40.9,-26.5,70,1
AL071893,UNNAMED,1893,08,29,00,00,41.4,-25.1,65,1
AL071893,UNNAMED,1893,08,29,06,00,41.8,-24,60,0
AL071893,UNNAMED,1893,08,29,12,00,42,-23,55,0
AL071893,UNNAMED,1893,08,29,18,00,42.1,-21.6,50,0
