id,name,year,month,day,hour,minute,lat,lon,max_sustained_wind_kts,sshws
AL071903,UNNAMED,1903,10,01,00,00,17.7,-57.3,60,0
AL071903,UNNAMED,1903,10,01,06,00,18.1,-57.9,60,0
AL071903,UNNAMED,1903,10,01,12,00,18.5,-58.5,60,0
AL071903,UNNAMED,1903,10,01,18,00,19.4,-60,60,0
AL071903,UNNAMED,1903,10,02,00,00,20.3,-61,65,1
AL071903,UNNAMED,1903,10,02,06,00,21.5,-62.2,70,1
AL071903,UNNAMED,1903,10,02,12,00,23,-63.5,70,1
AL071903,UNNAMED,1903,10,02,18,00,24.3,-63.8,70,1
AL071903,UNNAMED,1903,10,03,00,00,25.4,-63.7,70,1
AL071903,UNNAMED,1903,10,03,06,00,26.3,-63.4,70,1
AL071903,UNNAMED,1903,10,03,12,00,27.3,-63,75,1
AL071903,UNNAMED,1903,10,03,18,00,28,-62.7,75,1
AL071903,UNNAMED,1903,10,04,00,00,28.9,-62.2,80,1
AL071903,UNNAMED,1903,10,04,06,00,29.5,-61.6,80,1
AL071903,UNNAMED,1903,10,04,12,00,30,-60.7,85,2
AL071903,UNNAMED,1903,10,04,18,00,30.5,-59.1,85,2
AL071903,UNNAMED,1903,10,05,00,00,30.6,-57.2,85,2
AL071903,UNNAMED,1903,10,05,06,00,30.4,-55.2,85,2
AL071903,UNNAMED,1903,10,05,12,00,30,-53.4,85,2
AL071903,UNNAMED,1903,10,05,18,00,29.5,-51.9,80,1
AL071903,UNNAMED,1903,10,06,00,00,28.9,-50.2,75,1
AL071903,UNNAMED,1903,10,06,06,00,28.1,-48.8,70,1
AL071903,UNNAMED,1903,10,06,12,00,27,-48,70,1
AL071903,UNNAMED,1903,10,06,18,00,26.8,-48.2,70,1
AL071903,UNNAMED,1903,10,07,00,00,26.7,-48.4,70,1
AL071903,UNNAMED,1903,10,07,06,00,26.8,-48.7,70,1
AL071903,UNNAMED,1903,10,07,12,00,27,-49,70,1
AL071903,UNNAMED,1903,10,07,18,00,27.6,-48.8,70,1
AL071903,UNNAMED,1903,10,08,00,00,28,-48.2,70,1
AL071903,UNNAMED,1903,10,08,06,00,28.2,-47.2,70,1
AL071903,UNNAMED,1903,10,08,12,00,28.3,-46.2,70,1
AL071903,UNNAMED,1903,10,08,18,00,28.5,-45,65,1
AL071903,UNNAMED,1903,10,09,00,00,29,-43.1,65,1
AL071903,UNNAMED,1903,10,09,06,00,29.5,-41.5,60,0
AL071903,UNNAMED,1903,10,09,12,00,30,-40,50,0
AL071903,UNNAMED,1903,10,09,18,00,30.5,-38.7,45,0
AL071903,UNNAMED,1903,10,10,00,00,30.9,-37.5,40,0
AL071903,UNNAMED,1903,10,10,06,00,31.6,-36.2,35,0
AL071903,UNNAMED,1903,10,10,12,00,32.4,-35,35,0
AL071903,UNNAMED,1903,10,10,18,00,33.6,-33.2,35,0
