AL071949	UNNAMED	1949	09	11	18	00	31	-72.8	40	0
AL071949	UNNAMED	1949	09	12	00	00	32	-72.5	40	0
AL071949	UNNAMED	1949	09	12	06	00	32.7	-73	40	0
AL071949	UNNAMED	1949	09	12	12	00	33.2	-74	40	0
AL071949	UNNAMED	1949	09	12	18	00	33.6	-75.1	45	0
AL071949	UNNAMED	1949	09	13	00	00	33.9	-76.3	40	0
AL071949	UNNAMED	1949	09	13	06	00	34.2	-77.6	35	0
AL071949	UNNAMED	1949	09	13	08	00	34.3	-77.8	35	0
AL071949	UNNAMED	1949	09	13	12	00	34.4	-78.7	30	0
AL071949	UNNAMED	1949	09	13	18	00	34.5	-79.1	25	0
AL071949	UNNAMED	1949	09	14	00	00	34.9	-79.1	25	0
AL071949	UNNAMED	1949	09	14	06	00	35.3	-78.7	25	0
AL071949	UNNAMED	1949	09	14	12	00	35.8	-78	25	0
AL071949	UNNAMED	1949	09	14	18	00	36.6	-77.3	25	0
