id,name,year,month,day,hour,minute,lat,lon,max_sustained_wind_kts,sshws
AL071909,UNNAMED,1909,08,22,00,00,23,-85.7,25,0
AL071909,UNNAMED,1909,08,22,06,00,23.5,-86.3,25,0
AL071909,UNNAMED,1909,08,22,12,00,24,-87,25,0
AL071909,UNNAMED,1909,08,22,18,00,24.5,-87.8,30,0
AL071909,UNNAMED,1909,08,23,00,00,25,-88.6,35,0
AL071909,UNNAMED,1909,08,23,06,00,25.5,-89.5,40,0
AL071909,UNNAMED,1909,08,23,12,00,26,-90.5,45,0
AL071909,UNNAMED,1909,08,23,18,00,26.2,-91.5,45,0
AL071909,UNNAMED,1909,08,24,00,00,26.3,-92.6,40,0
AL071909,UNNAMED,1909,08,24,06,00,26.2,-93.8,35,0
AL071909,UNNAMED,1909,08,24,12,00,26,-95,35,0
AL071909,UNNAMED,1909,08,24,18,00,25.8,-96.4,30,0
AL071909,UNNAMED,1909,08,25,00,00,25.5,-97.5,30,0
AL071909,UNNAMED,1909,08,25,06,00,25,-98.5,25,0
