AL071926	UNNAMED	1926	09	11	12	00	15.4	-46	55	0
AL071926	UNNAMED	1926	09	11	18	00	15.7	-47.1	60	0
AL071926	UNNAMED	1926	09	12	00	00	16.1	-48.2	60	0
AL071926	UNNAMED	1926	09	12	06	00	16.4	-49.4	60	0
AL071926	UNNAMED	1926	09	12	12	00	16.7	-50.6	65	1
AL071926	UNNAMED	1926	09	12	18	00	17	-51.9	70	1
AL071926	UNNAMED	1926	09	13	00	00	17.3	-53.3	70	1
AL071926	UNNAMED	1926	09	13	06	00	17.5	-54.7	75	1
AL071926	UNNAMED	1926	09	13	12	00	17.8	-56	75	1
AL071926	UNNAMED	1926	09	13	18	00	18.1	-57.3	80	1
AL071926	UNNAMED	1926	09	14	00	00	18.4	-58.6	85	2
AL071926	UNNAMED	1926	09	14	06	00	18.8	-59.9	85	2
AL071926	UNNAMED	1926	09	14	12	00	19.1	-61.1	90	2
AL071926	UNNAMED	1926	09	14	18	00	19.4	-62.2	90	2
AL071926	UNNAMED	1926	09	15	00	00	19.6	-63	95	2
AL071926	UNNAMED	1926	09	15	06	00	19.8	-63.6	100	3
AL071926	UNNAMED	1926	09	15	12	00	20.1	-64.2	100	3
AL071926	UNNAMED	1926	09	15	18	00	20.5	-65	105	3
AL071926	UNNAMED	1926	09	16	00	00	20.7	-66	110	3
AL071926	UNNAMED	1926	09	16	06	00	20.9	-67	120	4
AL071926	UNNAMED	1926	09	16	12	00	21	-68	125	4
AL071926	UNNAMED	1926	09	16	18	00	21.3	-69.3	130	4
AL071926	UNNAMED	1926	09	17	00	00	21.7	-71	130	4
AL071926	UNNAMED	1926	09	17	06	00	22.1	-72.7	130	4
AL071926	UNNAMED	1926	09	17	12	00	22.5	-74.3	125	4
AL071926	UNNAMED	1926	09	17	18	00	23.2	-75.8	125	4
AL071926	UNNAMED	1926	09	18	00	00	24.2	-77.3	125	4
AL071926	UNNAMED	1926	09	18	06	00	25	-78.8	125	4
AL071926	UNNAMED	1926	09	18	12	00	25.6	-80.3	125	4
AL071926	UNNAMED	1926	09	18	18	00	26.2	-81.6	90	2
AL071926	UNNAMED	1926	09	19	00	00	26.8	-82.5	100	3
AL071926	UNNAMED	1926	09	19	06	00	27.3	-83.3	105	3
AL071926	UNNAMED	1926	09	19	12	00	27.8	-84.1	105	3
AL071926	UNNAMED	1926	09	19	18	00	28.4	-84.8	105	3
AL071926	UNNAMED	1926	09	20	00	00	29	-85.5	110	3
AL071926	UNNAMED	1926	09	20	06	00	29.6	-86.2	110	3
AL071926	UNNAMED	1926	09	20	12	00	30.1	-86.8	105	3
AL071926	UNNAMED	1926	09	20	18	00	30.3	-87.3	100	3
AL071926	UNNAMED	1926	09	20	22	00	30.3	-87.5	100	3
AL071926	UNNAMED	1926	09	21	00	00	30.3	-87.7	80	1
AL071926	UNNAMED	1926	09	21	06	00	30.3	-88.1	65	1
AL071926	UNNAMED	1926	09	21	12	00	30.3	-88.6	60	0
AL071926	UNNAMED	1926	09	21	18	00	30.4	-89.4	50	0
AL071926	UNNAMED	1926	09	22	00	00	30.5	-90.5	40	0
AL071926	UNNAMED	1926	09	22	06	00	30.6	-91.7	30	0
AL071926	UNNAMED	1926	09	22	12	00	30.7	-92.9	25	0
