AL071878	UNNAMED	1878	09	24	00	00	15.1	-71.9	40	0
AL071878	UNNAMED	1878	09	24	06	00	15.5	-71.9	40	0
AL071878	UNNAMED	1878	09	24	12	00	16	-72	50	0
AL071878	UNNAMED	1878	09	24	18	00	16.2	-72	50	0
AL071878	UNNAMED	1878	09	25	00	00	16.4	-72	60	0
AL071878	UNNAMED	1878	09	25	06	00	16.7	-72.1	60	0
AL071878	UNNAMED	1878	09	25	12	00	17	-72.1	70	1
AL071878	UNNAMED	1878	09	25	18	00	17.6	-72.2	70	1
AL071878	UNNAMED	1878	09	26	00	00	18	-72.3	70	1
AL071878	UNNAMED	1878	09	26	06	00	18.4	-72.4	60	0
AL071878	UNNAMED	1878	09	26	12	00	18.7	-72.5	50	0
AL071878	UNNAMED	1878	09	26	18	00	19.2	-72.6	40	0
AL071878	UNNAMED	1878	09	27	00	00	19.5	-72.6	40	0
AL071878	UNNAMED	1878	09	27	06	00	19.7	-72.6	40	0
AL071878	UNNAMED	1878	09	27	12	00	20.1	-72.6	50	0
AL071878	UNNAMED	1878	09	27	18	00	20.5	-72.7	60	0
AL071878	UNNAMED	1878	09	28	00	00	20.9	-72.8	70	1
AL071878	UNNAMED	1878	09	28	06	00	21.2	-72.9	70	1
AL071878	UNNAMED	1878	09	28	12	00	21.6	-73	70	1
AL071878	UNNAMED	1878	09	28	18	00	22.1	-73.1	70	1
AL071878	UNNAMED	1878	09	29	00	00	22.4	-73.3	80	1
AL071878	UNNAMED	1878	09	29	06	00	22.7	-73.4	80	1
AL071878	UNNAMED	1878	09	29	12	00	23.2	-73.5	80	1
AL071878	UNNAMED	1878	09	29	18	00	23.6	-73.5	80	1
AL071878	UNNAMED	1878	09	30	00	00	23.9	-73.5	90	2
AL071878	UNNAMED	1878	09	30	06	00	24.2	-73.5	90	2
AL071878	UNNAMED	1878	09	30	12	00	24.7	-73.5	90	2
AL071878	UNNAMED	1878	09	30	18	00	25.4	-73.5	90	2
AL071878	UNNAMED	1878	10	01	00	00	25.8	-73.5	100	3
AL071878	UNNAMED	1878	10	01	06	00	26.3	-73.4	100	3
AL071878	UNNAMED	1878	10	01	12	00	26.8	-73.3	100	3
AL071878	UNNAMED	1878	10	01	18	00	27.4	-73.1	100	3
AL071878	UNNAMED	1878	10	02	00	00	27.6	-73.1	110	3
AL071878	UNNAMED	1878	10	02	06	00	28	-73.1	110	3
AL071878	UNNAMED	1878	10	02	12	00	28.5	-73	110	3
AL071878	UNNAMED	1878	10	02	18	00	28.9	-72.9	110	3
AL071878	UNNAMED	1878	10	03	00	00	29.3	-72.6	120	4
AL071878	UNNAMED	1878	10	03	06	00	29.8	-72.5	120	4
AL071878	UNNAMED	1878	10	03	12	00	30.2	-72.1	120	4
AL071878	UNNAMED	1878	10	03	18	00	30.8	-71.9	120	4
AL071878	UNNAMED	1878	10	04	00	00	31.4	-71.5	120	4
AL071878	UNNAMED	1878	10	04	06	00	31.9	-71.1	120	4
AL071878	UNNAMED	1878	10	04	12	00	32.5	-70.6	120	4
AL071878	UNNAMED	1878	10	04	18	00	33.3	-70	120	4
AL071878	UNNAMED	1878	10	05	00	00	33.9	-69.3	110	3
AL071878	UNNAMED	1878	10	05	06	00	34.4	-68.6	110	3
AL071878	UNNAMED	1878	10	05	12	00	35	-67.7	110	3
AL071878	UNNAMED	1878	10	05	18	00	36	-66.6	110	3
AL071878	UNNAMED	1878	10	06	00	00	37.3	-64.8	110	3
AL071878	UNNAMED	1878	10	06	06	00	38.5	-62.6	110	3
AL071878	UNNAMED	1878	10	06	12	00	39.7	-60.5	110	3
AL071878	UNNAMED	1878	10	06	18	00	40.7	-58.3	110	3
AL071878	UNNAMED	1878	10	07	00	00	41.7	-55.5	110	3
AL071878	UNNAMED	1878	10	07	06	00	42.7	-51.9	110	3
AL071878	UNNAMED	1878	10	07	12	00	43.5	-48.5	110	3
AL071878	UNNAMED	1878	10	07	18	00	44.8	-44.3	100	3
AL071878	UNNAMED	1878	10	08	00	00	46.2	-39.5	100	3
AL071878	UNNAMED	1878	10	08	06	00	47.5	-35.5	100	3
AL071878	UNNAMED	1878	10	08	12	00	48.5	-31	90	2
AL071878	UNNAMED	1878	10	08	18	00	49.5	-27	90	2
