AL071977	CLARA	1977	09	05	12	00	32.8	-80	20	0
AL071977	CLARA	1977	09	05	18	00	33.2	-79	20	0
AL071977	CLARA	1977	09	06	00	00	33.6	-78.2	20	0
AL071977	CLARA	1977	09	06	06	00	33.8	-77.6	25	0
AL071977	CLARA	1977	09	06	12	00	34	-77	25	0
AL071977	CLARA	1977	09	06	18	00	34.2	-76.4	25	0
AL071977	CLARA	1977	09	07	00	00	34.4	-75.8	30	0
AL071977	CLARA	1977	09	07	06	00	34.6	-75	30	0
AL071977	CLARA	1977	09	07	12	00	34.7	-74.3	30	0
AL071977	CLARA	1977	09	07	18	00	34.9	-73	30	0
AL071977	CLARA	1977	09	08	00	00	35.1	-71.7	35	0
AL071977	CLARA	1977	09	08	06	00	35.3	-69.7	45	0
AL071977	CLARA	1977	09	08	12	00	35.5	-67.7	65	1
AL071977	CLARA	1977	09	08	18	00	35.6	-66.2	65	1
AL071977	CLARA	1977	09	09	00	00	35.5	-64.6	65	1
AL071977	CLARA	1977	09	09	06	00	34.8	-63.5	60	0
AL071977	CLARA	1977	09	09	12	00	34	-62.8	55	0
AL071977	CLARA	1977	09	09	18	00	33.4	-62.8	50	0
AL071977	CLARA	1977	09	10	00	00	32.8	-63.2	45	0
AL071977	CLARA	1977	09	10	06	00	32.8	-63.6	40	0
AL071977	CLARA	1977	09	10	12	00	33	-63.8	45	0
AL071977	CLARA	1977	09	10	18	00	33.5	-63.7	45	0
AL071977	CLARA	1977	09	11	00	00	34.2	-63.2	45	0
AL071977	CLARA	1977	09	11	06	00	34.8	-62.5	45	0
AL071977	CLARA	1977	09	11	12	00	36	-61.5	45	0
AL071977	CLARA	1977	09	11	18	00	38	-59.8	45	0
AL071977	CLARA	1977	09	12	00	00	40.5	-57.5	45	0
