id,name,year,month,day,hour,minute,lat,lon,max_sustained_wind_kts,sshws
AL071912,UNNAMED,1912,11,11,06,00,11.2,-79.7,35,0
AL071912,UNNAMED,1912,11,11,12,00,11.4,-80,35,0
AL071912,UNNAMED,1912,11,11,18,00,11.7,-80.3,35,0
AL071912,UNNAMED,1912,11,12,00,00,11.9,-80.5,35,0
AL071912,UNNAMED,1912,11,12,06,00,12.2,-80.7,35,0
AL071912,UNNAMED,1912,11,12,12,00,12.4,-80.7,40,0
AL071912,UNNAMED,1912,11,12,18,00,12.6,-80.6,45,0
AL071912,UNNAMED,1912,11,13,00,00,12.8,-80.5,50,0
AL071912,UNNAMED,1912,11,13,06,00,13,-80.4,55,0
AL071912,UNNAMED,1912,11,13,12,00,13.1,-80.3,60,0
AL071912,UNNAMED,1912,11,13,18,00,13.2,-80.2,65,1
AL071912,UNNAMED,1912,11,14,00,00,13.2,-80.1,70,1
AL071912,UNNAMED,1912,11,14,06,00,13.2,-80.1,70,1
AL071912,UNNAMED,1912,11,14,12,00,13.3,-80,70,1
AL071912,UNNAMED,1912,11,14,18,00,13.4,-79.9,70,1
AL071912,UNNAMED,1912,11,15,00,00,13.5,-79.8,70,1
AL071912,UNNAMED,1912,11,15,06,00,13.7,-79.7,70,1
AL071912,UNNAMED,1912,11,15,12,00,14,-79.6,70,1
AL071912,UNNAMED,1912,11,15,18,00,14.5,-79.6,75,1
AL071912,UNNAMED,1912,11,16,00,00,15,-79.8,80,1
AL071912,UNNAMED,1912,11,16,06,00,15.5,-79.9,85,2
AL071912,UNNAMED,1912,11,16,12,00,16,-80,90,2
AL071912,UNNAMED,1912,11,16,18,00,16.3,-80,95,2
AL071912,UNNAMED,1912,11,17,00,00,16.5,-79.8,100,3
AL071912,UNNAMED,1912,11,17,06,00,16.8,-79.7,100,3
AL071912,UNNAMED,1912,11,17,12,00,17.1,-79.5,100,3
AL071912,UNNAMED,1912,11,17,18,00,17.4,-79.2,100,3
AL071912,UNNAMED,1912,11,18,00,00,17.7,-78.9,100,3
AL071912,UNNAMED,1912,11,18,06,00,18,-78.6,100,3
AL071912,UNNAMED,1912,11,18,12,00,18.3,-78.4,100,3
AL071912,UNNAMED,1912,11,18,18,00,18.4,-78.1,85,2
AL071912,UNNAMED,1912,11,19,00,00,18.5,-77.5,80,1
AL071912,UNNAMED,1912,11,19,06,00,18.7,-76.5,75,1
AL071912,UNNAMED,1912,11,19,12,00,19,-75.7,70,1
AL071912,UNNAMED,1912,11,19,18,00,18.9,-76,65,1
AL071912,UNNAMED,1912,11,20,00,00,18.7,-76.7,60,0
AL071912,UNNAMED,1912,11,20,06,00,18.5,-78,55,0
AL071912,UNNAMED,1912,11,20,12,00,18.3,-79.3,50,0
AL071912,UNNAMED,1912,11,20,18,00,18.2,-80.3,45,0
AL071912,UNNAMED,1912,11,21,00,00,18.1,-81,40,0
AL071912,UNNAMED,1912,11,21,06,00,18,-81.5,35,0
AL071912,UNNAMED,1912,11,21,12,00,18,-82,30,0
AL071912,UNNAMED,1912,11,21,18,00,18,-82.5,25,0
