id,name,year,month,day,hour,minute,lat,lon,max_sustained_wind_kts,sshws
AL071865,UNNAMED,1865,10,18,00,00,9.5,-80.4,40,0
AL071865,UNNAMED,1865,10,18,06,00,9.7,-80.4,40,0
AL071865,UNNAMED,1865,10,18,12,00,10,-80.5,40,0
AL071865,UNNAMED,1865,10,18,18,00,10.2,-80.6,40,0
AL071865,UNNAMED,1865,10,19,00,00,10.5,-80.6,40,0
AL071865,UNNAMED,1865,10,19,06,00,10.7,-80.8,40,0
AL071865,UNNAMED,1865,10,19,12,00,11,-81,50,0
AL071865,UNNAMED,1865,10,19,18,00,11.3,-81.1,50,0
AL071865,UNNAMED,1865,10,20,00,00,11.8,-81.3,50,0
AL071865,UNNAMED,1865,10,20,06,00,12.3,-81.4,50,0
AL071865,UNNAMED,1865,10,20,12,00,12.9,-81.6,60,0
AL071865,UNNAMED,1865,10,20,18,00,13.7,-81.8,60,0
AL071865,UNNAMED,1865,10,21,00,00,14.3,-82,60,0
AL071865,UNNAMED,1865,10,21,06,00,15.2,-82.3,60,0
AL071865,UNNAMED,1865,10,21,12,00,15.9,-82.4,70,1
AL071865,UNNAMED,1865,10,21,18,00,16.9,-82.6,70,1
AL071865,UNNAMED,1865,10,22,00,00,17.9,-82.8,80,1
AL071865,UNNAMED,1865,10,22,06,00,18.9,-83,80,1
AL071865,UNNAMED,1865,10,22,12,00,20,-83,90,2
AL071865,UNNAMED,1865,10,22,18,00,21.2,-82.9,90,2
AL071865,UNNAMED,1865,10,23,00,00,22.6,-82.6,80,1
AL071865,UNNAMED,1865,10,23,06,00,23.8,-82.1,90,2
AL071865,UNNAMED,1865,10,23,10,00,24.6,-81.7,90,2
AL071865,UNNAMED,1865,10,23,12,00,25,-81.4,90,2
AL071865,UNNAMED,1865,10,23,14,00,25.4,-81.1,90,2
AL071865,UNNAMED,1865,10,23,18,00,26.5,-80.2,80,1
AL071865,UNNAMED,1865,10,24,00,00,28.2,-78.8,80,1
AL071865,UNNAMED,1865,10,24,06,00,29.9,-77.2,80,1
AL071865,UNNAMED,1865,10,24,12,00,31.4,-75.3,80,1
AL071865,UNNAMED,1865,10,24,18,00,32.5,-73.1,80,1
AL071865,UNNAMED,1865,10,25,00,00,33.5,-70.6,70,1
AL071865,UNNAMED,1865,10,25,06,00,34.7,-68.3,70,1
AL071865,UNNAMED,1865,10,25,12,00,36,-66,70,1
AL071865,UNNAMED,1865,10,25,18,00,37.3,-63.5,70,1
