AL071952	FOX	1952	10	20	12	00	11.8	-77.6	25	0
AL071952	FOX	1952	10	20	18	00	12.5	-78.3	30	0
AL071952	FOX	1952	10	21	00	00	13.3	-79.1	30	0
AL071952	FOX	1952	10	21	06	00	14.2	-79.9	30	0
AL071952	FOX	1952	10	21	12	00	15	-80.7	45	0
AL071952	FOX	1952	10	21	18	00	15.4	-81.2	50	0
AL071952	FOX	1952	10	22	00	00	15.7	-81.5	55	0
AL071952	FOX	1952	10	22	06	00	16.3	-81.9	60	0
AL071952	FOX	1952	10	22	12	00	16.8	-82.2	65	1
AL071952	FOX	1952	10	22	18	00	17.3	-82.3	75	1
AL071952	FOX	1952	10	23	00	00	17.7	-82.3	80	1
AL071952	FOX	1952	10	23	06	00	18	-82.3	85	2
AL071952	FOX	1952	10	23	12	00	18.4	-82.2	95	2
AL071952	FOX	1952	10	23	18	00	18.9	-82.1	100	3
AL071952	FOX	1952	10	24	00	00	19.5	-82	110	3
AL071952	FOX	1952	10	24	06	00	20.1	-81.8	120	4
AL071952	FOX	1952	10	24	12	00	20.8	-81.5	125	4
AL071952	FOX	1952	10	24	18	00	21.8	-81	130	4
AL071952	FOX	1952	10	25	00	00	22.8	-80.5	100	3
AL071952	FOX	1952	10	25	06	00	23.5	-80.1	85	2
AL071952	FOX	1952	10	25	12	00	24.1	-79.6	85	2
AL071952	FOX	1952	10	25	18	00	24.6	-78.8	90	2
AL071952	FOX	1952	10	26	00	00	24.8	-77.8	95	2
AL071952	FOX	1952	10	26	06	00	24.7	-76.8	95	2
AL071952	FOX	1952	10	26	12	00	24.6	-75.9	100	3
AL071952	FOX	1952	10	26	18	00	24.4	-75.1	95	2
AL071952	FOX	1952	10	27	00	00	24.4	-74.5	80	1
AL071952	FOX	1952	10	27	06	00	25.3	-74	65	1
AL071952	FOX	1952	10	27	12	00	26.3	-74.4	40	0
AL071952	FOX	1952	10	27	18	00	27.3	-73.5	35	0
AL071952	FOX	1952	10	28	00	00	28.2	-72.1	30	0
AL071952	FOX	1952	10	28	06	00	29.6	-69.6	30	0
AL071952	FOX	1952	10	28	12	00	31.7	-69	25	0
