id,name,year,month,day,hour,minute,lat,lon,max_sustained_wind_kts,sshws
AL071880,UNNAMED,1880,09,08,00,00,32,-73.5,80,1
AL071880,UNNAMED,1880,09,08,06,00,33.5,-72.5,80,1
AL071880,UNNAMED,1880,09,08,12,00,35,-71,80,1
AL071880,UNNAMED,1880,09,08,18,00,36.5,-69.1,80,1
AL071880,UNNAMED,1880,09,09,00,00,38.2,-67.4,70,1
AL071880,UNNAMED,1880,09,09,06,00,39.8,-65.4,70,1
AL071880,UNNAMED,1880,09,09,12,00,41.5,-63.5,60,0
AL071880,UNNAMED,1880,09,09,18,00,43.4,-61.1,60,0
AL071880,UNNAMED,1880,09,10,00,00,45.2,-58.6,60,0
AL071880,UNNAMED,1880,09,10,06,00,47,-55.5,60,0
AL071880,UNNAMED,1880,09,10,12,00,48.5,-52,50,0
AL071880,UNNAMED,1880,09,10,18,00,50,-48,50,0
