AL081892	UNNAMED	1892	10	13	00	00	26	-71.2	40	0
AL081892	UNNAMED	1892	10	13	06	00	26.5	-70.7	50	0
AL081892	UNNAMED	1892	10	13	12	00	27	-70	60	0
AL081892	UNNAMED	1892	10	13	18	00	27.5	-69.1	70	1
AL081892	UNNAMED	1892	10	14	00	00	28	-68.3	70	1
AL081892	UNNAMED	1892	10	14	06	00	28.5	-67.7	75	1
AL081892	UNNAMED	1892	10	14	12	00	29	-67	80	1
AL081892	UNNAMED	1892	10	14	18	00	29.6	-66.2	80	1
AL081892	UNNAMED	1892	10	15	00	00	30.1	-65.6	80	1
AL081892	UNNAMED	1892	10	15	06	00	30.6	-64.9	80	1
AL081892	UNNAMED	1892	10	15	12	00	31	-64.3	80	1
AL081892	UNNAMED	1892	10	15	18	00	31.5	-63.4	80	1
AL081892	UNNAMED	1892	10	16	00	00	32	-62.6	75	1
AL081892	UNNAMED	1892	10	16	06	00	32.5	-61.7	70	1
AL081892	UNNAMED	1892	10	16	12	00	33	-60.9	60	0
AL081892	UNNAMED	1892	10	16	18	00	33.7	-59.7	50	0
AL081892	UNNAMED	1892	10	17	00	00	34.4	-58.2	50	0
AL081892	UNNAMED	1892	10	17	06	00	35	-57.2	50	0
AL081892	UNNAMED	1892	10	17	12	00	35.5	-56	50	0
AL081892	UNNAMED	1892	10	17	18	00	36.2	-54.6	50	0
AL081892	UNNAMED	1892	10	18	00	00	37	-53.1	50	0
AL081892	UNNAMED	1892	10	18	06	00	37.8	-51.8	50	0
AL081892	UNNAMED	1892	10	18	12	00	38.8	-50.2	50	0
AL081892	UNNAMED	1892	10	18	18	00	39.7	-48.7	50	0
AL081892	UNNAMED	1892	10	19	00	00	40.4	-47.3	50	0
AL081892	UNNAMED	1892	10	19	06	00	41.1	-46.3	50	0
AL081892	UNNAMED	1892	10	19	12	00	41.9	-45.5	45	0
AL081892	UNNAMED	1892	10	19	18	00	43.2	-44.6	45	0
AL081892	UNNAMED	1892	10	20	00	00	44.8	-44.1	45	0
AL081892	UNNAMED	1892	10	20	06	00	46.2	-44.9	40	0
