id,name,year,month,day,hour,minute,lat,lon,max_sustained_wind_kts,sshws
AL081974,UNNAMED,1974,08,24,12,00,24,-85.5,20,0
AL081974,UNNAMED,1974,08,24,18,00,24.5,-86.8,25,0
AL081974,UNNAMED,1974,08,25,00,00,25,-88.2,25,0
AL081974,UNNAMED,1974,08,25,06,00,25.5,-89.6,30,0
AL081974,UNNAMED,1974,08,25,12,00,26,-91,30,0
AL081974,UNNAMED,1974,08,25,18,00,26.9,-92.1,30,0
AL081974,UNNAMED,1974,08,26,00,00,27.8,-93.2,30,0
AL081974,UNNAMED,1974,08,26,06,00,28.6,-94.4,25,0
AL081974,UNNAMED,1974,08,26,12,00,29.5,-95.5,-99,0
