AL081992	UNNAMED	1992	09	25	12	00	11	-34.7	25	0
AL081992	UNNAMED	1992	09	25	18	00	11.1	-36.2	30	0
AL081992	UNNAMED	1992	09	26	00	00	11.2	-37.7	30	0
AL081992	UNNAMED	1992	09	26	06	00	11.5	-39.2	25	0
AL081992	UNNAMED	1992	09	26	12	00	11.8	-40.7	25	0
AL081992	UNNAMED	1992	09	26	18	00	12.3	-41.9	25	0
AL081992	UNNAMED	1992	09	27	00	00	12.8	-43.1	30	0
AL081992	UNNAMED	1992	09	27	06	00	13.4	-44.2	30	0
AL081992	UNNAMED	1992	09	27	12	00	14.1	-45.1	30	0
AL081992	UNNAMED	1992	09	27	18	00	14.7	-45.8	30	0
AL081992	UNNAMED	1992	09	28	00	00	15.4	-46.4	30	0
AL081992	UNNAMED	1992	09	28	06	00	16.2	-46.9	25	0
AL081992	UNNAMED	1992	09	28	12	00	17.2	-46.9	25	0
AL081992	UNNAMED	1992	09	28	18	00	18	-46.5	25	0
AL081992	UNNAMED	1992	09	29	00	00	18.6	-46.2	30	0
AL081992	UNNAMED	1992	09	29	06	00	19.2	-45.9	30	0
AL081992	UNNAMED	1992	09	29	12	00	19.8	-45.6	30	0
AL081992	UNNAMED	1992	09	29	18	00	20.5	-45.4	30	0
AL081992	UNNAMED	1992	09	30	00	00	21.5	-45.3	30	0
AL081992	UNNAMED	1992	09	30	06	00	22.5	-45.2	30	0
AL081992	UNNAMED	1992	09	30	12	00	23.5	-44.8	30	0
AL081992	UNNAMED	1992	09	30	18	00	24.4	-44.4	30	0
AL081992	UNNAMED	1992	10	01	00	00	25.4	-43.9	30	0
AL081992	UNNAMED	1992	10	01	06	00	26.4	-43.2	25	0
AL081992	UNNAMED	1992	10	01	12	00	27.6	-42.3	20	0
