id,name,year,month,day,hour,minute,lat,lon,max_sustained_wind_kts,sshws
AL081861,UNNAMED,1861,11,01,06,00,25.5,-82.1,60,0
AL081861,UNNAMED,1861,11,01,08,00,26,-81.8,60,0
AL081861,UNNAMED,1861,11,01,12,00,27.2,-81.1,50,0
AL081861,UNNAMED,1861,11,01,18,00,29.2,-80.1,60,0
AL081861,UNNAMED,1861,11,02,00,00,31.2,-78.6,70,1
AL081861,UNNAMED,1861,11,02,06,00,33.2,-77.3,70,1
AL081861,UNNAMED,1861,11,02,10,00,34.7,-77.6,70,1
AL081861,UNNAMED,1861,11,02,12,00,35.2,-76.3,70,1
AL081861,UNNAMED,1861,11,02,18,00,37,-75,60,0
AL081861,UNNAMED,1861,11,03,00,00,38.7,-73.8,60,0
AL081861,UNNAMED,1861,11,03,06,00,40.3,-72.8,60,0
AL081861,UNNAMED,1861,11,03,08,00,41,-72.3,60,0
AL081861,UNNAMED,1861,11,03,09,00,41.2,-72,60,0
AL081861,UNNAMED,1861,11,03,12,00,42,-71.5,50,0
AL081861,UNNAMED,1861,11,03,18,00,44,-70,50,0
