AL081899	UNNAMED	1899	10	15	12	00	25.5	-77.5	30	0
AL081899	UNNAMED	1899	10	15	18	00	26	-76.3	30	0
AL081899	UNNAMED	1899	10	16	00	00	26.6	-75.2	35	0
AL081899	UNNAMED	1899	10	16	06	00	27.3	-74.2	35	0
AL081899	UNNAMED	1899	10	16	12	00	28	-73.5	40	0
AL081899	UNNAMED	1899	10	16	18	00	28.8	-73.5	40	0
AL081899	UNNAMED	1899	10	17	00	00	29.7	-74.3	40	0
AL081899	UNNAMED	1899	10	17	06	00	30.6	-75.3	40	0
AL081899	UNNAMED	1899	10	17	12	00	31.5	-76	35	0
AL081899	UNNAMED	1899	10	17	18	00	32.5	-76.2	35	0
AL081899	UNNAMED	1899	10	18	00	00	33.5	-75.7	30	0
AL081899	UNNAMED	1899	10	18	06	00	34.5	-75	30	0
AL081899	UNNAMED	1899	10	18	12	00	35.5	-74	25	0
AL081899	UNNAMED	1899	10	18	18	00	36.5	-72.5	25	0
