AL081953	FLORENCE	1953	09	23	12	00	16.9	-75.8	35	0
AL081953	FLORENCE	1953	09	23	18	00	16.8	-78.1	40	0
AL081953	FLORENCE	1953	09	24	00	00	17.2	-80.2	45	0
AL081953	FLORENCE	1953	09	24	06	00	18.2	-82.2	50	0
AL081953	FLORENCE	1953	09	24	12	00	19.4	-83.9	60	0
AL081953	FLORENCE	1953	09	24	18	00	20.9	-85	70	1
AL081953	FLORENCE	1953	09	25	00	00	22.4	-86.4	90	2
AL081953	FLORENCE	1953	09	25	06	00	23.4	-87	110	3
AL081953	FLORENCE	1953	09	25	12	00	24.4	-87.3	110	3
AL081953	FLORENCE	1953	09	25	18	00	25.9	-87.5	110	3
AL081953	FLORENCE	1953	09	26	00	00	27.5	-87.4	105	3
AL081953	FLORENCE	1953	09	26	06	00	28.7	-87	90	2
AL081953	FLORENCE	1953	09	26	12	00	29.7	-86.8	80	1
AL081953	FLORENCE	1953	09	26	18	00	30.4	-86.1	70	1
AL081953	FLORENCE	1953	09	27	00	00	30.9	-85	60	0
AL081953	FLORENCE	1953	09	27	06	00	31.2	-83.8	50	0
AL081953	FLORENCE	1953	09	27	12	00	31.6	-82.3	40	0
AL081953	FLORENCE	1953	09	27	18	00	32.5	-80.2	35	0
AL081953	FLORENCE	1953	09	28	00	00	33.8	-77.1	35	0
AL081953	FLORENCE	1953	09	28	06	00	35.4	-73.4	35	0
AL081953	FLORENCE	1953	09	28	12	00	37	-69.7	35	0
AL081953	FLORENCE	1953	09	28	18	00	39.3	-65.7	35	0
