AL081964	FLORENCE	1964	09	05	18	00	16.3	-19.7	20	0
AL081964	FLORENCE	1964	09	06	00	00	16.5	-21	20	0
AL081964	FLORENCE	1964	09	06	06	00	16.8	-22.3	20	0
AL081964	FLORENCE	1964	09	06	12	00	17.1	-23.5	20	0
AL081964	FLORENCE	1964	09	06	18	00	17.5	-24.5	25	0
AL081964	FLORENCE	1964	09	07	00	00	18.1	-25.5	30	0
AL081964	FLORENCE	1964	09	07	06	00	18.9	-26.5	30	0
AL081964	FLORENCE	1964	09	07	12	00	19.8	-27.5	30	0
AL081964	FLORENCE	1964	09	07	18	00	20.6	-28.5	30	0
AL081964	FLORENCE	1964	09	08	00	00	21.4	-29.4	35	0
AL081964	FLORENCE	1964	09	08	06	00	22.5	-29.9	40	0
AL081964	FLORENCE	1964	09	08	12	00	23.8	-29.9	40	0
AL081964	FLORENCE	1964	09	08	18	00	25.2	-29.7	40	0
AL081964	FLORENCE	1964	09	09	00	00	26.7	-29.3	40	0
AL081964	FLORENCE	1964	09	09	06	00	28.2	-28.7	40	0
AL081964	FLORENCE	1964	09	09	12	00	29.7	-28.2	40	0
AL081964	FLORENCE	1964	09	09	18	00	31.2	-27.7	35	0
AL081964	FLORENCE	1964	09	10	00	00	32.6	-27.2	35	0
AL081964	FLORENCE	1964	09	10	06	00	33.5	-26	35	0
