id,name,year,month,day,hour,minute,lat,lon,max_sustained_wind_kts,sshws
AL081961,GERDA,1961,10,16,00,00,17.5,-77,30,0
AL081961,GERDA,1961,10,16,06,00,18.3,-77.5,30,0
AL081961,GERDA,1961,10,16,12,00,18.9,-77.8,30,0
AL081961,GERDA,1961,10,16,18,00,19.4,-77.9,30,0
AL081961,GERDA,1961,10,17,00,00,19.9,-77.9,30,0
AL081961,GERDA,1961,10,17,06,00,20.4,-78,30,0
AL081961,GERDA,1961,10,17,12,00,21,-78,30,0
AL081961,GERDA,1961,10,17,18,00,21.5,-78,30,0
AL081961,GERDA,1961,10,18,00,00,22,-78,30,0
AL081961,GERDA,1961,10,18,06,00,22.8,-77.8,30,0
AL081961,GERDA,1961,10,18,12,00,23.7,-77.7,30,0
AL081961,GERDA,1961,10,18,18,00,24.7,-76.8,30,0
AL081961,GERDA,1961,10,19,00,00,25.7,-75.8,30,0
AL081961,GERDA,1961,10,19,06,00,26.8,-74.4,30,0
AL081961,GERDA,1961,10,19,12,00,28.8,-73,30,0
AL081961,GERDA,1961,10,19,18,00,31.5,-71.5,55,0
AL081961,GERDA,1961,10,20,00,00,34,-70,55,0
AL081961,GERDA,1961,10,20,06,00,37.2,-68.6,55,0
AL081961,GERDA,1961,10,20,12,00,39.5,-68.4,55,0
AL081961,GERDA,1961,10,20,18,00,41.3,-66.8,60,0
AL081961,GERDA,1961,10,21,00,00,42,-65,60,0
AL081961,GERDA,1961,10,21,06,00,42.9,-63,50,0
AL081961,GERDA,1961,10,21,12,00,43.4,-61.6,40,0
AL081961,GERDA,1961,10,21,18,00,44,-58.7,30,0
AL081961,GERDA,1961,10,22,00,00,44,-56.5,30,0
AL081961,GERDA,1961,10,22,06,00,44,-52.7,30,0
AL081961,GERDA,1961,10,22,12,00,44,-49,30,0
AL081961,GERDA,1961,10,22,18,00,44,-45,30,0
