AL081937	UNNAMED	1937	09	20	06	00	15.2	-43.3	65	1
AL081937	UNNAMED	1937	09	20	12	00	15.5	-44.5	70	1
AL081937	UNNAMED	1937	09	20	18	00	16.3	-45.6	70	1
AL081937	UNNAMED	1937	09	21	00	00	17.3	-46.6	70	1
AL081937	UNNAMED	1937	09	21	06	00	18.4	-47.6	70	1
AL081937	UNNAMED	1937	09	21	12	00	19.5	-48.5	70	1
AL081937	UNNAMED	1937	09	21	18	00	20.5	-49.5	75	1
AL081937	UNNAMED	1937	09	22	00	00	21.4	-50.4	75	1
AL081937	UNNAMED	1937	09	22	06	00	22.2	-51.3	80	1
AL081937	UNNAMED	1937	09	22	12	00	23	-52.1	80	1
AL081937	UNNAMED	1937	09	22	18	00	23.6	-52.7	80	1
AL081937	UNNAMED	1937	09	23	00	00	24.2	-53.2	80	1
AL081937	UNNAMED	1937	09	23	06	00	24.8	-53.5	85	2
AL081937	UNNAMED	1937	09	23	12	00	25.6	-53.7	85	2
AL081937	UNNAMED	1937	09	23	18	00	26.6	-53.9	85	2
AL081937	UNNAMED	1937	09	24	00	00	27.8	-54.2	85	2
AL081937	UNNAMED	1937	09	24	06	00	28.9	-54.8	85	2
AL081937	UNNAMED	1937	09	24	12	00	30.1	-55.5	85	2
AL081937	UNNAMED	1937	09	24	18	00	31.5	-56.4	85	2
AL081937	UNNAMED	1937	09	25	00	00	33.2	-57.6	85	2
AL081937	UNNAMED	1937	09	25	06	00	34.9	-58.9	85	2
AL081937	UNNAMED	1937	09	25	12	00	36.6	-60.2	85	2
AL081937	UNNAMED	1937	09	25	18	00	38.8	-61.5	80	1
AL081937	UNNAMED	1937	09	26	00	00	40.8	-62.7	75	1
AL081937	UNNAMED	1937	09	26	06	00	42.3	-63.6	70	1
AL081937	UNNAMED	1937	09	26	12	00	43.8	-63.2	65	1
AL081937	UNNAMED	1937	09	26	18	00	46.1	-62.3	60	0
AL081937	UNNAMED	1937	09	27	00	00	48.4	-59.6	55	0
AL081937	UNNAMED	1937	09	27	06	00	51	-56.5	50	0
AL081937	UNNAMED	1937	09	27	12	00	54	-53	45	0
AL081937	UNNAMED	1937	09	27	18	00	57.5	-49.5	40	0
AL081937	UNNAMED	1937	09	28	00	00	60	-47.5	35	0
AL081937	UNNAMED	1937	09	28	06	00	62.2	-46.5	35	0
AL081937	UNNAMED	1937	09	28	12	00	64	-46	35	0
