AL081955	HILDA	1955	09	10	18	00	16.8	-61.3	30	0
AL081955	HILDA	1955	09	11	00	00	17.4	-61.7	30	0
AL081955	HILDA	1955	09	11	06	00	18	-62.3	30	0
AL081955	HILDA	1955	09	11	12	00	18.6	-62.9	35	0
AL081955	HILDA	1955	09	11	18	00	18.9	-64.1	40	0
AL081955	HILDA	1955	09	12	00	00	19.2	-65.6	45	0
AL081955	HILDA	1955	09	12	06	00	19.5	-66.8	50	0
AL081955	HILDA	1955	09	12	12	00	19.8	-68	65	1
AL081955	HILDA	1955	09	12	18	00	20.1	-69.1	75	1
AL081955	HILDA	1955	09	13	00	00	20.4	-70.2	80	1
AL081955	HILDA	1955	09	13	06	00	20.4	-71.3	85	2
AL081955	HILDA	1955	09	13	12	00	20.3	-72.5	85	2
AL081955	HILDA	1955	09	13	18	00	20.2	-73.6	70	1
AL081955	HILDA	1955	09	14	00	00	20.1	-74.7	65	1
AL081955	HILDA	1955	09	14	06	00	20.1	-76.2	60	0
AL081955	HILDA	1955	09	14	12	00	20.1	-77.7	60	0
AL081955	HILDA	1955	09	14	18	00	19.9	-79.2	65	1
AL081955	HILDA	1955	09	15	00	00	19.6	-80.6	75	1
AL081955	HILDA	1955	09	15	06	00	19.4	-82.1	85	2
AL081955	HILDA	1955	09	15	12	00	19.2	-83.4	90	2
AL081955	HILDA	1955	09	15	18	00	19.1	-84.4	100	3
AL081955	HILDA	1955	09	16	00	00	19.2	-85.4	100	3
AL081955	HILDA	1955	09	16	06	00	19.4	-86.4	95	2
AL081955	HILDA	1955	09	16	12	00	19.6	-87.4	95	2
AL081955	HILDA	1955	09	16	18	00	19.9	-88.4	90	2
AL081955	HILDA	1955	09	17	00	00	20.2	-89.3	85	2
AL081955	HILDA	1955	09	17	06	00	20.6	-90.2	85	2
AL081955	HILDA	1955	09	17	12	00	20.9	-91	90	2
AL081955	HILDA	1955	09	17	18	00	21.1	-92	90	2
AL081955	HILDA	1955	09	18	00	00	21.3	-92.9	95	2
AL081955	HILDA	1955	09	18	06	00	21.4	-93.6	100	3
AL081955	HILDA	1955	09	18	12	00	21.6	-94.2	105	3
AL081955	HILDA	1955	09	18	18	00	21.8	-95	110	3
AL081955	HILDA	1955	09	19	00	00	22	-95.9	105	3
AL081955	HILDA	1955	09	19	06	00	22.2	-97	85	2
AL081955	HILDA	1955	09	19	12	00	22.3	-98.1	60	0
AL081955	HILDA	1955	09	19	18	00	22.2	-98.8	45	0
AL081955	HILDA	1955	09	20	00	00	22	-99.1	40	0
AL081955	HILDA	1955	09	20	06	00	21.8	-99.5	35	0
