id,name,year,month,day,hour,minute,lat,lon,max_sustained_wind_kts,sshws
AL082007,INGRID,2007,09,12,06,00,13,-43.6,25,0
AL082007,INGRID,2007,09,12,12,00,13,-44.3,30,0
AL082007,INGRID,2007,09,12,18,00,13.1,-45.1,30,0
AL082007,INGRID,2007,09,13,00,00,13.4,-45.9,30,0
AL082007,INGRID,2007,09,13,06,00,13.7,-46.7,35,0
AL082007,INGRID,2007,09,13,12,00,14.1,-47.5,35,0
AL082007,INGRID,2007,09,13,18,00,14.4,-48.1,35,0
AL082007,INGRID,2007,09,14,00,00,14.7,-48.6,35,0
AL082007,INGRID,2007,09,14,06,00,15,-49.3,35,0
AL082007,INGRID,2007,09,14,12,00,15.3,-49.9,40,0
AL082007,INGRID,2007,09,14,18,00,15.6,-50.5,40,0
AL082007,INGRID,2007,09,15,00,00,15.9,-51.2,35,0
AL082007,INGRID,2007,09,15,06,00,16.2,-52.2,35,0
AL082007,INGRID,2007,09,15,12,00,16.3,-53.3,35,0
AL082007,INGRID,2007,09,15,18,00,16.5,-54.4,30,0
AL082007,INGRID,2007,09,16,00,00,16.7,-55.4,30,0
AL082007,INGRID,2007,09,16,06,00,16.9,-56.3,30,0
AL082007,INGRID,2007,09,16,12,00,17.1,-57.2,30,0
AL082007,INGRID,2007,09,16,18,00,17.2,-58.1,30,0
AL082007,INGRID,2007,09,17,00,00,17.3,-59,25,0
AL082007,INGRID,2007,09,17,06,00,17.5,-59.9,25,0
AL082007,INGRID,2007,09,17,12,00,18,-60.6,25,0
AL082007,INGRID,2007,09,17,18,00,18.4,-61,25,0
AL082007,INGRID,2007,09,18,00,00,18.8,-61.4,20,0
AL082007,INGRID,2007,09,18,06,00,19,-61.7,20,0
AL082007,INGRID,2007,09,18,12,00,19.1,-62,20,0
