AL081982	ERNESTO	1982	09	30	12	00	24.8	-65.4	30	0
AL081982	ERNESTO	1982	09	30	18	00	25.3	-66.8	30	0
AL081982	ERNESTO	1982	10	01	00	00	25.9	-67.4	30	0
AL081982	ERNESTO	1982	10	01	06	00	26.5	-67.8	35	0
AL081982	ERNESTO	1982	10	01	12	00	27.3	-67.7	40	0
AL081982	ERNESTO	1982	10	01	18	00	27.9	-67.1	50	0
AL081982	ERNESTO	1982	10	02	00	00	28.5	-66.2	60	0
AL081982	ERNESTO	1982	10	02	06	00	29.1	-65.1	55	0
AL081982	ERNESTO	1982	10	02	12	00	29.8	-63	50	0
AL081982	ERNESTO	1982	10	02	18	00	30.5	-60.5	45	0
AL081982	ERNESTO	1982	10	03	00	00	32	-58	40	0
