id,name,year,month,day,hour,minute,lat,lon,max_sustained_wind_kts,sshws
AL081951,HOW,1951,09,28,06,00,18.7,-84.8,25,0
AL081951,HOW,1951,09,28,12,00,19,-85,25,0
AL081951,HOW,1951,09,28,18,00,19.6,-85.3,25,0
AL081951,HOW,1951,09,29,00,00,20.3,-85.7,25,0
AL081951,HOW,1951,09,29,06,00,21.3,-86.3,25,0
AL081951,HOW,1951,09,29,12,00,22.2,-86.8,25,0
AL081951,HOW,1951,09,29,18,00,22.8,-87.1,25,0
AL081951,HOW,1951,09,30,00,00,23.3,-87.3,25,0
AL081951,HOW,1951,09,30,06,00,23.8,-87.4,25,0
AL081951,HOW,1951,09,30,12,00,24.3,-87.5,25,0
AL081951,HOW,1951,09,30,18,00,24.9,-87.6,30,0
AL081951,HOW,1951,10,01,00,00,25.4,-87.7,30,0
AL081951,HOW,1951,10,01,06,00,25.8,-87.5,30,0
AL081951,HOW,1951,10,01,12,00,26.1,-86.8,35,0
AL081951,HOW,1951,10,01,18,00,26.3,-86,40,0
AL081951,HOW,1951,10,02,00,00,26.4,-84.8,45,0
AL081951,HOW,1951,10,02,06,00,26.6,-83.3,55,0
AL081951,HOW,1951,10,02,12,00,26.8,-81.7,60,0
AL081951,HOW,1951,10,02,18,00,27.6,-80.2,60,0
AL081951,HOW,1951,10,03,00,00,29,-78.8,65,1
AL081951,HOW,1951,10,03,06,00,30.6,-77.6,75,1
AL081951,HOW,1951,10,03,12,00,32,-76.7,80,1
AL081951,HOW,1951,10,03,18,00,32.6,-76.2,85,2
AL081951,HOW,1951,10,04,00,00,33.2,-75.8,90,2
AL081951,HOW,1951,10,04,06,00,33.9,-75.2,95,2
AL081951,HOW,1951,10,04,12,00,34.6,-74.5,95,2
AL081951,HOW,1951,10,04,18,00,35.1,-73.8,95,2
AL081951,HOW,1951,10,05,00,00,35.7,-73,90,2
AL081951,HOW,1951,10,05,06,00,36.4,-72.2,90,2
AL081951,HOW,1951,10,05,12,00,37.1,-71.3,90,2
AL081951,HOW,1951,10,05,18,00,37.7,-70.2,85,2
AL081951,HOW,1951,10,06,00,00,38.3,-69,80,1
AL081951,HOW,1951,10,06,06,00,38.9,-67.8,75,1
AL081951,HOW,1951,10,06,12,00,39.5,-65.7,75,1
AL081951,HOW,1951,10,06,18,00,40.3,-60.9,70,1
AL081951,HOW,1951,10,07,00,00,41.2,-55.3,65,1
AL081951,HOW,1951,10,07,06,00,41.9,-50.7,60,0
AL081951,HOW,1951,10,07,12,00,42.6,-46,60,0
AL081951,HOW,1951,10,07,18,00,43.6,-40.9,55,0
AL081951,HOW,1951,10,08,00,00,45.2,-35.9,50,0
AL081951,HOW,1951,10,08,06,00,48.3,-31.2,45,0
AL081951,HOW,1951,10,08,12,00,53.3,-26.8,45,0
