AL081993	GERT	1993	09	14	18	00	10.6	-80.7	25	0
AL081993	GERT	1993	09	15	00	00	10.7	-81.3	30	0
AL081993	GERT	1993	09	15	06	00	11	-82.2	30	0
AL081993	GERT	1993	09	15	12	00	11.3	-83	35	0
AL081993	GERT	1993	09	15	18	00	11.8	-83.8	35	0
AL081993	GERT	1993	09	16	00	00	12.1	-84.3	30	0
AL081993	GERT	1993	09	16	06	00	12.5	-84.9	30	0
AL081993	GERT	1993	09	16	12	00	12.9	-85.4	30	0
AL081993	GERT	1993	09	16	18	00	13.3	-85.8	25	0
AL081993	GERT	1993	09	17	00	00	13.8	-86.3	25	0
AL081993	GERT	1993	09	17	06	00	14.5	-86.8	25	0
AL081993	GERT	1993	09	17	12	00	15.4	-87.3	25	0
AL081993	GERT	1993	09	17	18	00	16.3	-87.8	35	0
AL081993	GERT	1993	09	18	00	00	17.3	-88.1	35	0
AL081993	GERT	1993	09	18	06	00	18.2	-88.6	35	0
AL081993	GERT	1993	09	18	12	00	18.7	-89.3	30	0
AL081993	GERT	1993	09	18	18	00	19.2	-90.5	30	0
AL081993	GERT	1993	09	19	00	00	19.6	-91.6	30	0
AL081993	GERT	1993	09	19	06	00	20	-92.5	35	0
AL081993	GERT	1993	09	19	12	00	20.5	-93.2	40	0
AL081993	GERT	1993	09	19	18	00	20.7	-93.9	45	0
AL081993	GERT	1993	09	20	00	00	20.9	-94.2	55	0
AL081993	GERT	1993	09	20	06	00	21.1	-95	65	1
AL081993	GERT	1993	09	20	12	00	21.2	-95.9	80	1
AL081993	GERT	1993	09	20	18	00	21.3	-97	85	2
AL081993	GERT	1993	09	20	21	00	21.2	-97.5	85	2
AL081993	GERT	1993	09	21	00	00	21.1	-98.3	65	1
AL081993	GERT	1993	09	21	06	00	20.9	-100.2	40	0
AL081993	GERT	1993	09	21	12	00	20.8	-102.5	25	0
AL081993	GERT	1993	09	21	18	00	20.8	-104.7	20	0
