AL081996	HORTENSE	1996	09	03	12	00	14.9	-41	25	0
AL081996	HORTENSE	1996	09	03	18	00	14.9	-42.7	30	0
AL081996	HORTENSE	1996	09	04	00	00	14.8	-44.1	30	0
AL081996	HORTENSE	1996	09	04	06	00	14.7	-45.4	30	0
AL081996	HORTENSE	1996	09	04	12	00	14.6	-46.6	30	0
AL081996	HORTENSE	1996	09	04	18	00	14.7	-47.5	30	0
AL081996	HORTENSE	1996	09	05	00	00	14.9	-48.4	30	0
AL081996	HORTENSE	1996	09	05	06	00	14.8	-49.5	30	0
AL081996	HORTENSE	1996	09	05	12	00	14.5	-51.1	30	0
AL081996	HORTENSE	1996	09	05	18	00	14.3	-52.6	30	0
AL081996	HORTENSE	1996	09	06	00	00	14.4	-53.6	30	0
AL081996	HORTENSE	1996	09	06	06	00	14.6	-54.3	30	0
AL081996	HORTENSE	1996	09	06	12	00	14.7	-55.1	30	0
AL081996	HORTENSE	1996	09	06	18	00	14.9	-55.7	30	0
AL081996	HORTENSE	1996	09	07	00	00	15.2	-57	30	0
AL081996	HORTENSE	1996	09	07	06	00	15.4	-58.3	35	0
AL081996	HORTENSE	1996	09	07	12	00	15.6	-59.6	40	0
AL081996	HORTENSE	1996	09	07	18	00	15.8	-60.4	40	0
AL081996	HORTENSE	1996	09	08	00	00	16.1	-61.2	50	0
AL081996	HORTENSE	1996	09	08	06	00	16.1	-62	55	0
AL081996	HORTENSE	1996	09	08	12	00	16.1	-62.8	60	0
AL081996	HORTENSE	1996	09	08	18	00	16.1	-63.6	60	0
AL081996	HORTENSE	1996	09	09	00	00	16.1	-64.1	60	0
AL081996	HORTENSE	1996	09	09	06	00	16.1	-64.5	70	1
AL081996	HORTENSE	1996	09	09	12	00	16.3	-65	70	1
AL081996	HORTENSE	1996	09	09	18	00	16.6	-65.6	70	1
AL081996	HORTENSE	1996	09	10	00	00	17.1	-66.1	70	1
AL081996	HORTENSE	1996	09	10	06	00	18	-66.9	70	1
AL081996	HORTENSE	1996	09	10	12	00	18.3	-67.8	65	1
AL081996	HORTENSE	1996	09	10	18	00	18.9	-68.4	65	1
AL081996	HORTENSE	1996	09	11	00	00	19.5	-68.9	70	1
AL081996	HORTENSE	1996	09	11	06	00	20.1	-69.5	75	1
AL081996	HORTENSE	1996	09	11	12	00	20.9	-70.1	90	2
AL081996	HORTENSE	1996	09	11	18	00	21.6	-70.6	95	2
AL081996	HORTENSE	1996	09	12	00	00	22.3	-71.1	100	3
AL081996	HORTENSE	1996	09	12	06	00	23	-71.4	105	3
AL081996	HORTENSE	1996	09	12	12	00	23.9	-71.8	115	4
AL081996	HORTENSE	1996	09	12	18	00	24.7	-71.8	115	4
AL081996	HORTENSE	1996	09	13	00	00	25.9	-71.5	120	4
AL081996	HORTENSE	1996	09	13	06	00	27.2	-71.4	115	4
AL081996	HORTENSE	1996	09	13	12	00	29	-70.9	100	3
AL081996	HORTENSE	1996	09	13	18	00	31	-70.3	100	3
AL081996	HORTENSE	1996	09	14	00	00	33.3	-69.5	90	2
AL081996	HORTENSE	1996	09	14	06	00	35.9	-68.4	90	2
AL081996	HORTENSE	1996	09	14	12	00	38.5	-67.1	85	2
AL081996	HORTENSE	1996	09	14	18	00	42	-65.2	75	1
AL081996	HORTENSE	1996	09	15	00	00	44.3	-63.3	70	1
AL081996	HORTENSE	1996	09	15	03	00	44.8	-62.5	70	1
AL081996	HORTENSE	1996	09	15	06	00	45.5	-61.5	65	1
AL081996	HORTENSE	1996	09	15	12	00	46.3	-59.1	60	0
AL081996	HORTENSE	1996	09	15	18	00	46	-55	40	0
AL081996	HORTENSE	1996	09	16	00	00	46	-54	40	0
AL081996	HORTENSE	1996	09	16	06	00	45	-50	35	0
