id,name,year,month,day,hour,minute,lat,lon,max_sustained_wind_kts,sshws
AL081973,BRENDA,1973,08,18,06,00,20.5,-83.7,30,0
AL081973,BRENDA,1973,08,18,12,00,21,-84.8,30,0
AL081973,BRENDA,1973,08,18,18,00,21.2,-86,35,0
AL081973,BRENDA,1973,08,19,00,00,21.3,-86.9,50,0
AL081973,BRENDA,1973,08,19,06,00,21.3,-87.6,55,0
AL081973,BRENDA,1973,08,19,12,00,21.2,-88.3,55,0
AL081973,BRENDA,1973,08,19,18,00,21.2,-89,50,0
AL081973,BRENDA,1973,08,20,00,00,21.1,-89.6,45,0
AL081973,BRENDA,1973,08,20,06,00,20.7,-90.5,45,0
AL081973,BRENDA,1973,08,20,12,00,20.3,-91.2,45,0
AL081973,BRENDA,1973,08,20,18,00,19.8,-91.7,65,1
AL081973,BRENDA,1973,08,21,00,00,19.4,-91.9,70,1
AL081973,BRENDA,1973,08,21,06,00,19,-92.1,80,1
AL081973,BRENDA,1973,08,21,12,00,18.4,-92.3,60,0
AL081973,BRENDA,1973,08,21,18,00,17.6,-92.1,40,0
AL081973,BRENDA,1973,08,22,00,00,17.2,-91.5,30,0
