id,name,year,month,day,hour,minute,lat,lon,max_sustained_wind_kts,sshws
AL082004,HERMINE,2004,08,27,18,00,29,-65.2,25,0
AL082004,HERMINE,2004,08,28,00,00,29,-65.7,25,0
AL082004,HERMINE,2004,08,28,06,00,29.1,-66.2,25,0
AL082004,HERMINE,2004,08,28,12,00,29.2,-66.6,30,0
AL082004,HERMINE,2004,08,28,18,00,29.7,-67.2,30,0
AL082004,HERMINE,2004,08,29,00,00,30.1,-68.4,30,0
AL082004,HERMINE,2004,08,29,06,00,30.5,-69.2,30,0
AL082004,HERMINE,2004,08,29,12,00,31.1,-69.8,35,0
AL082004,HERMINE,2004,08,29,18,00,31.8,-70.5,40,0
AL082004,HERMINE,2004,08,30,00,00,32.6,-71.1,40,0
AL082004,HERMINE,2004,08,30,06,00,33.8,-71.5,50,0
AL082004,HERMINE,2004,08,30,12,00,35.8,-71.5,45,0
AL082004,HERMINE,2004,08,30,18,00,37.6,-71.4,45,0
AL082004,HERMINE,2004,08,31,00,00,39.9,-71.3,35,0
AL082004,HERMINE,2004,08,31,06,00,41.5,-70.9,35,0
AL082004,HERMINE,2004,08,31,12,00,43.1,-70.5,25,0
