id,name,year,month,day,hour,minute,lat,lon,max_sustained_wind_kts,sshws
AL081967,UNNAMED,1967,08,10,12,00,12.9,-13,-99,0
AL081967,UNNAMED,1967,08,10,18,00,13,-14,-99,0
AL081967,UNNAMED,1967,08,11,00,00,13.1,-15.6,-99,0
AL081967,UNNAMED,1967,08,11,06,00,13.1,-17.1,-99,0
AL081967,UNNAMED,1967,08,11,12,00,13,-18.9,-99,0
AL081967,UNNAMED,1967,08,11,18,00,13,-19.9,-99,0
AL081967,UNNAMED,1967,08,12,00,00,13,-20.8,-99,0
AL081967,UNNAMED,1967,08,12,06,00,13,-21.5,-99,0
AL081967,UNNAMED,1967,08,12,12,00,13,-22.4,-99,0
AL081967,UNNAMED,1967,08,12,18,00,13,-23.4,-99,0
AL081967,UNNAMED,1967,08,13,00,00,13.1,-24.8,-99,0
AL081967,UNNAMED,1967,08,13,06,00,13.2,-25.9,-99,0
AL081967,UNNAMED,1967,08,13,12,00,13.4,-26.8,-99,0
AL081967,UNNAMED,1967,08,13,18,00,13.6,-27.8,-99,0
AL081967,UNNAMED,1967,08,14,00,00,13.8,-28.8,-99,0
AL081967,UNNAMED,1967,08,14,06,00,13.8,-30,-99,0
AL081967,UNNAMED,1967,08,14,12,00,13.8,-31,-99,0
AL081967,UNNAMED,1967,08,14,18,00,13.8,-32,-99,0
AL081967,UNNAMED,1967,08,15,00,00,13.9,-33.1,-99,0
AL081967,UNNAMED,1967,08,15,06,00,14,-34,-99,0
AL081967,UNNAMED,1967,08,15,12,00,14,-35,-99,0
AL081967,UNNAMED,1967,08,15,18,00,14,-36,-99,0
AL081967,UNNAMED,1967,08,16,00,00,14,-37,-99,0
AL081967,UNNAMED,1967,08,16,06,00,14,-38,-99,0
AL081967,UNNAMED,1967,08,16,12,00,14,-39,-99,0
