AL081959	GRACIE	1959	09	20	12	00	19.7	-68.6	25	0
AL081959	GRACIE	1959	09	20	18	00	19.9	-69.9	25	0
AL081959	GRACIE	1959	09	21	00	00	20.1	-71.3	25	0
AL081959	GRACIE	1959	09	21	06	00	20.3	-72.7	30	0
AL081959	GRACIE	1959	09	21	12	00	20.6	-74	30	0
AL081959	GRACIE	1959	09	21	18	00	21.2	-74.5	30	0
AL081959	GRACIE	1959	09	22	00	00	21.8	-74.1	35	0
AL081959	GRACIE	1959	09	22	06	00	22.2	-73.6	45	0
AL081959	GRACIE	1959	09	22	12	00	22.6	-73.2	50	0
AL081959	GRACIE	1959	09	22	18	00	23.3	-73	65	1
AL081959	GRACIE	1959	09	23	00	00	23.9	-72.9	85	2
AL081959	GRACIE	1959	09	23	06	00	24.4	-73	85	2
AL081959	GRACIE	1959	09	23	12	00	24.8	-73.3	85	2
AL081959	GRACIE	1959	09	23	18	00	25.3	-73.9	80	1
AL081959	GRACIE	1959	09	24	00	00	25.8	-74.6	75	1
AL081959	GRACIE	1959	09	24	06	00	26.1	-75	70	1
AL081959	GRACIE	1959	09	24	12	00	26.3	-75.3	65	1
AL081959	GRACIE	1959	09	24	18	00	26.8	-75.4	65	1
AL081959	GRACIE	1959	09	25	00	00	27.3	-75.4	65	1
AL081959	GRACIE	1959	09	25	06	00	27.8	-75.2	65	1
AL081959	GRACIE	1959	09	25	12	00	28.1	-75	65	1
AL081959	GRACIE	1959	09	25	18	00	28	-74.7	65	1
AL081959	GRACIE	1959	09	26	00	00	27.7	-74.4	65	1
AL081959	GRACIE	1959	09	26	06	00	27.7	-74	65	1
AL081959	GRACIE	1959	09	26	12	00	27.7	-73.6	65	1
AL081959	GRACIE	1959	09	26	18	00	27.7	-73.2	65	1
AL081959	GRACIE	1959	09	27	00	00	27.8	-73.1	65	1
AL081959	GRACIE	1959	09	27	06	00	28	-73.5	70	1
AL081959	GRACIE	1959	09	27	12	00	28.2	-74	75	1
AL081959	GRACIE	1959	09	27	18	00	28.5	-74.5	75	1
AL081959	GRACIE	1959	09	28	00	00	28.7	-75	80	1
AL081959	GRACIE	1959	09	28	06	00	28.9	-75.6	85	2
AL081959	GRACIE	1959	09	28	12	00	29	-76.3	90	2
AL081959	GRACIE	1959	09	28	18	00	29.4	-77.1	100	3
AL081959	GRACIE	1959	09	29	00	00	29.9	-77.9	110	3
AL081959	GRACIE	1959	09	29	06	00	30.5	-78.7	120	4
AL081959	GRACIE	1959	09	29	12	00	31.3	-79.6	120	4
AL081959	GRACIE	1959	09	29	18	00	32.4	-80.4	105	3
AL081959	GRACIE	1959	09	30	00	00	33.6	-81.1	60	0
AL081959	GRACIE	1959	09	30	06	00	34.9	-81.5	60	0
AL081959	GRACIE	1959	09	30	12	00	36.2	-81.7	45	0
AL081959	GRACIE	1959	09	30	18	00	37.7	-81.7	40	0
AL081959	GRACIE	1959	10	01	00	00	39.3	-81	35	0
AL081959	GRACIE	1959	10	01	06	00	40.6	-79.1	30	0
AL081959	GRACIE	1959	10	01	12	00	41.7	-76.7	30	0
AL081959	GRACIE	1959	10	01	18	00	42.5	-74.3	30	0
AL081959	GRACIE	1959	10	02	00	00	42.9	-71.6	25	0
AL081959	GRACIE	1959	10	02	06	00	43	-68	25	0
AL081959	GRACIE	1959	10	02	12	00	42.8	-63.4	25	0
AL081959	GRACIE	1959	10	02	18	00	42.8	-59.2	25	0
