id,name,year,month,day,hour,minute,lat,lon,max_sustained_wind_kts,sshws
AL081956,GRETA,1956,10,30,06,00,17.8,-75.5,25,0
AL081956,GRETA,1956,10,30,12,00,17.2,-75.3,25,0
AL081956,GRETA,1956,10,30,18,00,17.5,-75.1,25,0
AL081956,GRETA,1956,10,31,00,00,18.2,-74.9,25,0
AL081956,GRETA,1956,10,31,06,00,19.2,-74.7,25,0
AL081956,GRETA,1956,10,31,12,00,20.4,-74.5,25,0
AL081956,GRETA,1956,10,31,18,00,21.7,-74.4,25,0
AL081956,GRETA,1956,11,01,00,00,23.1,-74.3,30,0
AL081956,GRETA,1956,11,01,06,00,24.5,-73.5,30,0
AL081956,GRETA,1956,11,01,12,00,25.9,-72.5,30,0
AL081956,GRETA,1956,11,01,18,00,27.6,-72.2,30,0
AL081956,GRETA,1956,11,02,00,00,29,-72.3,30,0
AL081956,GRETA,1956,11,02,06,00,29.4,-73.7,30,0
AL081956,GRETA,1956,11,02,12,00,28.1,-73.5,35,0
AL081956,GRETA,1956,11,02,18,00,27.3,-72.9,35,0
AL081956,GRETA,1956,11,03,00,00,26.5,-72.3,40,0
AL081956,GRETA,1956,11,03,06,00,25.8,-72.1,45,0
AL081956,GRETA,1956,11,03,12,00,25.2,-71.8,55,0
AL081956,GRETA,1956,11,03,18,00,24.6,-71.4,55,0
AL081956,GRETA,1956,11,04,00,00,24,-70.7,60,0
AL081956,GRETA,1956,11,04,06,00,23.3,-69.6,65,1
AL081956,GRETA,1956,11,04,12,00,22.6,-68.3,75,1
AL081956,GRETA,1956,11,04,18,00,21.9,-66.9,95,2
AL081956,GRETA,1956,11,05,00,00,22.2,-65.3,110,3
AL081956,GRETA,1956,11,05,06,00,23.7,-63.2,115,4
AL081956,GRETA,1956,11,05,12,00,25.3,-61,120,4
AL081956,GRETA,1956,11,05,18,00,26.8,-59.1,120,4
AL081956,GRETA,1956,11,06,00,00,28.3,-57.1,110,3
AL081956,GRETA,1956,11,06,06,00,29.5,-54.5,100,3
AL081956,GRETA,1956,11,06,12,00,30.6,-51.2,85,2
AL081956,GRETA,1956,11,06,18,00,31.9,-47.6,70,1
AL081956,GRETA,1956,11,07,00,00,33.3,-42.6,55,0
AL081956,GRETA,1956,11,07,06,00,34.5,-37.7,45,0
