id,name,year,month,day,hour,minute,lat,lon,max_sustained_wind_kts,sshws
AL081987,UNNAMED,1987,09,06,00,00,12.8,-63.3,25,0
AL081987,UNNAMED,1987,09,06,06,00,12.9,-65,30,0
AL081987,UNNAMED,1987,09,06,12,00,13,-67,30,0
AL081987,UNNAMED,1987,09,06,18,00,13.1,-69,30,0
AL081987,UNNAMED,1987,09,07,00,00,13.2,-70.8,30,0
AL081987,UNNAMED,1987,09,07,06,00,13.3,-72.5,30,0
AL081987,UNNAMED,1987,09,07,12,00,13.4,-74.2,30,0
AL081987,UNNAMED,1987,09,07,18,00,13.6,-76.3,30,0
AL081987,UNNAMED,1987,09,08,00,00,13.8,-78.2,30,0
AL081987,UNNAMED,1987,09,08,06,00,13.9,-80.1,30,0
AL081987,UNNAMED,1987,09,08,12,00,14,-82,30,0
AL081987,UNNAMED,1987,09,08,18,00,14,-83.9,-99,0
