id,name,year,month,day,hour,minute,lat,lon,max_sustained_wind_kts,sshws
AL081903,UNNAMED,1903,10,05,00,00,25.5,-72.5,35,0
AL081903,UNNAMED,1903,10,05,06,00,25.7,-72.3,35,0
AL081903,UNNAMED,1903,10,05,12,00,26,-72,40,0
AL081903,UNNAMED,1903,10,05,18,00,26.3,-71.7,40,0
AL081903,UNNAMED,1903,10,06,00,00,26.6,-71.3,40,0
AL081903,UNNAMED,1903,10,06,06,00,26.9,-70.9,40,0
AL081903,UNNAMED,1903,10,06,12,00,27.2,-70.5,40,0
AL081903,UNNAMED,1903,10,06,18,00,27.5,-70.1,40,0
AL081903,UNNAMED,1903,10,07,00,00,27.8,-69.7,40,0
AL081903,UNNAMED,1903,10,07,06,00,28.1,-69.3,40,0
AL081903,UNNAMED,1903,10,07,12,00,28.5,-68.8,40,0
AL081903,UNNAMED,1903,10,07,18,00,29,-68.2,45,0
AL081903,UNNAMED,1903,10,08,00,00,29.5,-67.4,50,0
AL081903,UNNAMED,1903,10,08,06,00,30,-66.9,55,0
AL081903,UNNAMED,1903,10,08,12,00,30.5,-66.5,60,0
AL081903,UNNAMED,1903,10,08,18,00,31.1,-66.2,60,0
AL081903,UNNAMED,1903,10,09,00,00,31.7,-65.9,60,0
AL081903,UNNAMED,1903,10,09,06,00,32.3,-65.7,60,0
AL081903,UNNAMED,1903,10,09,12,00,33,-65.5,60,0
AL081903,UNNAMED,1903,10,09,18,00,33.7,-65.3,60,0
AL081903,UNNAMED,1903,10,10,00,00,34.5,-65.2,55,0
AL081903,UNNAMED,1903,10,10,06,00,35.3,-65.1,50,0
AL081903,UNNAMED,1903,10,10,12,00,36.1,-65,50,0
AL081903,UNNAMED,1903,10,10,18,00,37.2,-64.8,50,0
