id,name,year,month,day,hour,minute,lat,lon,max_sustained_wind_kts,sshws
AL081853,UNNAMED,1853,10,19,00,00,27.5,-78.5,70,1
AL081853,UNNAMED,1853,10,19,06,00,28,-78.9,70,1
AL081853,UNNAMED,1853,10,19,12,00,28.5,-79.3,80,1
AL081853,UNNAMED,1853,10,19,18,00,28.9,-79.6,80,1
AL081853,UNNAMED,1853,10,20,00,00,29.3,-79.9,80,1
AL081853,UNNAMED,1853,10,20,06,00,29.7,-80.2,80,1
AL081853,UNNAMED,1853,10,20,12,00,30,-80.5,90,2
AL081853,UNNAMED,1853,10,20,18,00,30.3,-80.7,90,2
AL081853,UNNAMED,1853,10,21,00,00,30.6,-80.9,90,2
AL081853,UNNAMED,1853,10,21,06,00,30.9,-80.9,90,2
AL081853,UNNAMED,1853,10,21,12,00,31.3,-80.6,80,1
AL081853,UNNAMED,1853,10,21,18,00,31.7,-80.1,80,1
AL081853,UNNAMED,1853,10,22,00,00,32.1,-79.4,80,1
AL081853,UNNAMED,1853,10,22,06,00,32.5,-78.5,80,1
