AL081891	UNNAMED	1891	10	07	12	00	18	-85	30	0
AL081891	UNNAMED	1891	10	07	18	00	18.5	-85	30	0
AL081891	UNNAMED	1891	10	08	00	00	19	-85	35	0
AL081891	UNNAMED	1891	10	08	06	00	19.5	-85	35	0
AL081891	UNNAMED	1891	10	08	12	00	20	-84.8	35	0
AL081891	UNNAMED	1891	10	08	18	00	20.7	-84.4	35	0
AL081891	UNNAMED	1891	10	09	00	00	21.5	-84	35	0
AL081891	UNNAMED	1891	10	09	06	00	22.5	-83.7	40	0
AL081891	UNNAMED	1891	10	09	12	00	24	-83.5	40	0
AL081891	UNNAMED	1891	10	09	18	00	25.5	-82.8	35	0
AL081891	UNNAMED	1891	10	10	00	00	27	-81.5	30	0
AL081891	UNNAMED	1891	10	10	06	00	28.4	-80.7	30	0
AL081891	UNNAMED	1891	10	10	12	00	29.8	-80	30	0
AL081891	UNNAMED	1891	10	10	18	00	31	-78.8	30	0
AL081891	UNNAMED	1891	10	11	00	00	32	-77	30	0
AL081891	UNNAMED	1891	10	11	06	00	32.6	-75.8	35	0
AL081891	UNNAMED	1891	10	11	12	00	33.2	-75	40	0
AL081891	UNNAMED	1891	10	11	18	00	33.8	-74.5	45	0
AL081891	UNNAMED	1891	10	12	00	00	34.4	-74	50	0
AL081891	UNNAMED	1891	10	12	06	00	34.8	-73.7	55	0
AL081891	UNNAMED	1891	10	12	12	00	35	-73.5	55	0
AL081891	UNNAMED	1891	10	12	18	00	35.4	-73.3	55	0
AL081891	UNNAMED	1891	10	13	00	00	36	-73.1	55	0
AL081891	UNNAMED	1891	10	13	06	00	37	-72.9	55	0
AL081891	UNNAMED	1891	10	13	12	00	38	-72.5	55	0
AL081891	UNNAMED	1891	10	13	18	00	39	-71.5	55	0
AL081891	UNNAMED	1891	10	14	00	00	40	-70.5	55	0
AL081891	UNNAMED	1891	10	14	06	00	41	-69.5	55	0
AL081891	UNNAMED	1891	10	14	12	00	42	-68.5	50	0
AL081891	UNNAMED	1891	10	14	18	00	43.3	-66.5	45	0
AL081891	UNNAMED	1891	10	15	00	00	44.6	-64	40	0
AL081891	UNNAMED	1891	10	15	06	00	46	-62	40	0
AL081891	UNNAMED	1891	10	15	12	00	47.5	-60.2	35	0
AL081891	UNNAMED	1891	10	15	18	00	50	-57.1	30	0
AL081891	UNNAMED	1891	10	16	00	00	53	-52.2	30	0
