AL081933	UNNAMED	1933	08	22	06	00	12.6	-24.9	25	0
AL081933	UNNAMED	1933	08	22	12	00	12.7	-26	25	0
AL081933	UNNAMED	1933	08	22	18	00	12.8	-27.1	25	0
AL081933	UNNAMED	1933	08	23	00	00	12.9	-28.2	25	0
AL081933	UNNAMED	1933	08	23	06	00	13	-29.3	25	0
AL081933	UNNAMED	1933	08	23	12	00	13.1	-30.4	25	0
AL081933	UNNAMED	1933	08	23	18	00	13.2	-31.5	25	0
AL081933	UNNAMED	1933	08	24	00	00	13.4	-32.5	30	0
AL081933	UNNAMED	1933	08	24	06	00	13.6	-33.5	30	0
AL081933	UNNAMED	1933	08	24	12	00	13.8	-34.6	30	0
AL081933	UNNAMED	1933	08	24	18	00	14	-35.8	30	0
AL081933	UNNAMED	1933	08	25	00	00	14.3	-37.1	30	0
AL081933	UNNAMED	1933	08	25	06	00	14.5	-38.4	30	0
AL081933	UNNAMED	1933	08	25	12	00	14.7	-39.7	30	0
AL081933	UNNAMED	1933	08	25	18	00	14.9	-41	30	0
AL081933	UNNAMED	1933	08	26	00	00	15.1	-42.3	35	0
AL081933	UNNAMED	1933	08	26	06	00	15.3	-43.6	35	0
AL081933	UNNAMED	1933	08	26	12	00	15.6	-44.9	35	0
AL081933	UNNAMED	1933	08	26	18	00	15.8	-46.2	40	0
AL081933	UNNAMED	1933	08	27	00	00	16.1	-47.5	40	0
AL081933	UNNAMED	1933	08	27	06	00	16.4	-48.8	40	0
AL081933	UNNAMED	1933	08	27	12	00	16.7	-50.1	45	0
AL081933	UNNAMED	1933	08	27	18	00	17	-51.6	45	0
AL081933	UNNAMED	1933	08	28	00	00	17.3	-53.1	50	0
AL081933	UNNAMED	1933	08	28	06	00	17.7	-54.7	55	0
AL081933	UNNAMED	1933	08	28	12	00	18.1	-56.3	60	0
AL081933	UNNAMED	1933	08	28	18	00	18.5	-57.9	65	1
AL081933	UNNAMED	1933	08	29	00	00	18.8	-59.5	70	1
AL081933	UNNAMED	1933	08	29	06	00	19.1	-61.1	75	1
AL081933	UNNAMED	1933	08	29	12	00	19.5	-62.7	80	1
AL081933	UNNAMED	1933	08	29	18	00	20	-64.4	90	2
AL081933	UNNAMED	1933	08	30	00	00	20.6	-66.1	100	3
AL081933	UNNAMED	1933	08	30	06	00	21.2	-67.8	110	3
AL081933	UNNAMED	1933	08	30	12	00	21.7	-69.5	120	4
AL081933	UNNAMED	1933	08	30	18	00	21.9	-70.9	130	4
AL081933	UNNAMED	1933	08	31	00	00	22.2	-72.1	140	5
AL081933	UNNAMED	1933	08	31	06	00	22.4	-73.2	140	5
AL081933	UNNAMED	1933	08	31	12	00	22.5	-74.3	135	4
AL081933	UNNAMED	1933	08	31	18	00	22.6	-75.7	125	4
AL081933	UNNAMED	1933	09	01	00	00	22.8	-77.3	115	4
AL081933	UNNAMED	1933	09	01	06	00	23	-78.9	110	3
AL081933	UNNAMED	1933	09	01	12	00	23.1	-80.4	105	3
AL081933	UNNAMED	1933	09	01	18	00	23.3	-81.9	100	3
AL081933	UNNAMED	1933	09	02	00	00	23.5	-83.1	100	3
AL081933	UNNAMED	1933	09	02	06	00	23.7	-84.1	100	3
AL081933	UNNAMED	1933	09	02	12	00	24.2	-85.1	110	3
AL081933	UNNAMED	1933	09	02	18	00	24.6	-86.1	120	4
AL081933	UNNAMED	1933	09	03	00	00	24.9	-87.2	120	4
AL081933	UNNAMED	1933	09	03	06	00	25.1	-88.6	120	4
AL081933	UNNAMED	1933	09	03	12	00	25.3	-89.9	120	4
AL081933	UNNAMED	1933	09	03	18	00	25.6	-91.2	115	4
AL081933	UNNAMED	1933	09	04	00	00	25.9	-92.4	115	4
AL081933	UNNAMED	1933	09	04	06	00	26	-93.7	115	4
AL081933	UNNAMED	1933	09	04	12	00	26.1	-94.9	110	3
AL081933	UNNAMED	1933	09	04	18	00	26.2	-95.8	110	3
AL081933	UNNAMED	1933	09	05	00	00	26.2	-96.6	110	3
AL081933	UNNAMED	1933	09	05	04	00	26.1	-97.2	110	3
AL081933	UNNAMED	1933	09	05	06	00	26.1	-97.5	90	2
AL081933	UNNAMED	1933	09	05	12	00	25.9	-98.4	60	0
AL081933	UNNAMED	1933	09	05	18	00	25.7	-99.3	35	0
