id,name,year,month,day,hour,minute,lat,lon,max_sustained_wind_kts,sshws
AL081877,UNNAMED,1877,11,28,00,00,23.2,-76.5,40,0
AL081877,UNNAMED,1877,11,28,06,00,24.9,-76.1,40,0
AL081877,UNNAMED,1877,11,28,12,00,27,-75.5,40,0
AL081877,UNNAMED,1877,11,28,18,00,29.2,-74.6,40,0
AL081877,UNNAMED,1877,11,29,00,00,31.5,-73.5,50,0
AL081877,UNNAMED,1877,11,29,06,00,33.4,-72.4,50,0
AL081877,UNNAMED,1877,11,29,12,00,35.5,-70.8,50,0
AL081877,UNNAMED,1877,11,29,18,00,38.5,-68.8,50,0
AL081877,UNNAMED,1877,11,30,00,00,41.6,-66,40,0
AL081877,UNNAMED,1877,11,30,06,00,44.7,-63.6,40,0
AL081877,UNNAMED,1877,11,30,12,00,48.5,-60,40,0
AL081877,UNNAMED,1877,11,30,18,00,52.5,-55.7,40,0
