AL081997	FABIAN	1997	10	04	18	00	24.2	-64.5	25	0
AL081997	FABIAN	1997	10	05	00	00	24.7	-64.3	25	0
AL081997	FABIAN	1997	10	05	06	00	25.2	-64	25	0
AL081997	FABIAN	1997	10	05	12	00	25.7	-63.5	30	0
AL081997	FABIAN	1997	10	05	18	00	26.3	-63.1	35	0
AL081997	FABIAN	1997	10	06	00	00	26.8	-62.6	35	0
AL081997	FABIAN	1997	10	06	06	00	27.2	-61.9	35	0
AL081997	FABIAN	1997	10	06	12	00	27.7	-61.3	35	0
AL081997	FABIAN	1997	10	06	18	00	28.2	-60.2	35	0
AL081997	FABIAN	1997	10	07	00	00	28.8	-59.1	35	0
AL081997	FABIAN	1997	10	07	06	00	29.2	-57.9	35	0
AL081997	FABIAN	1997	10	07	12	00	29.5	-56.8	35	0
AL081997	FABIAN	1997	10	07	18	00	29.1	-56	35	0
AL081997	FABIAN	1997	10	08	00	00	28.6	-55	35	0
AL081997	FABIAN	1997	10	08	06	00	28.4	-53.4	35	0
AL081997	FABIAN	1997	10	08	12	00	28.7	-51.4	35	0
AL081997	FABIAN	1997	10	08	18	00	29.2	-48.8	40	0
