AL081923	UNNAMED	1923	10	16	12	00	20.5	-95	35	0
AL081923	UNNAMED	1923	10	16	18	00	21	-94	35	0
AL081923	UNNAMED	1923	10	17	00	00	21.8	-93	35	0
AL081923	UNNAMED	1923	10	17	06	00	22.8	-91.6	40	0
AL081923	UNNAMED	1923	10	17	12	00	24	-90	45	0
AL081923	UNNAMED	1923	10	17	18	00	26.5	-88.9	50	0
AL081923	UNNAMED	1923	10	18	00	00	30	-89	50	0
AL081923	UNNAMED	1923	10	18	01	00	30.3	-89	50	0
AL081923	UNNAMED	1923	10	18	06	00	32.9	-89.1	40	0
AL081923	UNNAMED	1923	10	18	12	00	35.5	-89.2	35	0
AL081923	UNNAMED	1923	10	18	18	00	37.5	-88.7	30	0
AL081923	UNNAMED	1923	10	19	00	00	39.5	-87.5	30	0
AL081923	UNNAMED	1923	10	19	06	00	41.5	-85.9	35	0
AL081923	UNNAMED	1923	10	19	12	00	43.5	-84	35	0
AL081923	UNNAMED	1923	10	19	18	00	45.4	-82.2	35	0
AL081923	UNNAMED	1923	10	20	00	00	47.2	-80.6	35	0
AL081923	UNNAMED	1923	10	20	06	00	49.1	-79	35	0
AL081923	UNNAMED	1923	10	20	12	00	51	-77	35	0
AL081923	UNNAMED	1923	10	20	18	00	53	-74.5	35	0
AL081923	UNNAMED	1923	10	21	00	00	55.5	-71.5	30	0
AL081923	UNNAMED	1923	10	21	06	00	58.5	-68	30	0
AL081923	UNNAMED	1923	10	21	12	00	62.5	-64	30	0
AL081923	UNNAMED	1923	10	21	18	00	67	-60	30	0
