id,name,year,month,day,hour,minute,lat,lon,max_sustained_wind_kts,sshws
AL081944,UNNAMED,1944,09,19,06,00,19.3,-83.6,40,0
AL081944,UNNAMED,1944,09,19,12,00,20,-84.2,50,0
AL081944,UNNAMED,1944,09,19,18,00,20.6,-84.9,60,0
AL081944,UNNAMED,1944,09,20,00,00,20.9,-85.6,70,1
AL081944,UNNAMED,1944,09,20,06,00,21,-86.3,70,1
AL081944,UNNAMED,1944,09,20,12,00,21.1,-87.2,60,0
AL081944,UNNAMED,1944,09,20,18,00,20.9,-88.3,55,0
AL081944,UNNAMED,1944,09,21,00,00,20.5,-89.5,50,0
AL081944,UNNAMED,1944,09,21,06,00,20,-90.7,65,1
AL081944,UNNAMED,1944,09,21,12,00,19.2,-92,70,1
AL081944,UNNAMED,1944,09,21,18,00,18.5,-93.2,70,1
AL081944,UNNAMED,1944,09,22,00,00,17.9,-94,60,0
AL081944,UNNAMED,1944,09,22,06,00,17.2,-94.2,45,0
AL081944,UNNAMED,1944,09,22,12,00,16.5,-94,30,0
