AL081943	UNNAMED	1943	10	01	06	00	24	-60.7	60	0
AL081943	UNNAMED	1943	10	01	12	00	26	-62	60	0
AL081943	UNNAMED	1943	10	01	18	00	28	-63.4	60	0
AL081943	UNNAMED	1943	10	02	00	00	30	-65	55	0
AL081943	UNNAMED	1943	10	02	06	00	32	-66.6	50	0
AL081943	UNNAMED	1943	10	02	12	00	34.3	-67.5	45	0
AL081943	UNNAMED	1943	10	02	18	00	37	-67.5	45	0
AL081943	UNNAMED	1943	10	03	00	00	40	-66	45	0
AL081943	UNNAMED	1943	10	03	06	00	43.5	-63	45	0
AL081943	UNNAMED	1943	10	03	12	00	48	-59	45	0
AL081943	UNNAMED	1943	10	03	18	00	53	-55.5	40	0
