id,name,year,month,day,hour,minute,lat,lon,max_sustained_wind_kts,sshws
AL081947,UNNAMED,1947,10,08,00,00,34.7,-42.8,40,0
AL081947,UNNAMED,1947,10,08,06,00,35.1,-42.5,45,0
AL081947,UNNAMED,1947,10,08,12,00,35.5,-42.2,50,0
AL081947,UNNAMED,1947,10,08,18,00,35.9,-41.9,50,0
AL081947,UNNAMED,1947,10,09,00,00,36.3,-41.7,50,0
AL081947,UNNAMED,1947,10,09,06,00,36.7,-41.5,50,0
AL081947,UNNAMED,1947,10,09,12,00,37,-41,50,0
AL081947,UNNAMED,1947,10,09,18,00,37.4,-40.2,50,0
AL081947,UNNAMED,1947,10,10,00,00,37.7,-39.2,50,0
AL081947,UNNAMED,1947,10,10,06,00,38,-38,50,0
AL081947,UNNAMED,1947,10,10,12,00,38.3,-36.8,50,0
AL081947,UNNAMED,1947,10,10,18,00,38.6,-35.5,50,0
AL081947,UNNAMED,1947,10,11,00,00,39.1,-34,45,0
