AL081984	CESAR	1984	08	31	00	00	36.6	-66.9	25	0
AL081984	CESAR	1984	08	31	06	00	37.8	-66	30	0
AL081984	CESAR	1984	08	31	12	00	38.9	-65	35	0
AL081984	CESAR	1984	08	31	18	00	39.8	-63.1	35	0
AL081984	CESAR	1984	09	01	00	00	40.6	-61.1	40	0
AL081984	CESAR	1984	09	01	06	00	41.7	-59	40	0
AL081984	CESAR	1984	09	01	12	00	42.9	-56.9	40	0
AL081984	CESAR	1984	09	01	18	00	44	-54.9	40	0
AL081984	CESAR	1984	09	02	00	00	44.9	-53.3	45	0
AL081984	CESAR	1984	09	02	06	00	45.5	-51.8	45	0
AL081984	CESAR	1984	09	02	12	00	46	-50.4	50	0
AL081984	CESAR	1984	09	02	18	00	46.2	-48.9	50	0
