id,name,year,month,day,hour,minute,lat,lon,max_sustained_wind_kts,sshws
AL081887,UNNAMED,1887,09,01,00,00,28.1,-53.7,35,0
AL081887,UNNAMED,1887,09,01,06,00,28.6,-54.4,40,0
AL081887,UNNAMED,1887,09,01,12,00,29,-55,45,0
AL081887,UNNAMED,1887,09,01,18,00,29.6,-55.9,50,0
AL081887,UNNAMED,1887,09,02,00,00,30.4,-57,55,0
AL081887,UNNAMED,1887,09,02,06,00,31.1,-57.8,65,1
AL081887,UNNAMED,1887,09,02,12,00,32,-58.5,75,1
AL081887,UNNAMED,1887,09,02,18,00,34.2,-58.7,80,1
AL081887,UNNAMED,1887,09,03,00,00,36.7,-57.8,85,2
AL081887,UNNAMED,1887,09,03,06,00,38.8,-56.4,90,2
AL081887,UNNAMED,1887,09,03,12,00,41,-54,90,2
AL081887,UNNAMED,1887,09,03,18,00,43.7,-49.7,90,2
AL081887,UNNAMED,1887,09,04,00,00,46.4,-44.5,90,2
AL081887,UNNAMED,1887,09,04,06,00,49.2,-39.7,90,2
AL081887,UNNAMED,1887,09,04,12,00,52,-35,80,1
AL081887,UNNAMED,1887,09,04,18,00,53,-32.4,70,1
AL081887,UNNAMED,1887,09,05,00,00,54,-29.7,60,0
AL081887,UNNAMED,1887,09,05,06,00,54.9,-26.9,60,0
AL081887,UNNAMED,1887,09,05,12,00,55.7,-23,60,0
AL081887,UNNAMED,1887,09,05,18,00,55.3,-18.1,60,0
AL081887,UNNAMED,1887,09,06,00,00,55.2,-14.6,55,0
AL081887,UNNAMED,1887,09,06,06,00,55.4,-11,50,0
AL081887,UNNAMED,1887,09,06,12,00,55.9,-7.2,50,0
