id,name,year,month,day,hour,minute,lat,lon,max_sustained_wind_kts,sshws
AL082011,HARVEY,2011,08,19,00,00,15.4,-82,30,0
AL082011,HARVEY,2011,08,19,06,00,15.7,-82.7,30,0
AL082011,HARVEY,2011,08,19,12,00,15.9,-83.4,35,0
AL082011,HARVEY,2011,08,19,18,00,16,-84.1,40,0
AL082011,HARVEY,2011,08,20,00,00,16.1,-84.9,45,0
AL082011,HARVEY,2011,08,20,06,00,16.3,-85.8,50,0
AL082011,HARVEY,2011,08,20,12,00,16.6,-87,50,0
AL082011,HARVEY,2011,08,20,17,30,17,-88.3,55,0
AL082011,HARVEY,2011,08,20,18,00,17,-88.3,55,0
AL082011,HARVEY,2011,08,21,00,00,17.3,-89.6,35,0
AL082011,HARVEY,2011,08,21,06,00,17.6,-90.8,30,0
AL082011,HARVEY,2011,08,21,12,00,18,-92,30,0
AL082011,HARVEY,2011,08,21,18,00,18.5,-93.3,30,0
AL082011,HARVEY,2011,08,22,00,00,18.7,-94.8,35,0
AL082011,HARVEY,2011,08,22,02,00,18.7,-95.2,35,0
AL082011,HARVEY,2011,08,22,06,00,18.6,-96.2,25,0
AL082011,HARVEY,2011,08,22,12,00,18.1,-97.2,20,0
