AL081924	UNNAMED	1924	09	27	00	00	16.5	-86	25	0
AL081924	UNNAMED	1924	09	27	06	00	17	-86	25	0
AL081924	UNNAMED	1924	09	27	12	00	17.5	-86.1	30	0
AL081924	UNNAMED	1924	09	27	18	00	18	-86.1	30	0
AL081924	UNNAMED	1924	09	28	00	00	18.6	-86.1	30	0
AL081924	UNNAMED	1924	09	28	06	00	19.2	-86.2	30	0
AL081924	UNNAMED	1924	09	28	12	00	20	-86.2	30	0
AL081924	UNNAMED	1924	09	28	18	00	21.3	-86.2	35	0
AL081924	UNNAMED	1924	09	29	00	00	23	-86.2	40	0
AL081924	UNNAMED	1924	09	29	06	00	25	-86.5	45	0
AL081924	UNNAMED	1924	09	29	12	00	27	-86.6	50	0
AL081924	UNNAMED	1924	09	29	18	00	29	-85	55	0
AL081924	UNNAMED	1924	09	29	21	00	30	-84	55	0
AL081924	UNNAMED	1924	09	30	00	00	31	-83	55	0
AL081924	UNNAMED	1924	09	30	06	00	33	-80.7	55	0
AL081924	UNNAMED	1924	09	30	12	00	35	-78	60	0
AL081924	UNNAMED	1924	09	30	18	00	38	-75.5	65	1
AL081924	UNNAMED	1924	10	01	00	00	42.5	-73	55	0
