id,name,year,month,day,hour,minute,lat,lon,max_sustained_wind_kts,sshws
AL081968,EDNA,1968,09,11,18,00,12.7,-21.1,25,0
AL081968,EDNA,1968,09,12,00,00,13,-22.3,25,0
AL081968,EDNA,1968,09,12,06,00,13.4,-23.8,25,0
AL081968,EDNA,1968,09,12,12,00,13.7,-25.2,30,0
AL081968,EDNA,1968,09,12,18,00,13.9,-26.3,30,0
AL081968,EDNA,1968,09,13,00,00,14,-27.2,30,0
AL081968,EDNA,1968,09,13,06,00,14.2,-28.3,30,0
AL081968,EDNA,1968,09,13,12,00,14.3,-29.2,30,0
AL081968,EDNA,1968,09,13,18,00,14.5,-30,30,0
AL081968,EDNA,1968,09,14,00,00,14.8,-30.9,30,0
AL081968,EDNA,1968,09,14,06,00,15,-31.8,30,0
AL081968,EDNA,1968,09,14,12,00,15.3,-32.9,30,0
AL081968,EDNA,1968,09,14,18,00,15.6,-34,30,0
AL081968,EDNA,1968,09,15,00,00,15.8,-34.9,50,0
AL081968,EDNA,1968,09,15,06,00,16,-35.8,55,0
AL081968,EDNA,1968,09,15,12,00,16.2,-36.7,55,0
AL081968,EDNA,1968,09,15,18,00,16.4,-37.7,55,0
AL081968,EDNA,1968,09,16,00,00,16.4,-38.6,55,0
AL081968,EDNA,1968,09,16,06,00,16.5,-39.5,55,0
AL081968,EDNA,1968,09,16,12,00,16.5,-40.7,55,0
AL081968,EDNA,1968,09,16,18,00,16.6,-41.7,55,0
AL081968,EDNA,1968,09,17,00,00,16.7,-42.8,55,0
AL081968,EDNA,1968,09,17,06,00,16.8,-43.9,55,0
AL081968,EDNA,1968,09,17,12,00,16.9,-45,50,0
AL081968,EDNA,1968,09,17,18,00,17,-46.2,40,0
AL081968,EDNA,1968,09,18,00,00,17.1,-47.7,40,0
AL081968,EDNA,1968,09,18,06,00,17.2,-49.2,35,0
AL081968,EDNA,1968,09,18,12,00,17.3,-51.1,30,0
AL081968,EDNA,1968,09,18,18,00,17.4,-52.7,25,0
AL081968,EDNA,1968,09,19,00,00,17.6,-54.3,25,0
AL081968,EDNA,1968,09,19,06,00,17.8,-55.8,25,0
