AL081954	UNNAMED	1954	09	25	06	00	27.8	-56.1	25	0
AL081954	UNNAMED	1954	09	25	12	00	27.8	-55.6	25	0
AL081954	UNNAMED	1954	09	25	18	00	27.8	-55.2	25	0
AL081954	UNNAMED	1954	09	26	00	00	27.9	-54.8	25	0
AL081954	UNNAMED	1954	09	26	06	00	28	-54.3	25	0
AL081954	UNNAMED	1954	09	26	12	00	28.1	-53.7	25	0
AL081954	UNNAMED	1954	09	26	18	00	28.3	-53.1	25	0
AL081954	UNNAMED	1954	09	27	00	00	28.5	-52.4	25	0
AL081954	UNNAMED	1954	09	27	06	00	28.9	-51.8	25	0
AL081954	UNNAMED	1954	09	27	12	00	29.3	-51.3	25	0
AL081954	UNNAMED	1954	09	27	18	00	29.5	-51	25	0
AL081954	UNNAMED	1954	09	28	00	00	29.7	-50.7	25	0
AL081954	UNNAMED	1954	09	28	06	00	29.9	-50.3	25	0
AL081954	UNNAMED	1954	09	28	12	00	30.1	-50	25	0
AL081954	UNNAMED	1954	09	28	18	00	30.3	-49.7	25	0
AL081954	UNNAMED	1954	09	29	00	00	30.6	-49.4	25	0
AL081954	UNNAMED	1954	09	29	06	00	30.9	-49.1	30	0
AL081954	UNNAMED	1954	09	29	12	00	31.2	-48.7	30	0
AL081954	UNNAMED	1954	09	29	18	00	31.6	-48.4	35	0
AL081954	UNNAMED	1954	09	30	00	00	32	-48.3	40	0
AL081954	UNNAMED	1954	09	30	06	00	32.3	-48.3	45	0
AL081954	UNNAMED	1954	09	30	12	00	32.5	-48.6	45	0
AL081954	UNNAMED	1954	09	30	18	00	32.7	-49.3	45	0
AL081954	UNNAMED	1954	10	01	00	00	32.8	-49.9	50	0
AL081954	UNNAMED	1954	10	01	06	00	32.8	-50.5	55	0
AL081954	UNNAMED	1954	10	01	12	00	32.6	-51.2	60	0
AL081954	UNNAMED	1954	10	01	18	00	31.9	-52	60	0
AL081954	UNNAMED	1954	10	02	00	00	31	-53	65	1
AL081954	UNNAMED	1954	10	02	06	00	30.4	-53.9	70	1
AL081954	UNNAMED	1954	10	02	12	00	29.9	-54.7	70	1
AL081954	UNNAMED	1954	10	02	18	00	29.8	-55.7	70	1
AL081954	UNNAMED	1954	10	03	00	00	29.7	-56.6	70	1
AL081954	UNNAMED	1954	10	03	06	00	30.5	-57	70	1
AL081954	UNNAMED	1954	10	03	12	00	31.3	-56.5	70	1
AL081954	UNNAMED	1954	10	03	18	00	32.2	-55.6	70	1
AL081954	UNNAMED	1954	10	04	00	00	33	-54.7	75	1
AL081954	UNNAMED	1954	10	04	06	00	33.4	-53.9	80	1
AL081954	UNNAMED	1954	10	04	12	00	33.7	-53	80	1
AL081954	UNNAMED	1954	10	04	18	00	34.2	-51.7	80	1
AL081954	UNNAMED	1954	10	05	00	00	34.7	-50.1	80	1
AL081954	UNNAMED	1954	10	05	06	00	35.2	-49.1	85	2
AL081954	UNNAMED	1954	10	05	12	00	35.8	-47.8	85	2
AL081954	UNNAMED	1954	10	05	18	00	37.1	-44.4	85	2
AL081954	UNNAMED	1954	10	06	00	00	38.9	-40.4	80	1
AL081954	UNNAMED	1954	10	06	06	00	40.8	-37.4	75	1
AL081954	UNNAMED	1954	10	06	12	00	43.2	-34.5	70	1
AL081954	UNNAMED	1954	10	06	18	00	47.4	-31.7	65	1
AL081954	UNNAMED	1954	10	07	00	00	54.2	-29	60	0
