id,name,year,month,day,hour,minute,lat,lon,max_sustained_wind_kts,sshws
AL081975,DORIS,1975,08,28,12,00,33.3,-46.3,35,0
AL081975,DORIS,1975,08,28,18,00,33.6,-47.5,40,0
AL081975,DORIS,1975,08,29,00,00,34.5,-48.1,40,0
AL081975,DORIS,1975,08,29,06,00,34.7,-48.5,45,0
AL081975,DORIS,1975,08,29,12,00,34.9,-48.9,45,0
AL081975,DORIS,1975,08,29,18,00,35.2,-49.1,50,0
AL081975,DORIS,1975,08,30,00,00,35.3,-48.9,55,0
AL081975,DORIS,1975,08,30,06,00,35.3,-48.5,55,0
AL081975,DORIS,1975,08,30,12,00,35.3,-48,55,0
AL081975,DORIS,1975,08,30,18,00,35,-47.1,55,0
AL081975,DORIS,1975,08,31,00,00,34.9,-46.3,65,1
AL081975,DORIS,1975,08,31,06,00,34.8,-45.7,65,1
AL081975,DORIS,1975,08,31,12,00,34.7,-45.2,70,1
AL081975,DORIS,1975,08,31,18,00,34.6,-44.9,70,1
AL081975,DORIS,1975,09,01,00,00,34.5,-44.6,75,1
AL081975,DORIS,1975,09,01,06,00,34.6,-44.2,75,1
AL081975,DORIS,1975,09,01,12,00,34.9,-44,75,1
AL081975,DORIS,1975,09,01,18,00,35.4,-44,75,1
AL081975,DORIS,1975,09,02,00,00,35.8,-44.4,90,2
AL081975,DORIS,1975,09,02,06,00,36.4,-44.5,95,2
AL081975,DORIS,1975,09,02,12,00,37,-44.3,95,2
AL081975,DORIS,1975,09,02,18,00,37.7,-44.2,95,2
AL081975,DORIS,1975,09,03,00,00,38.4,-43.8,95,2
AL081975,DORIS,1975,09,03,06,00,39.7,-43.6,95,2
AL081975,DORIS,1975,09,03,12,00,41.1,-43,95,2
AL081975,DORIS,1975,09,03,18,00,42,-42.5,90,2
AL081975,DORIS,1975,09,04,00,00,42.8,-42,60,0
AL081975,DORIS,1975,09,04,06,00,43.2,-41.4,45,0
AL081975,DORIS,1975,09,04,12,00,43.5,-40.7,45,0
