AL081948	UNNAMED	1948	09	18	06	00	18.2	-79.2	40	0
AL081948	UNNAMED	1948	09	18	12	00	18.2	-79.8	50	0
AL081948	UNNAMED	1948	09	18	18	00	18.3	-80.4	60	0
AL081948	UNNAMED	1948	09	19	00	00	18.5	-80.8	70	1
AL081948	UNNAMED	1948	09	19	06	00	18.8	-81.1	80	1
AL081948	UNNAMED	1948	09	19	12	00	19.2	-81.5	90	2
AL081948	UNNAMED	1948	09	19	18	00	19.6	-81.9	105	3
AL081948	UNNAMED	1948	09	20	00	00	20	-82.2	110	3
AL081948	UNNAMED	1948	09	20	06	00	20.5	-82.3	110	3
AL081948	UNNAMED	1948	09	20	12	00	21.2	-82.3	110	3
AL081948	UNNAMED	1948	09	20	18	00	21.9	-82.3	110	3
AL081948	UNNAMED	1948	09	20	22	00	22.3	-82.1	110	3
AL081948	UNNAMED	1948	09	21	00	00	22.6	-82.1	110	3
AL081948	UNNAMED	1948	09	21	01	00	22.7	-82	110	3
AL081948	UNNAMED	1948	09	21	06	00	23.3	-81.9	100	3
AL081948	UNNAMED	1948	09	21	12	00	24	-81.7	105	3
AL081948	UNNAMED	1948	09	21	17	00	24.6	-81.6	105	3
AL081948	UNNAMED	1948	09	21	18	00	24.7	-81.5	105	3
AL081948	UNNAMED	1948	09	22	00	00	25.4	-81.4	115	4
AL081948	UNNAMED	1948	09	22	05	00	25.8	-81.3	115	4
AL081948	UNNAMED	1948	09	22	06	00	26	-81.2	115	4
AL081948	UNNAMED	1948	09	22	12	00	26.5	-80.8	85	2
AL081948	UNNAMED	1948	09	22	18	00	27.3	-80.1	80	1
AL081948	UNNAMED	1948	09	23	00	00	27.9	-78.9	80	1
AL081948	UNNAMED	1948	09	23	06	00	28.5	-77.6	85	2
AL081948	UNNAMED	1948	09	23	12	00	29.6	-75.7	90	2
AL081948	UNNAMED	1948	09	23	18	00	31	-73.6	90	2
AL081948	UNNAMED	1948	09	24	00	00	33	-71.6	85	2
AL081948	UNNAMED	1948	09	24	06	00	35.1	-69.5	75	1
AL081948	UNNAMED	1948	09	24	12	00	37.1	-66.9	65	1
AL081948	UNNAMED	1948	09	24	18	00	39.3	-62	60	0
AL081948	UNNAMED	1948	09	25	00	00	41.5	-57.5	55	0
AL081948	UNNAMED	1948	09	25	06	00	43.3	-52.8	50	0
AL081948	UNNAMED	1948	09	25	12	00	44.6	-48.6	45	0
AL081948	UNNAMED	1948	09	25	18	00	46	-43.7	45	0
AL081948	UNNAMED	1948	09	26	00	00	47.5	-39	45	0
