id,name,year,month,day,hour,minute,lat,lon,max_sustained_wind_kts,sshws
AL081942,UNNAMED,1942,09,30,12,00,24,-71,30,0
AL081942,UNNAMED,1942,09,30,18,00,24.5,-70.8,30,0
AL081942,UNNAMED,1942,10,01,00,00,25,-70.6,35,0
AL081942,UNNAMED,1942,10,01,06,00,25.5,-70.4,40,0
AL081942,UNNAMED,1942,10,01,12,00,26,-70,45,0
AL081942,UNNAMED,1942,10,01,18,00,26.6,-69.1,45,0
AL081942,UNNAMED,1942,10,02,00,00,27.2,-68,45,0
AL081942,UNNAMED,1942,10,02,06,00,28.1,-66.8,50,0
AL081942,UNNAMED,1942,10,02,12,00,29.1,-65.6,55,0
AL081942,UNNAMED,1942,10,02,18,00,30.2,-64.4,60,0
AL081942,UNNAMED,1942,10,03,00,00,31.3,-63.3,60,0
AL081942,UNNAMED,1942,10,03,06,00,32.5,-62.2,60,0
AL081942,UNNAMED,1942,10,03,12,00,33.8,-61,60,0
AL081942,UNNAMED,1942,10,03,18,00,35.6,-59.4,55,0
AL081942,UNNAMED,1942,10,04,00,00,37.6,-57.6,50,0
AL081942,UNNAMED,1942,10,04,06,00,39.7,-55.6,45,0
AL081942,UNNAMED,1942,10,04,12,00,42,-54,40,0
AL081942,UNNAMED,1942,10,04,18,00,44.1,-53,45,0
AL081942,UNNAMED,1942,10,05,00,00,45.2,-52.2,50,0
AL081942,UNNAMED,1942,10,05,06,00,47.3,-51.6,55,0
AL081942,UNNAMED,1942,10,05,12,00,49,-51,60,0
AL081942,UNNAMED,1942,10,05,18,00,51.1,-50.5,60,0
