id,name,year,month,day,hour,minute,lat,lon,max_sustained_wind_kts,sshws
AL081859,UNNAMED,1859,10,24,00,00,20.2,-93.3,40,0
AL081859,UNNAMED,1859,10,24,06,00,20.3,-93.3,40,0
AL081859,UNNAMED,1859,10,24,12,00,20.4,-93.3,40,0
AL081859,UNNAMED,1859,10,24,18,00,20.6,-93.2,40,0
AL081859,UNNAMED,1859,10,25,00,00,20.7,-93.2,40,0
AL081859,UNNAMED,1859,10,25,06,00,20.8,-93.2,50,0
AL081859,UNNAMED,1859,10,25,12,00,21,-93.1,50,0
AL081859,UNNAMED,1859,10,25,18,00,21.2,-93,50,0
AL081859,UNNAMED,1859,10,26,00,00,21.4,-92.9,60,0
AL081859,UNNAMED,1859,10,26,06,00,21.6,-92.8,60,0
AL081859,UNNAMED,1859,10,26,12,00,21.8,-92.6,70,1
AL081859,UNNAMED,1859,10,26,18,00,22,-92.5,80,1
AL081859,UNNAMED,1859,10,27,00,00,22.3,-92.1,80,1
AL081859,UNNAMED,1859,10,27,06,00,22.5,-91.7,80,1
AL081859,UNNAMED,1859,10,27,12,00,23.1,-91,80,1
AL081859,UNNAMED,1859,10,27,18,00,23.9,-90,80,1
AL081859,UNNAMED,1859,10,28,00,00,24.8,-88.7,80,1
AL081859,UNNAMED,1859,10,28,06,00,25.7,-87.1,80,1
AL081859,UNNAMED,1859,10,28,12,00,26.7,-85,80,1
AL081859,UNNAMED,1859,10,28,18,00,27.7,-82.8,80,1
AL081859,UNNAMED,1859,10,29,00,00,29.2,-79.2,70,1
AL081859,UNNAMED,1859,10,29,06,00,30.3,-75.2,60,0
AL081859,UNNAMED,1859,10,29,12,00,31.7,-69.9,50,0
AL081859,UNNAMED,1859,10,29,18,00,32.7,-63.5,40,0
