AL081971	CHLOE	1971	08	18	12	00	13	-52.5	30	0
AL081971	CHLOE	1971	08	18	18	00	13.2	-55	30	0
AL081971	CHLOE	1971	08	19	00	00	13.5	-57	30	0
AL081971	CHLOE	1971	08	19	06	00	13.8	-59	30	0
AL081971	CHLOE	1971	08	19	12	00	14	-60.7	30	0
AL081971	CHLOE	1971	08	19	18	00	14.2	-62	30	0
AL081971	CHLOE	1971	08	20	00	00	14.3	-63.5	35	0
AL081971	CHLOE	1971	08	20	06	00	14.8	-65	45	0
AL081971	CHLOE	1971	08	20	12	00	15	-66.5	50	0
AL081971	CHLOE	1971	08	20	18	00	15.4	-67.7	55	0
AL081971	CHLOE	1971	08	21	00	00	16	-69.5	50	0
AL081971	CHLOE	1971	08	21	06	00	16	-71.5	40	0
AL081971	CHLOE	1971	08	21	12	00	15.5	-73.5	30	0
AL081971	CHLOE	1971	08	21	18	00	15	-75	30	0
AL081971	CHLOE	1971	08	22	00	00	14.8	-76	25	0
AL081971	CHLOE	1971	08	22	06	00	14.8	-77	25	0
AL081971	CHLOE	1971	08	22	12	00	15	-78	25	0
AL081971	CHLOE	1971	08	22	18	00	15.2	-79	25	0
AL081971	CHLOE	1971	08	23	00	00	15.6	-80	25	0
AL081971	CHLOE	1971	08	23	06	00	16	-81	25	0
AL081971	CHLOE	1971	08	23	12	00	16.5	-82	25	0
AL081971	CHLOE	1971	08	23	18	00	17	-83	25	0
AL081971	CHLOE	1971	08	24	00	00	17.4	-84	25	0
AL081971	CHLOE	1971	08	24	06	00	17.8	-85	25	0
AL081971	CHLOE	1971	08	24	12	00	17.9	-86	25	0
AL081971	CHLOE	1971	08	24	18	00	18	-86.8	25	0
AL081971	CHLOE	1971	08	25	00	00	18	-87.5	25	0
AL081971	CHLOE	1971	08	25	06	00	18	-88	25	0
AL081971	CHLOE	1971	08	25	12	00	18	-88.5	25	0
