id,name,year,month,day,hour,minute,lat,lon,max_sustained_wind_kts,sshws
AL081935,UNNAMED,1935,11,03,00,00,34,-61.5,30,0
AL081935,UNNAMED,1935,11,03,06,00,34.5,-60.5,30,0
AL081935,UNNAMED,1935,11,03,12,00,35,-59.5,30,0
AL081935,UNNAMED,1935,11,03,18,00,35.6,-58.3,35,0
AL081935,UNNAMED,1935,11,04,00,00,36.2,-57.1,35,0
AL081935,UNNAMED,1935,11,04,06,00,36.7,-56,40,0
AL081935,UNNAMED,1935,11,04,12,00,37,-55,40,0
AL081935,UNNAMED,1935,11,04,18,00,36.7,-54.4,40,0
AL081935,UNNAMED,1935,11,05,00,00,36.2,-54.1,40,0
AL081935,UNNAMED,1935,11,05,06,00,35.6,-53.9,40,0
AL081935,UNNAMED,1935,11,05,12,00,35,-54,40,0
AL081935,UNNAMED,1935,11,05,18,00,34.2,-54.8,40,0
AL081935,UNNAMED,1935,11,06,00,00,33.2,-55.8,40,0
AL081935,UNNAMED,1935,11,06,06,00,32.5,-57,40,0
AL081935,UNNAMED,1935,11,06,12,00,32,-58,40,0
AL081935,UNNAMED,1935,11,06,18,00,31.7,-58.8,40,0
AL081935,UNNAMED,1935,11,07,00,00,31.7,-59.6,40,0
AL081935,UNNAMED,1935,11,07,06,00,31.7,-60.3,40,0
AL081935,UNNAMED,1935,11,07,12,00,31.5,-61,40,0
AL081935,UNNAMED,1935,11,07,18,00,30.9,-61.6,40,0
AL081935,UNNAMED,1935,11,08,00,00,29.9,-62.1,40,0
AL081935,UNNAMED,1935,11,08,06,00,29,-62.4,40,0
AL081935,UNNAMED,1935,11,08,12,00,28.5,-62.5,40,0
AL081935,UNNAMED,1935,11,08,18,00,28.2,-62.4,35,0
AL081935,UNNAMED,1935,11,09,00,00,28.1,-62.2,35,0
AL081935,UNNAMED,1935,11,09,06,00,28,-61.9,30,0
AL081935,UNNAMED,1935,11,09,12,00,28,-61.5,30,0
AL081935,UNNAMED,1935,11,09,18,00,28,-60.9,30,0
AL081935,UNNAMED,1935,11,10,00,00,28.1,-60,30,0
AL081935,UNNAMED,1935,11,10,06,00,28.2,-59.3,30,0
AL081935,UNNAMED,1935,11,10,12,00,28.5,-59,35,0
AL081935,UNNAMED,1935,11,10,18,00,29,-59.2,35,0
AL081935,UNNAMED,1935,11,11,00,00,29.5,-59.7,40,0
AL081935,UNNAMED,1935,11,11,06,00,29.9,-60.5,40,0
AL081935,UNNAMED,1935,11,11,12,00,30,-61.5,40,0
AL081935,UNNAMED,1935,11,11,18,00,29.6,-62.2,40,0
AL081935,UNNAMED,1935,11,12,00,00,28.7,-62.6,40,0
AL081935,UNNAMED,1935,11,12,06,00,27.9,-62.8,40,0
AL081935,UNNAMED,1935,11,12,12,00,27.5,-63,35,0
AL081935,UNNAMED,1935,11,12,18,00,27.2,-63.2,35,0
AL081935,UNNAMED,1935,11,13,00,00,27,-63.4,35,0
AL081935,UNNAMED,1935,11,13,06,00,26.9,-63.6,30,0
AL081935,UNNAMED,1935,11,13,12,00,27,-63.5,30,0
AL081935,UNNAMED,1935,11,13,18,00,27.5,-63.1,30,0
AL081935,UNNAMED,1935,11,14,00,00,28.5,-62.5,25,0
