AL081888	UNNAMED	1888	11	01	06	00	12.3	-59.9	35	0
AL081888	UNNAMED	1888	11	01	12	00	13.3	-61	35	0
AL081888	UNNAMED	1888	11	01	18	00	14.4	-61.1	35	0
AL081888	UNNAMED	1888	11	02	00	00	15.5	-61.2	35	0
AL081888	UNNAMED	1888	11	02	06	00	16.6	-61.3	35	0
AL081888	UNNAMED	1888	11	02	12	00	17.5	-61.3	40	0
AL081888	UNNAMED	1888	11	02	18	00	18.4	-61.3	40	0
AL081888	UNNAMED	1888	11	03	00	00	19.2	-61.3	40	0
AL081888	UNNAMED	1888	11	03	06	00	20	-61.2	40	0
AL081888	UNNAMED	1888	11	03	12	00	20.8	-61.1	45	0
AL081888	UNNAMED	1888	11	03	18	00	21.7	-61	45	0
AL081888	UNNAMED	1888	11	04	00	00	22.6	-60.7	45	0
AL081888	UNNAMED	1888	11	04	06	00	23.5	-60.2	45	0
AL081888	UNNAMED	1888	11	04	12	00	24.5	-59.7	50	0
AL081888	UNNAMED	1888	11	04	18	00	25.5	-58.8	50	0
AL081888	UNNAMED	1888	11	05	00	00	26.6	-57.9	50	0
AL081888	UNNAMED	1888	11	05	06	00	27.7	-57	50	0
AL081888	UNNAMED	1888	11	05	12	00	28.7	-56	50	0
AL081888	UNNAMED	1888	11	05	18	00	29.5	-55	50	0
AL081888	UNNAMED	1888	11	06	00	00	30.6	-53.9	50	0
AL081888	UNNAMED	1888	11	06	06	00	31.5	-53	50	0
AL081888	UNNAMED	1888	11	06	12	00	32.3	-52	50	0
AL081888	UNNAMED	1888	11	06	18	00	33.1	-51.3	50	0
AL081888	UNNAMED	1888	11	07	00	00	33.7	-50.8	50	0
AL081888	UNNAMED	1888	11	07	06	00	34.4	-50.4	50	0
AL081888	UNNAMED	1888	11	07	12	00	35.1	-49.8	45	0
AL081888	UNNAMED	1888	11	07	18	00	36	-49	45	0
AL081888	UNNAMED	1888	11	08	00	00	36.9	-48.2	45	0
AL081888	UNNAMED	1888	11	08	06	00	37.9	-47.2	40	0
AL081888	UNNAMED	1888	11	08	12	00	39	-46.2	35	0
AL081888	UNNAMED	1888	11	08	18	00	40	-45.2	35	0
