id,name,year,month,day,hour,minute,lat,lon,max_sustained_wind_kts,sshws
AL081999,FLOYD,1999,09,07,18,00,14.6,-45.6,25,0
AL081999,FLOYD,1999,09,08,00,00,15,-46.9,30,0
AL081999,FLOYD,1999,09,08,06,00,15.3,-48.2,35,0
AL081999,FLOYD,1999,09,08,12,00,15.8,-49.6,40,0
AL081999,FLOYD,1999,09,08,18,00,16.3,-51.1,45,0
AL081999,FLOYD,1999,09,09,00,00,16.7,-52.6,45,0
AL081999,FLOYD,1999,09,09,06,00,17.1,-53.9,45,0
AL081999,FLOYD,1999,09,09,12,00,17.3,-55.1,50,0
AL081999,FLOYD,1999,09,09,18,00,17.9,-56.3,60,0
AL081999,FLOYD,1999,09,10,00,00,18.3,-57.2,60,0
AL081999,FLOYD,1999,09,10,06,00,18.6,-58.2,60,0
AL081999,FLOYD,1999,09,10,12,00,19.3,-58.8,70,1
AL081999,FLOYD,1999,09,10,18,00,20.2,-59.6,70,1
AL081999,FLOYD,1999,09,11,00,00,20.8,-60.4,80,1
AL081999,FLOYD,1999,09,11,06,00,21.4,-61.1,95,2
AL081999,FLOYD,1999,09,11,12,00,21.9,-62,95,2
AL081999,FLOYD,1999,09,11,18,00,22.5,-63,90,2
AL081999,FLOYD,1999,09,12,00,00,22.7,-64.1,85,2
AL081999,FLOYD,1999,09,12,06,00,22.8,-65.2,95,2
AL081999,FLOYD,1999,09,12,12,00,23,-66.2,105,3
AL081999,FLOYD,1999,09,12,18,00,23.2,-67.4,115,4
AL081999,FLOYD,1999,09,13,00,00,23.4,-68.7,125,4
AL081999,FLOYD,1999,09,13,06,00,23.6,-70,135,4
AL081999,FLOYD,1999,09,13,12,00,23.9,-71.4,135,4
AL081999,FLOYD,1999,09,13,18,00,24.1,-72.9,125,4
AL081999,FLOYD,1999,09,14,00,00,24.5,-74,115,4
AL081999,FLOYD,1999,09,14,06,00,24.9,-75.3,105,3
AL081999,FLOYD,1999,09,14,12,00,25.4,-76.3,105,3
AL081999,FLOYD,1999,09,14,18,00,26.1,-77,110,3
AL081999,FLOYD,1999,09,14,19,00,26.3,-77.1,110,3
AL081999,FLOYD,1999,09,15,00,00,27.1,-77.7,115,4
AL081999,FLOYD,1999,09,15,06,00,28.2,-78.5,110,3
AL081999,FLOYD,1999,09,15,12,00,29.3,-78.9,100,3
AL081999,FLOYD,1999,09,15,18,00,30.6,-79.1,95,2
AL081999,FLOYD,1999,09,16,00,00,32.1,-78.7,90,2
AL081999,FLOYD,1999,09,16,06,00,33.7,-78,90,2
AL081999,FLOYD,1999,09,16,06,30,33.8,-78,90,2
AL081999,FLOYD,1999,09,16,12,00,35.7,-76.8,70,1
AL081999,FLOYD,1999,09,16,18,00,38,-75.3,60,0
AL081999,FLOYD,1999,09,17,00,00,40.6,-73.5,50,0
AL081999,FLOYD,1999,09,17,06,00,42.1,-72.1,50,0
AL081999,FLOYD,1999,09,17,12,00,43.3,-70.6,45,0
AL081999,FLOYD,1999,09,17,18,00,44.2,-68.9,45,0
AL081999,FLOYD,1999,09,18,00,00,44.8,-67.3,40,0
AL081999,FLOYD,1999,09,18,06,00,45.4,-65.5,35,0
AL081999,FLOYD,1999,09,18,12,00,46.6,-63,35,0
AL081999,FLOYD,1999,09,18,18,00,47.7,-59.3,35,0
AL081999,FLOYD,1999,09,19,00,00,48,-56.3,35,0
AL081999,FLOYD,1999,09,19,06,00,48.5,-52.5,35,0
AL081999,FLOYD,1999,09,19,12,00,49.5,-48,40,0
