id,name,year,month,day,hour,minute,lat,lon,max_sustained_wind_kts,sshws
AL081916,UNNAMED,1916,08,27,06,00,14,-47.6,60,0
AL081916,UNNAMED,1916,08,27,12,00,14,-49.3,60,0
AL081916,UNNAMED,1916,08,27,18,00,14.3,-51.2,65,1
AL081916,UNNAMED,1916,08,28,00,00,14.7,-53.2,65,1
AL081916,UNNAMED,1916,08,28,06,00,15.1,-55.2,70,1
AL081916,UNNAMED,1916,08,28,12,00,15.3,-57.2,70,1
AL081916,UNNAMED,1916,08,28,18,00,15.4,-59.4,70,1
AL081916,UNNAMED,1916,08,29,00,00,15.5,-61.6,70,1
AL081916,UNNAMED,1916,08,29,06,00,15.6,-63.8,70,1
AL081916,UNNAMED,1916,08,29,12,00,15.6,-66,70,1
AL081916,UNNAMED,1916,08,29,18,00,15.7,-68.1,70,1
AL081916,UNNAMED,1916,08,30,00,00,15.9,-70.2,70,1
AL081916,UNNAMED,1916,08,30,06,00,16,-72.2,65,1
AL081916,UNNAMED,1916,08,30,12,00,16.2,-74.2,60,0
AL081916,UNNAMED,1916,08,30,18,00,16.6,-76.2,55,0
AL081916,UNNAMED,1916,08,31,00,00,16.8,-78.2,50,0
AL081916,UNNAMED,1916,08,31,06,00,17,-80.1,45,0
AL081916,UNNAMED,1916,08,31,12,00,17.4,-82,40,0
AL081916,UNNAMED,1916,08,31,18,00,17.7,-83.2,40,0
AL081916,UNNAMED,1916,09,01,00,00,18,-84.3,40,0
AL081916,UNNAMED,1916,09,01,06,00,18.1,-85.4,45,0
AL081916,UNNAMED,1916,09,01,12,00,18.2,-86.5,50,0
AL081916,UNNAMED,1916,09,01,18,00,18.1,-87.6,50,0
AL081916,UNNAMED,1916,09,02,00,00,17.9,-88.7,40,0
AL081916,UNNAMED,1916,09,02,06,00,17.5,-89.8,35,0
AL081916,UNNAMED,1916,09,02,12,00,17,-91,30,0
