AL081886	UNNAMED	1886	09	16	00	00	21	-65.5	35	0
AL081886	UNNAMED	1886	09	16	06	00	21	-66.6	35	0
AL081886	UNNAMED	1886	09	16	12	00	21	-67.7	35	0
AL081886	UNNAMED	1886	09	16	18	00	21	-68.9	35	0
AL081886	UNNAMED	1886	09	17	00	00	21	-70.4	40	0
AL081886	UNNAMED	1886	09	17	06	00	21	-71.7	40	0
AL081886	UNNAMED	1886	09	17	12	00	21	-73	45	0
AL081886	UNNAMED	1886	09	17	18	00	21	-74.7	45	0
AL081886	UNNAMED	1886	09	18	00	00	21	-76.3	40	0
AL081886	UNNAMED	1886	09	18	06	00	21	-77.5	35	0
AL081886	UNNAMED	1886	09	18	12	00	21	-79	35	0
AL081886	UNNAMED	1886	09	18	18	00	21.2	-80.5	40	0
AL081886	UNNAMED	1886	09	19	00	00	21.3	-81.9	45	0
AL081886	UNNAMED	1886	09	19	06	00	21.4	-83	50	0
AL081886	UNNAMED	1886	09	19	12	00	21.5	-84.3	55	0
AL081886	UNNAMED	1886	09	19	18	00	21.7	-85.7	60	0
AL081886	UNNAMED	1886	09	20	00	00	22	-87	65	1
AL081886	UNNAMED	1886	09	20	06	00	22.2	-88.3	70	1
AL081886	UNNAMED	1886	09	20	12	00	22.3	-89.7	75	1
AL081886	UNNAMED	1886	09	20	18	00	22.3	-90.9	80	1
AL081886	UNNAMED	1886	09	21	00	00	22.3	-92.1	85	2
AL081886	UNNAMED	1886	09	21	06	00	22.4	-93.3	85	2
AL081886	UNNAMED	1886	09	21	12	00	22.5	-94.7	85	2
AL081886	UNNAMED	1886	09	21	18	00	22.8	-95.4	85	2
AL081886	UNNAMED	1886	09	22	00	00	23.4	-96	85	2
AL081886	UNNAMED	1886	09	22	06	00	24	-96.5	85	2
AL081886	UNNAMED	1886	09	22	12	00	24.4	-96.7	85	2
AL081886	UNNAMED	1886	09	22	18	00	24.9	-96.9	85	2
AL081886	UNNAMED	1886	09	23	00	00	25.4	-97.1	85	2
AL081886	UNNAMED	1886	09	23	06	00	25.9	-97.2	85	2
AL081886	UNNAMED	1886	09	23	12	00	26.5	-97.4	80	1
AL081886	UNNAMED	1886	09	23	18	00	27.1	-97.5	75	1
AL081886	UNNAMED	1886	09	24	00	00	27.8	-97.5	70	1
AL081886	UNNAMED	1886	09	24	06	00	28.5	-97.4	65	1
AL081886	UNNAMED	1886	09	24	12	00	29.2	-97.3	45	0
AL081886	UNNAMED	1886	09	24	18	00	30	-97	30	0
