id,name,year,month,day,hour,minute,lat,lon,max_sustained_wind_kts,sshws
AL081938,UNNAMED,1938,10,16,12,00,32,-64,25,0
AL081938,UNNAMED,1938,10,16,18,00,32.4,-63.6,25,0
AL081938,UNNAMED,1938,10,17,00,00,32.7,-63.3,25,0
AL081938,UNNAMED,1938,10,17,06,00,33,-63.2,25,0
AL081938,UNNAMED,1938,10,17,12,00,32.9,-63.6,25,0
AL081938,UNNAMED,1938,10,17,18,00,32.3,-64.8,25,0
AL081938,UNNAMED,1938,10,18,00,00,31,-66.4,30,0
AL081938,UNNAMED,1938,10,18,06,00,29.7,-68.1,30,0
AL081938,UNNAMED,1938,10,18,12,00,28.8,-69.8,30,0
AL081938,UNNAMED,1938,10,18,18,00,28.2,-70.9,30,0
AL081938,UNNAMED,1938,10,19,00,00,27.6,-72,35,0
AL081938,UNNAMED,1938,10,19,06,00,27,-73.8,35,0
AL081938,UNNAMED,1938,10,19,12,00,26.5,-75.8,35,0
AL081938,UNNAMED,1938,10,19,18,00,26.5,-77,35,0
AL081938,UNNAMED,1938,10,20,00,00,26.7,-78,35,0
AL081938,UNNAMED,1938,10,20,06,00,27.3,-78.8,35,0
AL081938,UNNAMED,1938,10,20,12,00,27.9,-78.7,35,0
AL081938,UNNAMED,1938,10,20,18,00,29,-78.1,30,0
AL081938,UNNAMED,1938,10,21,00,00,30,-77.6,30,0
