AL081936	UNNAMED	1936	08	15	06	00	20.6	-86.8	35	0
AL081936	UNNAMED	1936	08	15	12	00	21.5	-87.2	35	0
AL081936	UNNAMED	1936	08	15	18	00	22.4	-87.7	40	0
AL081936	UNNAMED	1936	08	16	00	00	23.3	-88.3	50	0
AL081936	UNNAMED	1936	08	16	06	00	23.7	-89.2	55	0
AL081936	UNNAMED	1936	08	16	12	00	24	-90.1	60	0
AL081936	UNNAMED	1936	08	16	18	00	24.3	-91	65	1
AL081936	UNNAMED	1936	08	17	00	00	24.5	-91.9	65	1
AL081936	UNNAMED	1936	08	17	06	00	24.5	-92.8	65	1
AL081936	UNNAMED	1936	08	17	12	00	24.4	-93.7	65	1
AL081936	UNNAMED	1936	08	17	18	00	24.3	-94.5	65	1
AL081936	UNNAMED	1936	08	18	00	00	24	-95	65	1
AL081936	UNNAMED	1936	08	18	06	00	23.7	-95.5	65	1
AL081936	UNNAMED	1936	08	18	12	00	23.4	-96	65	1
AL081936	UNNAMED	1936	08	18	18	00	23.2	-96.5	65	1
AL081936	UNNAMED	1936	08	19	00	00	23	-97	65	1
AL081936	UNNAMED	1936	08	19	06	00	22.8	-97.4	65	1
AL081936	UNNAMED	1936	08	19	12	00	22.5	-97.8	65	1
AL081936	UNNAMED	1936	08	19	18	00	22.2	-98.4	45	0
AL081936	UNNAMED	1936	08	20	00	00	22	-98.9	30	0
