id,name,year,month,day,hour,minute,lat,lon,max_sustained_wind_kts,sshws
AL081990,GUSTAV,1990,08,24,06,00,12.6,-45.9,25,0
AL081990,GUSTAV,1990,08,24,12,00,12.9,-46.9,30,0
AL081990,GUSTAV,1990,08,24,18,00,13.2,-48,30,0
AL081990,GUSTAV,1990,08,25,00,00,13.3,-49,35,0
AL081990,GUSTAV,1990,08,25,06,00,13.5,-50.1,40,0
AL081990,GUSTAV,1990,08,25,12,00,13.7,-51.2,45,0
AL081990,GUSTAV,1990,08,25,18,00,13.8,-52.3,50,0
AL081990,GUSTAV,1990,08,26,00,00,14,-53.3,55,0
AL081990,GUSTAV,1990,08,26,06,00,14.2,-54.4,60,0
AL081990,GUSTAV,1990,08,26,12,00,14.5,-55.5,65,1
AL081990,GUSTAV,1990,08,26,18,00,15,-56.4,70,1
AL081990,GUSTAV,1990,08,27,00,00,15.3,-57,75,1
AL081990,GUSTAV,1990,08,27,06,00,15.9,-57.7,85,2
AL081990,GUSTAV,1990,08,27,12,00,16.6,-58,90,2
AL081990,GUSTAV,1990,08,27,18,00,17.3,-58.2,95,2
AL081990,GUSTAV,1990,08,28,00,00,18.1,-58.2,95,2
AL081990,GUSTAV,1990,08,28,06,00,19,-58.1,90,2
AL081990,GUSTAV,1990,08,28,12,00,20,-58,85,2
AL081990,GUSTAV,1990,08,28,18,00,21.1,-58,80,1
AL081990,GUSTAV,1990,08,29,00,00,22.2,-57.8,75,1
AL081990,GUSTAV,1990,08,29,06,00,22.9,-57.8,70,1
AL081990,GUSTAV,1990,08,29,12,00,23.7,-57.8,75,1
AL081990,GUSTAV,1990,08,29,18,00,24.4,-57.8,75,1
AL081990,GUSTAV,1990,08,30,00,00,25.2,-57.8,80,1
AL081990,GUSTAV,1990,08,30,06,00,26,-57.8,85,2
AL081990,GUSTAV,1990,08,30,12,00,27,-57.8,90,2
AL081990,GUSTAV,1990,08,30,18,00,27.8,-57.8,95,2
AL081990,GUSTAV,1990,08,31,00,00,28.9,-57.7,100,3
AL081990,GUSTAV,1990,08,31,06,00,30.3,-57.5,105,3
AL081990,GUSTAV,1990,08,31,12,00,31.7,-57.2,100,3
AL081990,GUSTAV,1990,08,31,18,00,33,-56.5,100,3
AL081990,GUSTAV,1990,09,01,00,00,34.4,-55.6,95,2
AL081990,GUSTAV,1990,09,01,06,00,35.6,-54.5,90,2
AL081990,GUSTAV,1990,09,01,12,00,36.8,-53.2,85,2
AL081990,GUSTAV,1990,09,01,18,00,38,-52,80,1
AL081990,GUSTAV,1990,09,02,00,00,39.4,-50.9,75,1
AL081990,GUSTAV,1990,09,02,06,00,40.7,-49.8,70,1
AL081990,GUSTAV,1990,09,02,12,00,42.1,-48.6,65,1
AL081990,GUSTAV,1990,09,02,18,00,43.8,-48,60,0
AL081990,GUSTAV,1990,09,03,00,00,46,-46.5,55,0
AL081990,GUSTAV,1990,09,03,06,00,48.5,-44.5,55,0
