AL081885	UNNAMED	1885	10	10	12	00	23.9	-83	40	0
AL081885	UNNAMED	1885	10	10	18	00	24.7	-83.3	40	0
AL081885	UNNAMED	1885	10	11	00	00	25.7	-83.6	50	0
AL081885	UNNAMED	1885	10	11	06	00	26.5	-83.9	50	0
AL081885	UNNAMED	1885	10	11	12	00	27.3	-84	60	0
AL081885	UNNAMED	1885	10	11	18	00	28.6	-83.6	60	0
AL081885	UNNAMED	1885	10	11	22	00	29.4	-83.2	60	0
AL081885	UNNAMED	1885	10	12	00	00	30	-83	50	0
AL081885	UNNAMED	1885	10	12	06	00	31.4	-82.4	50	0
AL081885	UNNAMED	1885	10	12	12	00	33	-81.5	40	0
AL081885	UNNAMED	1885	10	12	18	00	34	-80.8	40	0
AL081885	UNNAMED	1885	10	13	00	00	34.9	-80	40	0
AL081885	UNNAMED	1885	10	13	06	00	36.2	-79	40	0
AL081885	UNNAMED	1885	10	13	12	00	37.4	-78.4	40	0
AL081885	UNNAMED	1885	10	13	18	00	39	-78	40	0
AL081885	UNNAMED	1885	10	14	00	00	40.5	-77.5	40	0
AL081885	UNNAMED	1885	10	14	06	00	42	-77	40	0
