AL081878	UNNAMED	1878	10	09	00	00	23.5	-91.3	40	0
AL081878	UNNAMED	1878	10	09	06	00	24.6	-91.1	40	0
AL081878	UNNAMED	1878	10	09	12	00	25.6	-90.6	40	0
AL081878	UNNAMED	1878	10	09	18	00	26.3	-90.1	40	0
AL081878	UNNAMED	1878	10	10	00	00	26.8	-89.6	50	0
AL081878	UNNAMED	1878	10	10	06	00	27.3	-89.1	50	0
AL081878	UNNAMED	1878	10	10	12	00	28.1	-88.1	50	0
AL081878	UNNAMED	1878	10	10	18	00	29.2	-86.6	50	0
AL081878	UNNAMED	1878	10	10	21	00	29.9	-85.4	50	0
AL081878	UNNAMED	1878	10	11	00	00	30.6	-83.8	40	0
AL081878	UNNAMED	1878	10	11	06	00	31.5	-80.8	40	0
AL081878	UNNAMED	1878	10	11	12	00	32.7	-78.1	50	0
AL081878	UNNAMED	1878	10	11	18	00	33.5	-76.6	60	0
AL081878	UNNAMED	1878	10	12	00	00	34.5	-75	70	1
AL081878	UNNAMED	1878	10	12	06	00	35.8	-73.6	70	1
AL081878	UNNAMED	1878	10	12	12	00	37	-72.5	70	1
AL081878	UNNAMED	1878	10	12	18	00	38.8	-70.5	70	1
AL081878	UNNAMED	1878	10	13	00	00	40.2	-68.1	70	1
AL081878	UNNAMED	1878	10	13	06	00	41.8	-65.1	70	1
AL081878	UNNAMED	1878	10	13	12	00	42.9	-62.6	70	1
AL081878	UNNAMED	1878	10	13	18	00	43.8	-59.7	70	1
AL081878	UNNAMED	1878	10	14	00	00	44.5	-56.8	70	1
AL081878	UNNAMED	1878	10	14	06	00	45.2	-53.3	70	1
AL081878	UNNAMED	1878	10	14	12	00	45.5	-50	70	1
AL081878	UNNAMED	1878	10	14	18	00	45.5	-47.5	70	1
AL081878	UNNAMED	1878	10	15	00	00	45.5	-44	60	0
AL081878	UNNAMED	1878	10	15	06	00	45.5	-40.9	60	0
AL081878	UNNAMED	1878	10	15	12	00	45.5	-37.5	60	0
AL081878	UNNAMED	1878	10	15	18	00	45.5	-34	60	0
