AL081880	UNNAMED	1880	09	27	00	00	23.2	-43.5	50	0
AL081880	UNNAMED	1880	09	27	06	00	23.2	-44.5	50	0
AL081880	UNNAMED	1880	09	27	12	00	23.2	-45.7	50	0
AL081880	UNNAMED	1880	09	27	18	00	23.2	-46.9	50	0
AL081880	UNNAMED	1880	09	28	00	00	23.2	-47.9	60	0
AL081880	UNNAMED	1880	09	28	06	00	23.2	-49.2	60	0
AL081880	UNNAMED	1880	09	28	12	00	23.2	-50.5	60	0
AL081880	UNNAMED	1880	09	28	18	00	23.4	-51.9	60	0
AL081880	UNNAMED	1880	09	29	00	00	23.5	-53.2	70	1
AL081880	UNNAMED	1880	09	29	06	00	23.7	-54.5	70	1
AL081880	UNNAMED	1880	09	29	12	00	24	-55.7	80	1
AL081880	UNNAMED	1880	09	29	18	00	24.2	-56.7	80	1
AL081880	UNNAMED	1880	09	30	00	00	24.6	-57.7	90	2
AL081880	UNNAMED	1880	09	30	06	00	24.9	-58.7	90	2
AL081880	UNNAMED	1880	09	30	12	00	25.2	-59.7	100	3
AL081880	UNNAMED	1880	09	30	18	00	25.7	-60.3	100	3
AL081880	UNNAMED	1880	10	01	00	00	26.1	-60.9	110	3
AL081880	UNNAMED	1880	10	01	06	00	26.5	-61.5	110	3
AL081880	UNNAMED	1880	10	01	12	00	27	-62	120	4
AL081880	UNNAMED	1880	10	01	18	00	27.3	-62.4	120	4
AL081880	UNNAMED	1880	10	02	00	00	27.6	-62.8	120	4
AL081880	UNNAMED	1880	10	02	06	00	28	-63.3	120	4
AL081880	UNNAMED	1880	10	02	12	00	28.3	-63.7	120	4
AL081880	UNNAMED	1880	10	02	18	00	29.3	-64.5	120	4
AL081880	UNNAMED	1880	10	03	00	00	30.7	-64.1	110	3
AL081880	UNNAMED	1880	10	03	06	00	32.2	-62.4	110	3
AL081880	UNNAMED	1880	10	03	12	00	33.5	-60	100	3
AL081880	UNNAMED	1880	10	03	18	00	34.3	-58.4	100	3
AL081880	UNNAMED	1880	10	04	00	00	35	-57.1	90	2
AL081880	UNNAMED	1880	10	04	06	00	35.8	-55.4	90	2
AL081880	UNNAMED	1880	10	04	12	00	36.5	-54	80	1
AL081880	UNNAMED	1880	10	04	18	00	37.5	-52.5	80	1
