id,name,year,month,day,hour,minute,lat,lon,max_sustained_wind_kts,sshws
AL082005,HARVEY,2005,08,02,18,00,28.2,-68.8,30,0
AL082005,HARVEY,2005,08,03,00,00,28.9,-68.7,30,0
AL082005,HARVEY,2005,08,03,06,00,29.5,-68.6,40,0
AL082005,HARVEY,2005,08,03,12,00,30.3,-68.3,45,0
AL082005,HARVEY,2005,08,03,18,00,30.9,-67.7,50,0
AL082005,HARVEY,2005,08,04,00,00,31.3,-66.4,50,0
AL082005,HARVEY,2005,08,04,06,00,31.6,-65,50,0
AL082005,HARVEY,2005,08,04,12,00,31.9,-63.6,50,0
AL082005,HARVEY,2005,08,04,18,00,32,-62.1,55,0
AL082005,HARVEY,2005,08,05,00,00,32.1,-60.5,55,0
AL082005,HARVEY,2005,08,05,06,00,32.4,-59.4,55,0
AL082005,HARVEY,2005,08,05,12,00,32.5,-58.5,50,0
AL082005,HARVEY,2005,08,05,18,00,32.5,-57.7,45,0
AL082005,HARVEY,2005,08,06,00,00,32.6,-57.1,45,0
AL082005,HARVEY,2005,08,06,06,00,33,-56.8,50,0
AL082005,HARVEY,2005,08,06,12,00,33.5,-56.7,50,0
AL082005,HARVEY,2005,08,06,18,00,33.5,-56.7,50,0
AL082005,HARVEY,2005,08,07,00,00,34.1,-55.5,50,0
AL082005,HARVEY,2005,08,07,06,00,35.1,-54.9,50,0
AL082005,HARVEY,2005,08,07,12,00,36,-54,45,0
AL082005,HARVEY,2005,08,07,18,00,36.8,-52.9,45,0
AL082005,HARVEY,2005,08,08,00,00,37.6,-51.9,45,0
AL082005,HARVEY,2005,08,08,06,00,38.6,-50.7,45,0
AL082005,HARVEY,2005,08,08,12,00,39.6,-48.6,45,0
AL082005,HARVEY,2005,08,08,18,00,40.4,-46.9,45,0
AL082005,HARVEY,2005,08,09,00,00,41.2,-45,45,0
AL082005,HARVEY,2005,08,09,06,00,41.8,-43,50,0
AL082005,HARVEY,2005,08,09,12,00,42.3,-41.1,50,0
AL082005,HARVEY,2005,08,09,18,00,43,-39,50,0
AL082005,HARVEY,2005,08,10,00,00,44,-37.1,50,0
AL082005,HARVEY,2005,08,10,06,00,44.5,-35.2,50,0
AL082005,HARVEY,2005,08,10,12,00,44.5,-34.1,50,0
AL082005,HARVEY,2005,08,10,18,00,44.4,-33.1,50,0
AL082005,HARVEY,2005,08,11,00,00,44.2,-32.2,45,0
AL082005,HARVEY,2005,08,11,06,00,43.9,-31.5,40,0
AL082005,HARVEY,2005,08,11,12,00,43.5,-31,35,0
AL082005,HARVEY,2005,08,11,18,00,43.3,-30.7,30,0
AL082005,HARVEY,2005,08,12,00,00,43,-30.5,30,0
AL082005,HARVEY,2005,08,12,06,00,42.5,-30.8,30,0
AL082005,HARVEY,2005,08,12,12,00,42,-31.4,30,0
AL082005,HARVEY,2005,08,12,18,00,41.3,-31.5,25,0
AL082005,HARVEY,2005,08,13,00,00,40.7,-31.5,25,0
AL082005,HARVEY,2005,08,13,06,00,40.5,-31.5,25,0
AL082005,HARVEY,2005,08,13,12,00,40.5,-31.5,25,0
AL082005,HARVEY,2005,08,13,18,00,41.2,-32,25,0
AL082005,HARVEY,2005,08,14,00,00,42,-32.5,25,0
