id,name,year,month,day,hour,minute,lat,lon,max_sustained_wind_kts,sshws
AL081926,UNNAMED,1926,09,21,12,00,29,-49,45,0
AL081926,UNNAMED,1926,09,21,18,00,29.1,-48.4,50,0
AL081926,UNNAMED,1926,09,22,00,00,29.2,-47.8,55,0
AL081926,UNNAMED,1926,09,22,06,00,29.3,-47.2,60,0
AL081926,UNNAMED,1926,09,22,12,00,29.5,-46.5,65,1
AL081926,UNNAMED,1926,09,22,18,00,29.7,-45.6,70,1
AL081926,UNNAMED,1926,09,23,00,00,30,-44.7,75,1
AL081926,UNNAMED,1926,09,23,06,00,30.3,-43.7,75,1
AL081926,UNNAMED,1926,09,23,12,00,30.6,-42.7,80,1
AL081926,UNNAMED,1926,09,23,18,00,30.8,-41.8,80,1
AL081926,UNNAMED,1926,09,24,00,00,31,-41,85,2
AL081926,UNNAMED,1926,09,24,06,00,31.4,-40.1,85,2
AL081926,UNNAMED,1926,09,24,12,00,32,-39.2,90,2
AL081926,UNNAMED,1926,09,24,18,00,33.3,-38.2,90,2
AL081926,UNNAMED,1926,09,25,00,00,34.8,-37,90,2
AL081926,UNNAMED,1926,09,25,06,00,36,-35.6,90,2
AL081926,UNNAMED,1926,09,25,12,00,36.5,-34,90,2
AL081926,UNNAMED,1926,09,25,18,00,36.6,-32.2,90,2
AL081926,UNNAMED,1926,09,26,00,00,36.5,-30.3,90,2
AL081926,UNNAMED,1926,09,26,06,00,36.5,-28.4,90,2
AL081926,UNNAMED,1926,09,26,12,00,36.7,-26.5,90,2
AL081926,UNNAMED,1926,09,26,18,00,37.2,-25.7,90,2
AL081926,UNNAMED,1926,09,27,00,00,38.2,-25.5,90,2
AL081926,UNNAMED,1926,09,27,06,00,39.5,-25.8,85,2
AL081926,UNNAMED,1926,09,27,12,00,40.4,-26.5,80,1
AL081926,UNNAMED,1926,09,27,18,00,40.5,-27.5,75,1
AL081926,UNNAMED,1926,09,28,00,00,40.4,-28.5,70,1
AL081926,UNNAMED,1926,09,28,06,00,39.5,-29.2,65,1
AL081926,UNNAMED,1926,09,28,12,00,38.5,-29.5,60,0
AL081926,UNNAMED,1926,09,28,18,00,38.1,-29.5,60,0
AL081926,UNNAMED,1926,09,29,00,00,37.7,-29.3,55,0
AL081926,UNNAMED,1926,09,29,06,00,37.3,-29,55,0
AL081926,UNNAMED,1926,09,29,12,00,36.9,-28.5,50,0
AL081926,UNNAMED,1926,09,29,18,00,36.4,-28.2,50,0
AL081926,UNNAMED,1926,09,30,00,00,35.8,-28,45,0
AL081926,UNNAMED,1926,09,30,06,00,35.2,-27.8,45,0
AL081926,UNNAMED,1926,09,30,12,00,34.5,-27.6,40,0
AL081926,UNNAMED,1926,09,30,18,00,34,-27,40,0
AL081926,UNNAMED,1926,10,01,00,00,33.6,-26.3,40,0
AL081926,UNNAMED,1926,10,01,06,00,33.4,-25.5,35,0
AL081926,UNNAMED,1926,10,01,12,00,33.2,-24.6,35,0
AL081926,UNNAMED,1926,10,01,18,00,33,-23.5,30,0
