AL082010	FIONA	2010	08	30	00	00	14	-41.8	25	0
AL082010	FIONA	2010	08	30	06	00	14.1	-43.8	30	0
AL082010	FIONA	2010	08	30	12	00	14.4	-45.7	30	0
AL082010	FIONA	2010	08	30	18	00	14.9	-47.7	35	0
AL082010	FIONA	2010	08	31	00	00	15.5	-50	35	0
AL082010	FIONA	2010	08	31	06	00	15.9	-52.5	35	0
AL082010	FIONA	2010	08	31	12	00	16.1	-54.8	35	0
AL082010	FIONA	2010	08	31	18	00	16.3	-56.9	40	0
AL082010	FIONA	2010	09	01	00	00	16.6	-58.5	45	0
AL082010	FIONA	2010	09	01	06	00	17.2	-59.8	50	0
AL082010	FIONA	2010	09	01	12	00	18.2	-61	50	0
AL082010	FIONA	2010	09	01	18	00	19.5	-62.5	55	0
AL082010	FIONA	2010	09	02	00	00	21	-63.8	50	0
AL082010	FIONA	2010	09	02	06	00	22.3	-64.9	45	0
AL082010	FIONA	2010	09	02	12	00	23.6	-65.9	45	0
AL082010	FIONA	2010	09	02	18	00	25	-66.6	45	0
AL082010	FIONA	2010	09	03	00	00	26.3	-67	40	0
AL082010	FIONA	2010	09	03	06	00	27.5	-67	40	0
AL082010	FIONA	2010	09	03	12	00	28.5	-66.7	35	0
AL082010	FIONA	2010	09	03	18	00	29.6	-66	35	0
AL082010	FIONA	2010	09	04	00	00	30.7	-65	35	0
AL082010	FIONA	2010	09	04	06	00	31.8	-63.9	30	0
AL082010	FIONA	2010	09	04	12	00	32.9	-62.9	25	0
AL082010	FIONA	2010	09	04	18	00	34.1	-62	25	0
