AL081871	UNNAMED	1871	10	10	00	00	22.7	-58	70	1
AL081871	UNNAMED	1871	10	10	06	00	23.2	-60	70	1
AL081871	UNNAMED	1871	10	10	12	00	23.5	-62	70	1
AL081871	UNNAMED	1871	10	10	18	00	24.4	-64.1	70	1
AL081871	UNNAMED	1871	10	11	00	00	25.9	-66.1	70	1
AL081871	UNNAMED	1871	10	11	06	00	27.7	-67.9	70	1
AL081871	UNNAMED	1871	10	11	12	00	29.5	-69	70	1
AL081871	UNNAMED	1871	10	11	18	00	31.2	-69.5	70	1
AL081871	UNNAMED	1871	10	12	00	00	33.3	-69.8	70	1
AL081871	UNNAMED	1871	10	12	06	00	35.5	-69.6	70	1
AL081871	UNNAMED	1871	10	12	12	00	38	-68.6	70	1
AL081871	UNNAMED	1871	10	12	18	00	41.5	-66	70	1
AL081871	UNNAMED	1871	10	13	00	00	45	-63	70	1
AL081871	UNNAMED	1871	10	13	06	00	49	-60	50	0
