AL081879	UNNAMED	1879	11	18	00	00	21.7	-73.5	60	0
AL081879	UNNAMED	1879	11	18	06	00	22.5	-73.5	60	0
AL081879	UNNAMED	1879	11	18	12	00	23.5	-73.5	60	0
AL081879	UNNAMED	1879	11	18	18	00	24.2	-73.5	60	0
AL081879	UNNAMED	1879	11	19	00	00	25.2	-73.5	70	1
AL081879	UNNAMED	1879	11	19	06	00	26.3	-73.5	70	1
AL081879	UNNAMED	1879	11	19	12	00	28	-73.5	80	1
AL081879	UNNAMED	1879	11	19	18	00	30.6	-73	80	1
AL081879	UNNAMED	1879	11	20	00	00	33.5	-72	90	2
AL081879	UNNAMED	1879	11	20	06	00	36.3	-70	90	2
AL081879	UNNAMED	1879	11	20	12	00	39	-68	80	1
AL081879	UNNAMED	1879	11	20	18	00	42.5	-64.8	80	1
AL081879	UNNAMED	1879	11	21	00	00	45.8	-61.8	70	1
AL081879	UNNAMED	1879	11	21	06	00	49.3	-58.7	60	0
AL081879	UNNAMED	1879	11	21	12	00	53	-55.5	50	0
AL081879	UNNAMED	1879	11	21	18	00	55	-54	50	0
