id,name,year,month,day,hour,minute,lat,lon,max_sustained_wind_kts,sshws
AL081957,UNNAMED,1957,10,23,00,00,21.9,-58,25,0
AL081957,UNNAMED,1957,10,23,06,00,23.3,-59.3,25,0
AL081957,UNNAMED,1957,10,23,12,00,24.7,-60.7,35,0
AL081957,UNNAMED,1957,10,23,18,00,25,-62.2,35,0
AL081957,UNNAMED,1957,10,24,00,00,24.7,-63.8,35,0
AL081957,UNNAMED,1957,10,24,06,00,24.9,-65,40,0
AL081957,UNNAMED,1957,10,24,12,00,25.4,-65.8,45,0
AL081957,UNNAMED,1957,10,24,18,00,26.6,-66,50,0
AL081957,UNNAMED,1957,10,25,00,00,27.8,-65.8,40,0
AL081957,UNNAMED,1957,10,25,06,00,28.8,-65.4,35,0
AL081957,UNNAMED,1957,10,25,12,00,29.8,-64.8,35,0
AL081957,UNNAMED,1957,10,25,18,00,30.7,-64.1,35,0
AL081957,UNNAMED,1957,10,26,00,00,31.7,-62.9,35,0
AL081957,UNNAMED,1957,10,26,06,00,33.1,-61.2,35,0
AL081957,UNNAMED,1957,10,26,12,00,34.6,-59.3,35,0
AL081957,UNNAMED,1957,10,26,18,00,36,-57.6,35,0
AL081957,UNNAMED,1957,10,27,00,00,37,-55.3,30,0
AL081957,UNNAMED,1957,10,27,06,00,37.6,-51.9,25,0
AL081957,UNNAMED,1957,10,27,12,00,38.3,-48.5,25,0
AL081957,UNNAMED,1957,10,27,18,00,38.8,-44.6,25,0
