id,name,year,month,day,hour,minute,lat,lon,max_sustained_wind_kts,sshws
AL081909,UNNAMED,1909,08,28,00,00,23.7,-73,35,0
AL081909,UNNAMED,1909,08,28,06,00,24.6,-74.4,35,0
AL081909,UNNAMED,1909,08,28,12,00,25.5,-76,40,0
AL081909,UNNAMED,1909,08,28,18,00,26,-77.3,40,0
AL081909,UNNAMED,1909,08,29,00,00,26.3,-78.5,45,0
AL081909,UNNAMED,1909,08,29,06,00,26.4,-79.6,45,0
AL081909,UNNAMED,1909,08,29,09,00,26.4,-80.1,45,0
AL081909,UNNAMED,1909,08,29,12,00,26.5,-80.5,40,0
AL081909,UNNAMED,1909,08,29,18,00,26.6,-80.9,35,0
AL081909,UNNAMED,1909,08,30,00,00,26.8,-81.2,30,0
AL081909,UNNAMED,1909,08,30,06,00,27.1,-81.5,30,0
AL081909,UNNAMED,1909,08,30,12,00,27.7,-81.7,30,0
AL081909,UNNAMED,1909,08,30,18,00,28.5,-81.3,30,0
AL081909,UNNAMED,1909,08,31,00,00,29.5,-80.5,35,0
AL081909,UNNAMED,1909,08,31,06,00,30.4,-79.7,35,0
AL081909,UNNAMED,1909,08,31,12,00,31,-79,35,0
AL081909,UNNAMED,1909,08,31,18,00,31.5,-78.4,30,0
