AL082003	ERIKA	2003	08	14	18	00	26.4	-83.3	35	0
AL082003	ERIKA	2003	08	15	00	00	26.6	-85.7	40	0
AL082003	ERIKA	2003	08	15	06	00	26.4	-88.3	40	0
AL082003	ERIKA	2003	08	15	12	00	26.1	-90.5	45	0
AL082003	ERIKA	2003	08	15	18	00	26	-92.5	50	0
AL082003	ERIKA	2003	08	16	00	00	25.9	-94.4	55	0
AL082003	ERIKA	2003	08	16	06	00	25.6	-96.2	60	0
AL082003	ERIKA	2003	08	16	10	30	25.3	-97.4	65	1
AL082003	ERIKA	2003	08	16	12	00	25.2	-97.6	65	1
AL082003	ERIKA	2003	08	16	18	00	24.8	-98.9	35	0
AL082003	ERIKA	2003	08	17	00	00	24.7	-100.3	25	0
