id,name,year,month,day,hour,minute,lat,lon,max_sustained_wind_kts,sshws
AL081945,UNNAMED,1945,09,09,12,00,16.4,-58.3,45,0
AL081945,UNNAMED,1945,09,09,18,00,17.4,-59.2,45,0
AL081945,UNNAMED,1945,09,10,00,00,18.3,-60,45,0
AL081945,UNNAMED,1945,09,10,06,00,19.1,-60.8,45,0
AL081945,UNNAMED,1945,09,10,12,00,20.1,-61.8,50,0
AL081945,UNNAMED,1945,09,10,18,00,21.3,-63.2,50,0
AL081945,UNNAMED,1945,09,11,00,00,22.6,-64.9,50,0
AL081945,UNNAMED,1945,09,11,06,00,24,-66.1,50,0
AL081945,UNNAMED,1945,09,11,12,00,25.5,-67,45,0
AL081945,UNNAMED,1945,09,11,18,00,27,-67.3,45,0
AL081945,UNNAMED,1945,09,12,00,00,28.6,-67.4,40,0
AL081945,UNNAMED,1945,09,12,06,00,30.3,-67.3,40,0
AL081945,UNNAMED,1945,09,12,12,00,32.2,-67.1,35,0
AL081945,UNNAMED,1945,09,12,18,00,34.5,-66.7,30,0
