id,name,year,month,day,hour,minute,lat,lon,max_sustained_wind_kts,sshws
AL081901,UNNAMED,1901,09,09,06,00,17.6,-50.7,35,0
AL081901,UNNAMED,1901,09,09,12,00,17.5,-52,35,0
AL081901,UNNAMED,1901,09,09,18,00,17.5,-53.2,35,0
AL081901,UNNAMED,1901,09,10,00,00,17.4,-54.6,35,0
AL081901,UNNAMED,1901,09,10,06,00,17.4,-56,35,0
AL081901,UNNAMED,1901,09,10,12,00,17.3,-57.3,35,0
AL081901,UNNAMED,1901,09,10,18,00,17.4,-58.8,35,0
AL081901,UNNAMED,1901,09,11,00,00,17.5,-60.1,35,0
AL081901,UNNAMED,1901,09,11,06,00,17.6,-61.3,40,0
AL081901,UNNAMED,1901,09,11,12,00,17.8,-62.7,45,0
AL081901,UNNAMED,1901,09,11,18,00,18.1,-64.3,50,0
AL081901,UNNAMED,1901,09,12,00,00,18.4,-65.6,50,0
AL081901,UNNAMED,1901,09,12,06,00,18.5,-66.9,50,0
AL081901,UNNAMED,1901,09,12,12,00,18.6,-68.2,50,0
AL081901,UNNAMED,1901,09,12,18,00,18.7,-69.6,40,0
AL081901,UNNAMED,1901,09,13,00,00,18.8,-71,35,0
AL081901,UNNAMED,1901,09,13,06,00,18.9,-72.6,35,0
AL081901,UNNAMED,1901,09,13,12,00,19,-74.3,45,0
AL081901,UNNAMED,1901,09,13,18,00,19.1,-75.7,50,0
AL081901,UNNAMED,1901,09,14,00,00,19.2,-77,55,0
AL081901,UNNAMED,1901,09,14,06,00,19.4,-78.3,60,0
AL081901,UNNAMED,1901,09,14,12,00,19.7,-79.5,65,1
AL081901,UNNAMED,1901,09,14,18,00,20.1,-80.6,65,1
AL081901,UNNAMED,1901,09,15,00,00,20.5,-81.9,70,1
AL081901,UNNAMED,1901,09,15,06,00,21,-83.3,70,1
AL081901,UNNAMED,1901,09,15,12,00,21.5,-84.5,70,1
AL081901,UNNAMED,1901,09,15,18,00,22,-85.6,65,1
AL081901,UNNAMED,1901,09,16,00,00,22.6,-86.5,60,0
AL081901,UNNAMED,1901,09,16,06,00,23.3,-87.3,55,0
AL081901,UNNAMED,1901,09,16,12,00,24.3,-88,50,0
AL081901,UNNAMED,1901,09,16,18,00,25.3,-88.5,50,0
AL081901,UNNAMED,1901,09,17,00,00,26.5,-88.5,50,0
AL081901,UNNAMED,1901,09,17,06,00,27.7,-88.1,50,0
AL081901,UNNAMED,1901,09,17,12,00,29,-87.5,50,0
AL081901,UNNAMED,1901,09,17,18,00,30.3,-86.7,50,0
AL081901,UNNAMED,1901,09,17,20,00,30.4,-86.6,50,0
AL081901,UNNAMED,1901,09,18,00,00,31.6,-85.3,40,0
AL081901,UNNAMED,1901,09,18,06,00,32.5,-83.4,35,0
AL081901,UNNAMED,1901,09,18,12,00,33,-81.2,35,0
AL081901,UNNAMED,1901,09,18,18,00,34.2,-77,35,0
AL081901,UNNAMED,1901,09,19,00,00,35.8,-74.2,40,0
AL081901,UNNAMED,1901,09,19,06,00,37.1,-72.5,45,0
AL081901,UNNAMED,1901,09,19,12,00,38.7,-70,50,0
AL081901,UNNAMED,1901,09,19,18,00,40.5,-67.2,50,0
