AL091971	DORIA	1971	08	20	12	00	11.5	-47	25	0
AL091971	DORIA	1971	08	20	18	00	11.6	-48	30	0
AL091971	DORIA	1971	08	21	00	00	11.7	-49	30	0
AL091971	DORIA	1971	08	21	06	00	11.8	-50	30	0
AL091971	DORIA	1971	08	21	12	00	12	-51	30	0
AL091971	DORIA	1971	08	21	18	00	12.2	-52.2	30	0
AL091971	DORIA	1971	08	22	00	00	12.8	-53.4	30	0
AL091971	DORIA	1971	08	22	06	00	13.2	-54.8	30	0
AL091971	DORIA	1971	08	22	12	00	14	-56	25	0
AL091971	DORIA	1971	08	22	18	00	14.8	-57.5	25	0
AL091971	DORIA	1971	08	23	00	00	15.7	-59	25	0
AL091971	DORIA	1971	08	23	06	00	16.5	-60.8	25	0
AL091971	DORIA	1971	08	23	12	00	17.3	-62.4	25	0
AL091971	DORIA	1971	08	23	18	00	18	-64	25	0
AL091971	DORIA	1971	08	24	00	00	18.6	-65.4	25	0
AL091971	DORIA	1971	08	24	06	00	19.2	-66.9	25	0
AL091971	DORIA	1971	08	24	12	00	19.8	-68.3	30	0
AL091971	DORIA	1971	08	24	18	00	20.4	-69.8	30	0
AL091971	DORIA	1971	08	25	00	00	21	-71	30	0
AL091971	DORIA	1971	08	25	06	00	21.8	-72.2	30	0
AL091971	DORIA	1971	08	25	12	00	22.5	-73.2	30	0
AL091971	DORIA	1971	08	25	18	00	23.2	-74.2	30	0
AL091971	DORIA	1971	08	26	00	00	24.2	-75.1	25	0
AL091971	DORIA	1971	08	26	06	00	25.4	-75.6	25	0
AL091971	DORIA	1971	08	26	12	00	26.8	-76.4	30	0
AL091971	DORIA	1971	08	26	18	00	28.2	-77	30	0
AL091971	DORIA	1971	08	27	00	00	29.2	-77.2	40	0
AL091971	DORIA	1971	08	27	06	00	31	-77.2	45	0
AL091971	DORIA	1971	08	27	12	00	32.8	-77.2	50	0
AL091971	DORIA	1971	08	27	18	00	34.8	-76.8	55	0
AL091971	DORIA	1971	08	28	00	00	36.5	-76.5	55	0
AL091971	DORIA	1971	08	28	06	00	38.5	-75.3	50	0
AL091971	DORIA	1971	08	28	12	00	41.2	-73.7	45	0
AL091971	DORIA	1971	08	28	18	00	43.8	-71.8	45	0
AL091971	DORIA	1971	08	29	00	00	46	-70	35	0
AL091971	DORIA	1971	08	29	06	00	48	-68	35	0
