AL091938	UNNAMED	1938	11	07	06	00	20.2	-72.4	50	0
AL091938	UNNAMED	1938	11	07	12	00	21.3	-73.3	60	0
AL091938	UNNAMED	1938	11	07	18	00	22.2	-74	60	0
AL091938	UNNAMED	1938	11	08	00	00	22.9	-75	60	0
AL091938	UNNAMED	1938	11	08	06	00	23.5	-76	55	0
AL091938	UNNAMED	1938	11	08	12	00	23.9	-77.1	50	0
AL091938	UNNAMED	1938	11	08	18	00	23.8	-78.2	45	0
AL091938	UNNAMED	1938	11	09	00	00	23.4	-78.9	45	0
AL091938	UNNAMED	1938	11	09	06	00	22.7	-79.6	45	0
AL091938	UNNAMED	1938	11	09	12	00	22.1	-80.2	40	0
AL091938	UNNAMED	1938	11	09	18	00	21.6	-80.8	35	0
AL091938	UNNAMED	1938	11	10	00	00	21.1	-81.3	30	0
AL091938	UNNAMED	1938	11	10	06	00	20.5	-81.8	30	0
AL091938	UNNAMED	1938	11	10	12	00	19.8	-82.4	25	0
AL091938	UNNAMED	1938	11	10	18	00	19.1	-83	25	0
