AL091964	GLADYS	1964	09	13	06	00	14.7	-44.3	30	0
AL091964	GLADYS	1964	09	13	12	00	15.4	-46	55	0
AL091964	GLADYS	1964	09	13	18	00	16.1	-47.4	60	0
AL091964	GLADYS	1964	09	14	00	00	17	-49	60	0
AL091964	GLADYS	1964	09	14	06	00	17.9	-50.6	60	0
AL091964	GLADYS	1964	09	14	12	00	18.8	-52.1	85	2
AL091964	GLADYS	1964	09	14	18	00	19.6	-53.5	85	2
AL091964	GLADYS	1964	09	15	00	00	20.2	-54.6	80	1
AL091964	GLADYS	1964	09	15	06	00	20.8	-55.4	75	1
AL091964	GLADYS	1964	09	15	12	00	21.3	-56.1	70	1
AL091964	GLADYS	1964	09	15	18	00	21.8	-57.2	70	1
AL091964	GLADYS	1964	09	16	00	00	22.3	-58.2	70	1
AL091964	GLADYS	1964	09	16	06	00	22.7	-59.1	70	1
AL091964	GLADYS	1964	09	16	12	00	23.1	-60	70	1
AL091964	GLADYS	1964	09	16	18	00	23.4	-61	75	1
AL091964	GLADYS	1964	09	17	00	00	23.8	-62.1	75	1
AL091964	GLADYS	1964	09	17	06	00	24.2	-63.1	85	2
AL091964	GLADYS	1964	09	17	12	00	24.6	-64.1	120	4
AL091964	GLADYS	1964	09	17	18	00	25	-65.1	125	4
AL091964	GLADYS	1964	09	18	00	00	25.4	-65.9	125	4
AL091964	GLADYS	1964	09	18	06	00	25.8	-66.5	125	4
AL091964	GLADYS	1964	09	18	12	00	26.1	-67.1	120	4
AL091964	GLADYS	1964	09	18	18	00	26.4	-67.7	120	4
AL091964	GLADYS	1964	09	19	00	00	26.8	-68.3	115	4
AL091964	GLADYS	1964	09	19	06	00	27.1	-68.8	110	3
AL091964	GLADYS	1964	09	19	12	00	27.3	-69.2	110	3
AL091964	GLADYS	1964	09	19	18	00	27.6	-69.6	105	3
AL091964	GLADYS	1964	09	20	00	00	27.9	-69.8	100	3
AL091964	GLADYS	1964	09	20	06	00	28.4	-69.8	95	2
AL091964	GLADYS	1964	09	20	12	00	29	-69.8	95	2
AL091964	GLADYS	1964	09	20	18	00	29.4	-69.7	90	2
AL091964	GLADYS	1964	09	21	00	00	29.8	-69.6	90	2
AL091964	GLADYS	1964	09	21	06	00	30.4	-69.6	85	2
AL091964	GLADYS	1964	09	21	12	00	31.1	-69.8	85	2
AL091964	GLADYS	1964	09	21	18	00	32.2	-70.4	80	1
AL091964	GLADYS	1964	09	22	00	00	33.1	-71	80	1
AL091964	GLADYS	1964	09	22	06	00	33.5	-71.4	75	1
AL091964	GLADYS	1964	09	22	12	00	33.9	-71.8	75	1
AL091964	GLADYS	1964	09	22	18	00	34.3	-72.1	70	1
AL091964	GLADYS	1964	09	23	00	00	34.8	-72.4	75	1
AL091964	GLADYS	1964	09	23	06	00	35.5	-72.4	75	1
AL091964	GLADYS	1964	09	23	12	00	36.5	-71.9	75	1
AL091964	GLADYS	1964	09	23	18	00	37.7	-70.7	70	1
AL091964	GLADYS	1964	09	24	00	00	39.2	-69	65	1
AL091964	GLADYS	1964	09	24	06	00	40.9	-66.9	65	1
AL091964	GLADYS	1964	09	24	12	00	42.8	-64.2	65	1
AL091964	GLADYS	1964	09	24	18	00	44.7	-60.3	60	0
AL091964	GLADYS	1964	09	25	00	00	47.5	-54.9	60	0
