AL091959	HANNAH	1959	09	27	12	00	26.8	-49.9	30	0
AL091959	HANNAH	1959	09	27	18	00	26.9	-50.5	30	0
AL091959	HANNAH	1959	09	28	00	00	26.9	-51.2	35	0
AL091959	HANNAH	1959	09	28	06	00	27	-51.9	50	0
AL091959	HANNAH	1959	09	28	12	00	27	-52.8	60	0
AL091959	HANNAH	1959	09	28	18	00	27	-54.9	65	1
AL091959	HANNAH	1959	09	29	00	00	27	-57.3	70	1
AL091959	HANNAH	1959	09	29	06	00	26.7	-58.3	75	1
AL091959	HANNAH	1959	09	29	12	00	26.3	-59.3	75	1
AL091959	HANNAH	1959	09	29	18	00	26.2	-61.1	80	1
AL091959	HANNAH	1959	09	30	00	00	26.2	-62.8	85	2
AL091959	HANNAH	1959	09	30	06	00	26.3	-63.8	90	2
AL091959	HANNAH	1959	09	30	12	00	26.7	-64.7	90	2
AL091959	HANNAH	1959	09	30	18	00	27.7	-65.4	95	2
AL091959	HANNAH	1959	10	01	00	00	28.8	-66.1	105	3
AL091959	HANNAH	1959	10	01	06	00	29.6	-67.1	110	3
AL091959	HANNAH	1959	10	01	12	00	30.4	-68.1	110	3
AL091959	HANNAH	1959	10	01	18	00	31.5	-68.9	110	3
AL091959	HANNAH	1959	10	02	00	00	32.6	-69.3	110	3
AL091959	HANNAH	1959	10	02	06	00	33.5	-68.9	110	3
AL091959	HANNAH	1959	10	02	12	00	34.1	-68.1	110	3
AL091959	HANNAH	1959	10	02	18	00	34.5	-67.1	110	3
AL091959	HANNAH	1959	10	03	00	00	34.9	-66.2	110	3
AL091959	HANNAH	1959	10	03	06	00	35.1	-65.4	110	3
AL091959	HANNAH	1959	10	03	12	00	35.4	-64.6	105	3
AL091959	HANNAH	1959	10	03	18	00	35.9	-63.8	100	3
AL091959	HANNAH	1959	10	04	00	00	36.4	-63	95	2
AL091959	HANNAH	1959	10	04	06	00	36.7	-62	90	2
AL091959	HANNAH	1959	10	04	12	00	37	-60.7	85	2
AL091959	HANNAH	1959	10	04	18	00	37.1	-59	90	2
AL091959	HANNAH	1959	10	05	00	00	37.1	-57	95	2
AL091959	HANNAH	1959	10	05	06	00	36.9	-54.6	95	2
AL091959	HANNAH	1959	10	05	12	00	36.5	-51.7	95	2
AL091959	HANNAH	1959	10	05	18	00	36	-47.8	95	2
AL091959	HANNAH	1959	10	06	00	00	35.6	-44	90	2
AL091959	HANNAH	1959	10	06	06	00	35.2	-41.1	90	2
AL091959	HANNAH	1959	10	06	12	00	34.9	-38.1	90	2
AL091959	HANNAH	1959	10	06	18	00	34.4	-34.7	90	2
AL091959	HANNAH	1959	10	07	00	00	34.9	-30.8	85	2
AL091959	HANNAH	1959	10	07	06	00	36.2	-28.1	85	2
AL091959	HANNAH	1959	10	07	12	00	38.3	-24.9	85	2
AL091959	HANNAH	1959	10	07	18	00	40.5	-20.6	85	2
AL091959	HANNAH	1959	10	08	00	00	43.7	-17.2	80	1
AL091959	HANNAH	1959	10	08	06	00	48.3	-17.6	65	1
AL091959	HANNAH	1959	10	08	12	00	53	-20.9	50	0
AL091959	HANNAH	1959	10	08	18	00	57.3	-26.5	40	0
