AL091966	INEZ	1966	09	21	12	00	9.9	-35.1	25	0
AL091966	INEZ	1966	09	21	18	00	10.4	-36	25	0
AL091966	INEZ	1966	09	22	00	00	10.9	-37.1	25	0
AL091966	INEZ	1966	09	22	06	00	11.3	-38.3	25	0
AL091966	INEZ	1966	09	22	12	00	11.7	-39.4	25	0
AL091966	INEZ	1966	09	22	18	00	12	-40.6	25	0
AL091966	INEZ	1966	09	23	00	00	12.3	-41.7	25	0
AL091966	INEZ	1966	09	23	06	00	12.7	-43.1	25	0
AL091966	INEZ	1966	09	23	12	00	13.1	-44.3	30	0
AL091966	INEZ	1966	09	23	18	00	13.4	-45.1	30	0
AL091966	INEZ	1966	09	24	00	00	13.7	-46	30	0
AL091966	INEZ	1966	09	24	06	00	14	-46.9	30	0
AL091966	INEZ	1966	09	24	12	00	14.4	-47.7	30	0
AL091966	INEZ	1966	09	24	18	00	14.8	-48.7	40	0
AL091966	INEZ	1966	09	25	00	00	15.1	-49.7	45	0
AL091966	INEZ	1966	09	25	06	00	15.4	-50.6	50	0
AL091966	INEZ	1966	09	25	12	00	15.6	-51.5	55	0
AL091966	INEZ	1966	09	25	18	00	15.6	-52.5	60	0
AL091966	INEZ	1966	09	26	00	00	15.6	-53.6	60	0
AL091966	INEZ	1966	09	26	06	00	15.7	-54.8	60	0
AL091966	INEZ	1966	09	26	12	00	15.8	-56	70	1
AL091966	INEZ	1966	09	26	18	00	15.8	-57	75	1
AL091966	INEZ	1966	09	27	00	00	15.9	-58	80	1
AL091966	INEZ	1966	09	27	06	00	16	-59.2	95	2
AL091966	INEZ	1966	09	27	12	00	16.1	-60.4	105	3
AL091966	INEZ	1966	09	27	18	00	16.2	-61.7	110	3
AL091966	INEZ	1966	09	28	00	00	16.3	-63	110	3
AL091966	INEZ	1966	09	28	06	00	16.5	-64.3	115	4
AL091966	INEZ	1966	09	28	12	00	16.8	-65.7	120	4
AL091966	INEZ	1966	09	28	18	00	17	-67.1	130	4
AL091966	INEZ	1966	09	29	00	00	17.1	-68.5	130	4
AL091966	INEZ	1966	09	29	06	00	17.3	-69.7	125	4
AL091966	INEZ	1966	09	29	12	00	17.5	-70.9	120	4
AL091966	INEZ	1966	09	29	18	00	18.1	-72.3	100	3
AL091966	INEZ	1966	09	30	00	00	18.8	-73.6	80	1
AL091966	INEZ	1966	09	30	06	00	19.3	-74.5	90	2
AL091966	INEZ	1966	09	30	12	00	19.8	-75.4	100	3
AL091966	INEZ	1966	09	30	18	00	20.2	-76.3	65	1
AL091966	INEZ	1966	10	01	00	00	20.5	-77.1	65	1
AL091966	INEZ	1966	10	01	06	00	20.8	-78.1	65	1
AL091966	INEZ	1966	10	01	12	00	21.2	-79.1	65	1
AL091966	INEZ	1966	10	01	18	00	21.9	-79.8	65	1
AL091966	INEZ	1966	10	02	00	00	22.6	-80.1	65	1
AL091966	INEZ	1966	10	02	06	00	23	-80.1	65	1
AL091966	INEZ	1966	10	02	12	00	23.3	-79.9	55	0
AL091966	INEZ	1966	10	02	18	00	24	-79.5	55	0
AL091966	INEZ	1966	10	03	00	00	24.6	-79.1	65	1
AL091966	INEZ	1966	10	03	06	00	24.9	-78.8	65	1
AL091966	INEZ	1966	10	03	12	00	25.2	-78.5	65	1
AL091966	INEZ	1966	10	03	18	00	25.4	-78.3	70	1
AL091966	INEZ	1966	10	04	00	00	25.6	-78.4	75	1
AL091966	INEZ	1966	10	04	06	00	25.5	-79	75	1
AL091966	INEZ	1966	10	04	12	00	25.3	-79.7	75	1
AL091966	INEZ	1966	10	04	18	00	25	-80.5	75	1
AL091966	INEZ	1966	10	05	00	00	24.7	-81.3	75	1
AL091966	INEZ	1966	10	05	06	00	24.6	-82.2	80	1
AL091966	INEZ	1966	10	05	12	00	24.5	-83	80	1
AL091966	INEZ	1966	10	05	18	00	24.3	-83.6	85	2
AL091966	INEZ	1966	10	06	00	00	24	-84.3	90	2
AL091966	INEZ	1966	10	06	06	00	23.7	-85	95	2
AL091966	INEZ	1966	10	06	12	00	23.3	-85.6	95	2
AL091966	INEZ	1966	10	06	18	00	22.8	-86.3	100	3
AL091966	INEZ	1966	10	07	00	00	22.3	-87.2	105	3
AL091966	INEZ	1966	10	07	06	00	22.1	-88.1	110	3
AL091966	INEZ	1966	10	07	12	00	21.9	-89	110	3
AL091966	INEZ	1966	10	07	18	00	21.7	-90	115	4
AL091966	INEZ	1966	10	08	00	00	21.5	-91	115	4
AL091966	INEZ	1966	10	08	06	00	21.5	-92.1	115	4
AL091966	INEZ	1966	10	08	12	00	21.8	-93.1	120	4
AL091966	INEZ	1966	10	08	18	00	22.1	-93.9	120	4
AL091966	INEZ	1966	10	09	00	00	22.3	-94.6	120	4
AL091966	INEZ	1966	10	09	06	00	22.6	-95.2	120	4
AL091966	INEZ	1966	10	09	12	00	22.8	-95.7	120	4
AL091966	INEZ	1966	10	09	18	00	23	-96	120	4
AL091966	INEZ	1966	10	10	00	00	23	-96.4	115	4
AL091966	INEZ	1966	10	10	06	00	23	-97.1	110	3
AL091966	INEZ	1966	10	10	12	00	22.8	-97.8	105	3
AL091966	INEZ	1966	10	10	18	00	22.4	-98.5	60	0
AL091966	INEZ	1966	10	11	00	00	22.1	-99.2	30	0
AL091966	INEZ	1966	10	11	06	00	21.8	-99.9	30	0
AL091966	INEZ	1966	10	11	12	00	21.5	-100.6	30	0
