AL092010	GASTON	2010	09	01	00	00	12.2	-32.2	25	0
AL092010	GASTON	2010	09	01	06	00	12.4	-33.6	30	0
AL092010	GASTON	2010	09	01	12	00	12.7	-35	35	0
AL092010	GASTON	2010	09	01	18	00	12.9	-36.1	35	0
AL092010	GASTON	2010	09	02	00	00	13.1	-37.2	30	0
AL092010	GASTON	2010	09	02	06	00	13.2	-38	30	0
AL092010	GASTON	2010	09	02	12	00	13.3	-38.8	30	0
AL092010	GASTON	2010	09	02	18	00	13.5	-39.5	25	0
AL092010	GASTON	2010	09	03	00	00	13.8	-40.1	25	0
AL092010	GASTON	2010	09	03	06	00	14.1	-40.6	25	0
AL092010	GASTON	2010	09	03	12	00	14.5	-41.3	25	0
AL092010	GASTON	2010	09	03	18	00	15	-42	25	0
AL092010	GASTON	2010	09	04	00	00	15.4	-43	25	0
AL092010	GASTON	2010	09	04	06	00	15.9	-44.2	30	0
AL092010	GASTON	2010	09	04	12	00	16.3	-45.5	30	0
AL092010	GASTON	2010	09	04	18	00	16.5	-46.6	30	0
AL092010	GASTON	2010	09	05	00	00	16.7	-47.7	25	0
AL092010	GASTON	2010	09	05	06	00	16.8	-48.8	25	0
AL092010	GASTON	2010	09	05	12	00	16.9	-50	30	0
AL092010	GASTON	2010	09	05	18	00	17	-51.2	30	0
AL092010	GASTON	2010	09	06	00	00	17.1	-52.6	30	0
AL092010	GASTON	2010	09	06	06	00	17.3	-54	30	0
AL092010	GASTON	2010	09	06	12	00	17.4	-55.5	30	0
AL092010	GASTON	2010	09	06	18	00	17.5	-57.2	25	0
AL092010	GASTON	2010	09	07	00	00	17.4	-59	25	0
AL092010	GASTON	2010	09	07	06	00	17.1	-60.8	25	0
AL092010	GASTON	2010	09	07	12	00	16.8	-62.7	25	0
AL092010	GASTON	2010	09	07	18	00	16.8	-64.6	25	0
AL092010	GASTON	2010	09	08	00	00	17	-66.3	25	0
AL092010	GASTON	2010	09	08	06	00	17.4	-67.7	25	0
