id,name,year,month,day,hour,minute,lat,lon,max_sustained_wind_kts,sshws
AL091970,DOROTHY,1970,08,17,12,00,11,-41,25,0
AL091970,DOROTHY,1970,08,17,18,00,11.3,-42.7,25,0
AL091970,DOROTHY,1970,08,18,00,00,11.5,-44.3,25,0
AL091970,DOROTHY,1970,08,18,06,00,11.8,-45.9,25,0
AL091970,DOROTHY,1970,08,18,12,00,12,-47.5,30,0
AL091970,DOROTHY,1970,08,18,18,00,12.4,-49.1,30,0
AL091970,DOROTHY,1970,08,19,00,00,12.8,-50.7,35,0
AL091970,DOROTHY,1970,08,19,06,00,13.1,-52.2,40,0
AL091970,DOROTHY,1970,08,19,12,00,13.3,-53.6,50,0
AL091970,DOROTHY,1970,08,19,18,00,13.6,-55,55,0
AL091970,DOROTHY,1970,08,20,00,00,13.7,-56.5,45,0
AL091970,DOROTHY,1970,08,20,06,00,13.8,-58,55,0
AL091970,DOROTHY,1970,08,20,12,00,13.9,-59.5,60,0
AL091970,DOROTHY,1970,08,20,18,00,14.5,-60.5,60,0
AL091970,DOROTHY,1970,08,21,00,00,14.6,-62,55,0
AL091970,DOROTHY,1970,08,21,06,00,14.8,-63.5,50,0
AL091970,DOROTHY,1970,08,21,12,00,15,-64.8,45,0
AL091970,DOROTHY,1970,08,21,18,00,15.2,-66,45,0
AL091970,DOROTHY,1970,08,22,00,00,15.4,-67.2,40,0
AL091970,DOROTHY,1970,08,22,06,00,15.6,-68.4,40,0
AL091970,DOROTHY,1970,08,22,12,00,15.8,-69.6,35,0
AL091970,DOROTHY,1970,08,22,18,00,15.9,-70.8,30,0
AL091970,DOROTHY,1970,08,23,00,00,16,-72,30,0
AL091970,DOROTHY,1970,08,23,06,00,16.1,-73.2,30,0
AL091970,DOROTHY,1970,08,23,12,00,16.2,-74.4,30,0
