AL091937	UNNAMED	1937	09	26	06	00	23.2	-79.4	30	0
AL091937	UNNAMED	1937	09	26	12	00	23.7	-79.2	30	0
AL091937	UNNAMED	1937	09	26	18	00	24.3	-79	30	0
AL091937	UNNAMED	1937	09	27	00	00	25.5	-78.5	30	0
AL091937	UNNAMED	1937	09	27	06	00	27.2	-77.8	30	0
AL091937	UNNAMED	1937	09	27	12	00	29	-77.2	30	0
AL091937	UNNAMED	1937	09	27	18	00	30.7	-76.7	35	0
AL091937	UNNAMED	1937	09	28	00	00	32.4	-76.2	35	0
AL091937	UNNAMED	1937	09	28	06	00	33.7	-75	40	0
AL091937	UNNAMED	1937	09	28	12	00	35.4	-73.2	40	0
AL091937	UNNAMED	1937	09	28	18	00	37.1	-71.3	45	0
AL091937	UNNAMED	1937	09	29	00	00	39	-69.3	45	0
AL091937	UNNAMED	1937	09	29	06	00	40.3	-67.2	40	0
AL091937	UNNAMED	1937	09	29	12	00	41.3	-65	40	0
AL091937	UNNAMED	1937	09	29	18	00	42.3	-62.5	35	0
AL091937	UNNAMED	1937	09	30	00	00	43.5	-59.5	35	0
AL091937	UNNAMED	1937	09	30	06	00	45.3	-56.5	35	0
AL091937	UNNAMED	1937	09	30	12	00	47.5	-53	40	0
AL091937	UNNAMED	1937	09	30	18	00	49.5	-49.9	45	0
AL091937	UNNAMED	1937	10	01	00	00	51	-47.3	50	0
AL091937	UNNAMED	1937	10	01	06	00	52.1	-44.7	55	0
AL091937	UNNAMED	1937	10	01	12	00	53.2	-41.5	60	0
AL091937	UNNAMED	1937	10	01	18	00	54.3	-39.5	65	1
AL091937	UNNAMED	1937	10	02	00	00	55.4	-37.5	65	1
AL091937	UNNAMED	1937	10	02	06	00	57.2	-36.5	60	0
AL091937	UNNAMED	1937	10	02	12	00	59	-35.6	55	0
AL091937	UNNAMED	1937	10	02	18	00	60.2	-34.8	50	0
AL091937	UNNAMED	1937	10	03	00	00	60.6	-34.7	50	0
