AL091889	UNNAMED	1889	10	05	06	00	20	-82.5	30	0
AL091889	UNNAMED	1889	10	05	12	00	21.5	-82	30	0
AL091889	UNNAMED	1889	10	05	18	00	23.4	-81.5	35	0
AL091889	UNNAMED	1889	10	05	23	00	24.7	-81.1	35	0
AL091889	UNNAMED	1889	10	06	00	00	25	-81	40	0
AL091889	UNNAMED	1889	10	06	01	00	25.2	-80.9	40	0
AL091889	UNNAMED	1889	10	06	06	00	27.1	-80.2	40	0
AL091889	UNNAMED	1889	10	06	12	00	30	-78.8	45	0
AL091889	UNNAMED	1889	10	06	18	00	33	-76.5	50	0
AL091889	UNNAMED	1889	10	07	00	00	36.1	-73	50	0
AL091889	UNNAMED	1889	10	07	06	00	38.3	-70.3	50	0
AL091889	UNNAMED	1889	10	07	12	00	40.3	-68	50	0
AL091889	UNNAMED	1889	10	07	18	00	42.5	-65.9	50	0
AL091889	UNNAMED	1889	10	08	00	00	44.5	-64	50	0
AL091889	UNNAMED	1889	10	08	06	00	46.4	-62.3	45	0
AL091889	UNNAMED	1889	10	08	12	00	48	-61	40	0
AL091889	UNNAMED	1889	10	08	18	00	49.6	-60.7	40	0
AL091889	UNNAMED	1889	10	09	00	00	51	-60.2	40	0
AL091889	UNNAMED	1889	10	09	06	00	52.2	-59.6	40	0
AL091889	UNNAMED	1889	10	09	12	00	53.3	-59	40	0
AL091889	UNNAMED	1889	10	09	18	00	54.4	-58.8	40	0
AL091889	UNNAMED	1889	10	10	00	00	55.5	-58.4	40	0
AL091889	UNNAMED	1889	10	10	06	00	56.5	-58	40	0
AL091889	UNNAMED	1889	10	10	12	00	57.4	-57.5	40	0
AL091889	UNNAMED	1889	10	10	18	00	58.5	-57	40	0
AL091889	UNNAMED	1889	10	11	00	00	60.5	-56	35	0
AL091889	UNNAMED	1889	10	11	06	00	63	-55.3	35	0
