id,name,year,month,day,hour,minute,lat,lon,max_sustained_wind_kts,sshws
AL091926,UNNAMED,1926,10,03,00,00,14.5,-79,30,0
AL091926,UNNAMED,1926,10,03,06,00,14.5,-79.4,35,0
AL091926,UNNAMED,1926,10,03,12,00,14.5,-80,35,0
AL091926,UNNAMED,1926,10,03,18,00,14.6,-81,35,0
AL091926,UNNAMED,1926,10,04,00,00,15,-82.2,35,0
AL091926,UNNAMED,1926,10,04,06,00,15.5,-83.6,35,0
AL091926,UNNAMED,1926,10,04,12,00,16,-85,35,0
AL091926,UNNAMED,1926,10,04,18,00,16.3,-86.4,35,0
AL091926,UNNAMED,1926,10,05,00,00,16.4,-87.7,30,0
AL091926,UNNAMED,1926,10,05,06,00,16.5,-88.9,30,0
AL091926,UNNAMED,1926,10,05,12,00,16.5,-90,25,0
