AL091923	UNNAMED	1923	10	24	06	00	19.3	-59.8	35	0
AL091923	UNNAMED	1923	10	24	12	00	20	-60	35	0
AL091923	UNNAMED	1923	10	24	18	00	20.7	-60.2	35	0
AL091923	UNNAMED	1923	10	25	00	00	21.4	-60.4	35	0
AL091923	UNNAMED	1923	10	25	06	00	22.2	-60.6	35	0
AL091923	UNNAMED	1923	10	25	12	00	23	-61	35	0
AL091923	UNNAMED	1923	10	25	18	00	23.8	-61.8	35	0
AL091923	UNNAMED	1923	10	26	00	00	24.7	-63	40	0
AL091923	UNNAMED	1923	10	26	06	00	25.6	-64.2	40	0
AL091923	UNNAMED	1923	10	26	12	00	26.5	-65	40	0
AL091923	UNNAMED	1923	10	26	18	00	27.7	-65.2	35	0
AL091923	UNNAMED	1923	10	27	00	00	29	-65	35	0
