AL091880	UNNAMED	1880	10	05	00	00	18.2	-85.1	40	0
AL091880	UNNAMED	1880	10	05	06	00	18.6	-85.6	40	0
AL091880	UNNAMED	1880	10	05	12	00	19	-86	40	0
AL091880	UNNAMED	1880	10	05	18	00	19.6	-86.6	40	0
AL091880	UNNAMED	1880	10	06	00	00	20.5	-87.1	50	0
AL091880	UNNAMED	1880	10	06	06	00	21.4	-87.3	50	0
AL091880	UNNAMED	1880	10	06	12	00	22.2	-87.3	50	0
AL091880	UNNAMED	1880	10	06	18	00	22.7	-87.1	50	0
AL091880	UNNAMED	1880	10	07	00	00	23.4	-86.8	60	0
AL091880	UNNAMED	1880	10	07	06	00	24.1	-86.4	60	0
AL091880	UNNAMED	1880	10	07	12	00	24.7	-86	60	0
AL091880	UNNAMED	1880	10	07	18	00	25.4	-85.6	60	0
AL091880	UNNAMED	1880	10	08	00	00	26.3	-85.3	70	1
AL091880	UNNAMED	1880	10	08	06	00	26.9	-85	70	1
AL091880	UNNAMED	1880	10	08	12	00	27.7	-84.3	70	1
AL091880	UNNAMED	1880	10	08	18	00	28.9	-82.7	70	1
AL091880	UNNAMED	1880	10	08	19	00	28.7	-83	70	1
AL091880	UNNAMED	1880	10	09	00	00	30.1	-81	60	0
AL091880	UNNAMED	1880	10	09	06	00	31.3	-78.9	70	1
AL091880	UNNAMED	1880	10	09	12	00	32	-76	70	1
AL091880	UNNAMED	1880	10	09	18	00	32.4	-73.9	70	1
AL091880	UNNAMED	1880	10	10	00	00	32.5	-72.3	70	1
AL091880	UNNAMED	1880	10	10	06	00	32.5	-70.1	70	1
AL091880	UNNAMED	1880	10	10	12	00	32.5	-68.5	70	1
AL091880	UNNAMED	1880	10	10	18	00	32.5	-65.5	70	1
