AL092011	IRENE	2011	08	21	00	00	15	-59	45	0
AL092011	IRENE	2011	08	21	06	00	16	-60.6	45	0
AL092011	IRENE	2011	08	21	12	00	16.8	-62.2	45	0
AL092011	IRENE	2011	08	21	18	00	17.5	-63.7	50	0
AL092011	IRENE	2011	08	21	23	00	17.8	-64.6	60	0
AL092011	IRENE	2011	08	22	00	00	17.9	-65	60	0
AL092011	IRENE	2011	08	22	05	25	18.1	-65.8	60	0
AL092011	IRENE	2011	08	22	06	00	18.2	-65.9	65	1
AL092011	IRENE	2011	08	22	12	00	18.9	-67	70	1
AL092011	IRENE	2011	08	22	18	00	19.3	-68	75	1
AL092011	IRENE	2011	08	23	00	00	19.7	-68.8	80	1
AL092011	IRENE	2011	08	23	06	00	20.1	-69.7	80	1
AL092011	IRENE	2011	08	23	12	00	20.4	-70.6	80	1
AL092011	IRENE	2011	08	23	18	00	20.7	-71.2	80	1
AL092011	IRENE	2011	08	24	00	00	21	-71.9	80	1
AL092011	IRENE	2011	08	24	06	00	21.3	-72.5	95	2
AL092011	IRENE	2011	08	24	12	00	21.9	-73.3	105	3
AL092011	IRENE	2011	08	24	18	00	22.7	-74.3	100	3
AL092011	IRENE	2011	08	24	16	00	22.4	-74	100	3
AL092011	IRENE	2011	08	25	00	00	23.5	-75.1	95	2
AL092011	IRENE	2011	08	25	06	00	24.1	-75.9	95	2
AL092011	IRENE	2011	08	25	09	00	24.7	-76.2	90	2
AL092011	IRENE	2011	08	25	12	00	25.4	-76.6	90	2
AL092011	IRENE	2011	08	25	18	00	26.5	-77.2	90	2
AL092011	IRENE	2011	08	26	00	00	27.7	-77.3	90	2
AL092011	IRENE	2011	08	26	06	00	28.8	-77.3	90	2
AL092011	IRENE	2011	08	26	12	00	30	-77.4	85	2
AL092011	IRENE	2011	08	26	18	00	31.1	-77.5	80	1
AL092011	IRENE	2011	08	27	00	00	32.1	-77.1	75	1
AL092011	IRENE	2011	08	27	06	00	33.4	-76.8	75	1
AL092011	IRENE	2011	08	27	12	00	34.7	-76.6	75	1
AL092011	IRENE	2011	08	27	18	00	35.5	-76.3	65	1
AL092011	IRENE	2011	08	28	00	00	36.7	-75.7	65	1
AL092011	IRENE	2011	08	28	06	00	38.1	-75	65	1
AL092011	IRENE	2011	08	28	09	35	39.4	-74.4	60	0
AL092011	IRENE	2011	08	28	12	00	40.3	-74.1	55	0
AL092011	IRENE	2011	08	28	13	00	40.6	-74	55	0
AL092011	IRENE	2011	08	28	18	00	42.5	-73.1	50	0
AL092011	IRENE	2011	08	29	00	00	44.2	-72.1	45	0
AL092011	IRENE	2011	08	29	06	00	46.5	-69.5	40	0
AL092011	IRENE	2011	08	29	12	00	49.1	-66.7	40	0
AL092011	IRENE	2011	08	29	18	00	51.3	-63.8	40	0
AL092011	IRENE	2011	08	30	00	00	53	-60	40	0
