AL091969	CAMILLE	1969	08	14	00	00	18.3	-79.7	30	0
AL091969	CAMILLE	1969	08	14	06	00	18.5	-80.5	35	0
AL091969	CAMILLE	1969	08	14	12	00	18.8	-81.3	45	0
AL091969	CAMILLE	1969	08	14	18	00	19.1	-82	50	0
AL091969	CAMILLE	1969	08	15	00	00	19.5	-82.7	55	0
AL091969	CAMILLE	1969	08	15	06	00	20	-83.3	65	1
AL091969	CAMILLE	1969	08	15	12	00	20.6	-83.8	90	2
AL091969	CAMILLE	1969	08	15	18	00	21.3	-84.1	95	2
AL091969	CAMILLE	1969	08	15	22	00	21.9	-84.3	95	2
AL091969	CAMILLE	1969	08	16	00	00	22.3	-84.4	90	2
AL091969	CAMILLE	1969	08	16	06	00	23.1	-85.2	105	3
AL091969	CAMILLE	1969	08	16	12	00	23.8	-86	130	4
AL091969	CAMILLE	1969	08	16	18	00	24.3	-86.6	150	5
AL091969	CAMILLE	1969	08	17	00	00	25.2	-87.2	150	5
AL091969	CAMILLE	1969	08	17	06	00	26	-87.7	145	5
AL091969	CAMILLE	1969	08	17	12	00	27	-88.3	140	5
AL091969	CAMILLE	1969	08	17	18	00	28.3	-88.7	135	4
AL091969	CAMILLE	1969	08	18	00	00	29.4	-89	140	5
AL091969	CAMILLE	1969	08	18	04	00	30.3	-89.4	150	5
AL091969	CAMILLE	1969	08	18	06	00	30.7	-89.6	115	4
AL091969	CAMILLE	1969	08	18	12	00	32	-89.9	75	1
AL091969	CAMILLE	1969	08	18	18	00	33.4	-90.1	50	0
AL091969	CAMILLE	1969	08	19	00	00	34.7	-90	35	0
AL091969	CAMILLE	1969	08	19	06	00	36	-89.3	30	0
AL091969	CAMILLE	1969	08	19	12	00	37	-88	30	0
AL091969	CAMILLE	1969	08	19	18	00	37.6	-86	25	0
AL091969	CAMILLE	1969	08	20	00	00	37.6	-84	25	0
AL091969	CAMILLE	1969	08	20	06	00	37.4	-80.6	25	0
AL091969	CAMILLE	1969	08	20	12	00	37.2	-77.3	30	0
AL091969	CAMILLE	1969	08	20	18	00	37	-75.3	45	0
AL091969	CAMILLE	1969	08	21	00	00	36.7	-73.6	50	0
AL091969	CAMILLE	1969	08	21	06	00	36.7	-70.9	55	0
AL091969	CAMILLE	1969	08	21	12	00	37.1	-68.1	60	0
AL091969	CAMILLE	1969	08	21	18	00	37.8	-64.7	60	0
AL091969	CAMILLE	1969	08	22	00	00	39.2	-61.8	55	0
AL091969	CAMILLE	1969	08	22	06	00	40.8	-58.2	45	0
AL091969	CAMILLE	1969	08	22	12	00	43	-54	35	0
