id,name,year,month,day,hour,minute,lat,lon,max_sustained_wind_kts,sshws
AL091887,UNNAMED,1887,09,11,12,00,13.3,-57,35,0
AL091887,UNNAMED,1887,09,11,18,00,13.4,-58.2,40,0
AL091887,UNNAMED,1887,09,12,00,00,13.4,-59.3,45,0
AL091887,UNNAMED,1887,09,12,06,00,13.5,-60.4,50,0
AL091887,UNNAMED,1887,09,12,12,00,13.6,-61.4,55,0
AL091887,UNNAMED,1887,09,12,18,00,13.7,-62.3,60,0
AL091887,UNNAMED,1887,09,13,00,00,13.8,-63.1,65,1
AL091887,UNNAMED,1887,09,13,06,00,13.9,-63.9,70,1
AL091887,UNNAMED,1887,09,13,12,00,14,-64.8,75,1
AL091887,UNNAMED,1887,09,13,18,00,14.1,-66.2,80,1
AL091887,UNNAMED,1887,09,14,00,00,14.2,-67.8,85,2
AL091887,UNNAMED,1887,09,14,06,00,14.4,-69.5,85,2
AL091887,UNNAMED,1887,09,14,12,00,14.5,-71,85,2
AL091887,UNNAMED,1887,09,14,18,00,14.7,-72.3,85,2
AL091887,UNNAMED,1887,09,15,00,00,15,-73.5,85,2
AL091887,UNNAMED,1887,09,15,06,00,15.3,-74.7,85,2
AL091887,UNNAMED,1887,09,15,12,00,15.7,-76,85,2
AL091887,UNNAMED,1887,09,15,18,00,16.2,-77.8,85,2
AL091887,UNNAMED,1887,09,16,00,00,16.7,-79.6,85,2
AL091887,UNNAMED,1887,09,16,06,00,17.3,-81.5,85,2
AL091887,UNNAMED,1887,09,16,12,00,18,-83,85,2
AL091887,UNNAMED,1887,09,16,18,00,18.7,-84.1,85,2
AL091887,UNNAMED,1887,09,17,00,00,19.5,-85.1,85,2
AL091887,UNNAMED,1887,09,17,06,00,20.3,-85.9,85,2
AL091887,UNNAMED,1887,09,17,12,00,21,-86.6,85,2
AL091887,UNNAMED,1887,09,17,18,00,21.4,-87.2,75,1
AL091887,UNNAMED,1887,09,18,00,00,21.9,-87.7,80,1
AL091887,UNNAMED,1887,09,18,06,00,22.3,-88.3,85,2
AL091887,UNNAMED,1887,09,18,12,00,22.7,-88.8,85,2
AL091887,UNNAMED,1887,09,18,18,00,23.1,-89.3,85,2
AL091887,UNNAMED,1887,09,19,00,00,23.5,-89.8,85,2
AL091887,UNNAMED,1887,09,19,06,00,23.9,-90.3,85,2
AL091887,UNNAMED,1887,09,19,12,00,24.5,-91,85,2
AL091887,UNNAMED,1887,09,19,18,00,25,-91.7,85,2
AL091887,UNNAMED,1887,09,20,00,00,25.4,-92.3,85,2
AL091887,UNNAMED,1887,09,20,06,00,25.8,-93.1,85,2
AL091887,UNNAMED,1887,09,20,12,00,26,-94,85,2
AL091887,UNNAMED,1887,09,20,18,00,26.1,-94.8,85,2
AL091887,UNNAMED,1887,09,21,00,00,26.1,-95.6,85,2
AL091887,UNNAMED,1887,09,21,06,00,26.1,-96.2,80,1
AL091887,UNNAMED,1887,09,21,12,00,26.1,-96.8,75,1
AL091887,UNNAMED,1887,09,21,17,00,26.1,-97.2,75,1
AL091887,UNNAMED,1887,09,21,18,00,26.1,-97.3,75,1
AL091887,UNNAMED,1887,09,22,00,00,26,-97.9,60,0
AL091887,UNNAMED,1887,09,22,06,00,25.8,-98.4,45,0
AL091887,UNNAMED,1887,09,22,12,00,25.5,-98.9,35,0
AL091887,UNNAMED,1887,09,22,18,00,25,-99.6,30,0
