AL091992	EARL	1992	09	26	18	00	26.2	-69.1	25	0
AL091992	EARL	1992	09	27	00	00	25.8	-70.8	25	0
AL091992	EARL	1992	09	27	06	00	26.3	-72.3	25	0
AL091992	EARL	1992	09	27	12	00	27	-73.9	30	0
AL091992	EARL	1992	09	27	18	00	27.7	-75.5	30	0
AL091992	EARL	1992	09	28	00	00	28	-76.6	30	0
AL091992	EARL	1992	09	28	06	00	28.3	-77.7	30	0
AL091992	EARL	1992	09	28	12	00	28.6	-78.6	30	0
AL091992	EARL	1992	09	28	18	00	28.9	-79.2	30	0
AL091992	EARL	1992	09	29	00	00	29.2	-79.4	30	0
AL091992	EARL	1992	09	29	06	00	29.4	-79.5	30	0
AL091992	EARL	1992	09	29	12	00	29.7	-79.3	35	0
AL091992	EARL	1992	09	29	18	00	29.8	-79.1	40	0
AL091992	EARL	1992	09	30	00	00	29.9	-78.8	40	0
AL091992	EARL	1992	09	30	06	00	30	-78.1	40	0
AL091992	EARL	1992	09	30	12	00	30.1	-77.1	45	0
AL091992	EARL	1992	09	30	18	00	29.9	-75.8	50	0
AL091992	EARL	1992	10	01	00	00	29.7	-74.4	50	0
AL091992	EARL	1992	10	01	06	00	29.3	-73	50	0
AL091992	EARL	1992	10	01	12	00	28.9	-71.6	50	0
AL091992	EARL	1992	10	01	18	00	28.4	-70.3	55	0
AL091992	EARL	1992	10	02	00	00	28	-69	55	0
AL091992	EARL	1992	10	02	06	00	27.6	-68	50	0
AL091992	EARL	1992	10	02	12	00	27.5	-67	45	0
AL091992	EARL	1992	10	02	18	00	27.4	-66.1	40	0
AL091992	EARL	1992	10	03	00	00	27.5	-65.2	35	0
AL091992	EARL	1992	10	03	06	00	27.8	-64.5	35	0
AL091992	EARL	1992	10	03	12	00	28.2	-63.7	30	0
AL091992	EARL	1992	10	03	18	00	28.4	-62.9	30	0
