AL092012	ISAAC	2012	08	20	12	00	15.7	-44.8	25	0
AL092012	ISAAC	2012	08	20	18	00	15.6	-46.8	30	0
AL092012	ISAAC	2012	08	21	00	00	15.2	-48.5	30	0
AL092012	ISAAC	2012	08	21	06	00	14.9	-50.1	30	0
AL092012	ISAAC	2012	08	21	12	00	15	-51.6	30	0
AL092012	ISAAC	2012	08	21	18	00	15.2	-53.1	35	0
AL092012	ISAAC	2012	08	22	00	00	15.4	-54.8	40	0
AL092012	ISAAC	2012	08	22	06	00	15.7	-56.6	45	0
AL092012	ISAAC	2012	08	22	12	00	15.9	-58.6	45	0
AL092012	ISAAC	2012	08	22	18	00	16.1	-60.4	45	0
AL092012	ISAAC	2012	08	23	00	00	15.7	-62	45	0
AL092012	ISAAC	2012	08	23	06	00	15	-63.4	45	0
AL092012	ISAAC	2012	08	23	12	00	15.1	-65	45	0
AL092012	ISAAC	2012	08	23	18	00	15.6	-66.4	45	0
AL092012	ISAAC	2012	08	24	00	00	15.7	-67.8	45	0
AL092012	ISAAC	2012	08	24	06	00	15.4	-69.1	45	0
AL092012	ISAAC	2012	08	24	12	00	15.7	-70.4	50	0
AL092012	ISAAC	2012	08	24	18	00	16.6	-71.2	55	0
AL092012	ISAAC	2012	08	25	00	00	17.3	-71.8	55	0
AL092012	ISAAC	2012	08	25	06	00	18.3	-72.7	55	0
AL092012	ISAAC	2012	08	25	12	00	19.6	-73.9	50	0
AL092012	ISAAC	2012	08	25	15	00	20.1	-74.5	50	0
AL092012	ISAAC	2012	08	25	18	00	20.8	-75.2	50	0
AL092012	ISAAC	2012	08	26	00	00	21.8	-76.7	50	0
AL092012	ISAAC	2012	08	26	06	00	22.7	-78.3	55	0
AL092012	ISAAC	2012	08	26	12	00	23.4	-80	55	0
AL092012	ISAAC	2012	08	26	18	00	23.7	-81.4	50	0
AL092012	ISAAC	2012	08	27	00	00	24.2	-82.6	50	0
AL092012	ISAAC	2012	08	27	06	00	25	-83.6	50	0
AL092012	ISAAC	2012	08	27	12	00	25.7	-84.7	55	0
AL092012	ISAAC	2012	08	27	18	00	26.3	-85.7	60	0
AL092012	ISAAC	2012	08	28	00	00	26.8	-86.7	60	0
AL092012	ISAAC	2012	08	28	06	00	27.4	-87.6	60	0
AL092012	ISAAC	2012	08	28	12	00	28	-88.3	65	1
AL092012	ISAAC	2012	08	28	18	00	28.6	-88.8	70	1
AL092012	ISAAC	2012	08	29	00	00	28.9	-89.4	70	1
AL092012	ISAAC	2012	08	29	03	00	29	-89.7	70	1
AL092012	ISAAC	2012	08	29	06	00	29.1	-90	70	1
AL092012	ISAAC	2012	08	29	08	00	29.2	-90.2	70	1
AL092012	ISAAC	2012	08	29	12	00	29.4	-90.5	65	1
AL092012	ISAAC	2012	08	29	18	00	29.7	-90.8	60	0
AL092012	ISAAC	2012	08	30	00	00	30.1	-91.1	55	0
AL092012	ISAAC	2012	08	30	06	00	30.6	-91.5	55	0
AL092012	ISAAC	2012	08	30	12	00	31.3	-91.9	45	0
AL092012	ISAAC	2012	08	30	18	00	32.1	-92.4	35	0
AL092012	ISAAC	2012	08	31	00	00	33.1	-92.9	30	0
AL092012	ISAAC	2012	08	31	06	00	34.3	-93.5	25	0
AL092012	ISAAC	2012	08	31	12	00	35.6	-94	20	0
AL092012	ISAAC	2012	08	31	18	00	36.8	-94.1	20	0
AL092012	ISAAC	2012	09	01	00	00	37.8	-93.9	20	0
AL092012	ISAAC	2012	09	01	06	00	38.4	-93.3	20	0
