id,name,year,month,day,hour,minute,lat,lon,max_sustained_wind_kts,sshws
AL091996,ISIDORE,1996,09,24,12,00,8.6,-23.3,25,0
AL091996,ISIDORE,1996,09,24,18,00,9.2,-25.2,30,0
AL091996,ISIDORE,1996,09,25,00,00,9.9,-26.9,30,0
AL091996,ISIDORE,1996,09,25,06,00,10.3,-28.5,35,0
AL091996,ISIDORE,1996,09,25,12,00,10.7,-30,45,0
AL091996,ISIDORE,1996,09,25,18,00,11,-31.7,50,0
AL091996,ISIDORE,1996,09,26,00,00,11.2,-32.8,60,0
AL091996,ISIDORE,1996,09,26,06,00,11.7,-34.2,70,1
AL091996,ISIDORE,1996,09,26,12,00,12.4,-35.8,70,1
AL091996,ISIDORE,1996,09,26,18,00,12.8,-37.1,75,1
AL091996,ISIDORE,1996,09,27,00,00,13.1,-38.6,80,1
AL091996,ISIDORE,1996,09,27,06,00,13.7,-39.8,85,2
AL091996,ISIDORE,1996,09,27,12,00,14.1,-41.1,90,2
AL091996,ISIDORE,1996,09,27,18,00,14.9,-42.2,95,2
AL091996,ISIDORE,1996,09,28,00,00,15.8,-42.9,100,3
AL091996,ISIDORE,1996,09,28,06,00,16.7,-43.1,100,3
AL091996,ISIDORE,1996,09,28,12,00,17.8,-43.2,95,2
AL091996,ISIDORE,1996,09,28,18,00,19,-43.2,90,2
AL091996,ISIDORE,1996,09,29,00,00,20,-42.9,85,2
AL091996,ISIDORE,1996,09,29,06,00,20.8,-42.2,75,1
AL091996,ISIDORE,1996,09,29,12,00,21.8,-41.3,70,1
AL091996,ISIDORE,1996,09,29,18,00,22.6,-40.9,65,1
AL091996,ISIDORE,1996,09,30,00,00,23.8,-40.4,60,0
AL091996,ISIDORE,1996,09,30,06,00,25.3,-40.1,60,0
AL091996,ISIDORE,1996,09,30,12,00,26.7,-40,50,0
AL091996,ISIDORE,1996,09,30,18,00,28.2,-40.1,45,0
AL091996,ISIDORE,1996,10,01,00,00,29.9,-40.3,35,0
AL091996,ISIDORE,1996,10,01,06,00,31.6,-40.4,35,0
AL091996,ISIDORE,1996,10,01,12,00,33.6,-40.4,30,0
AL091996,ISIDORE,1996,10,01,18,00,35.8,-40.3,30,0
AL091996,ISIDORE,1996,10,02,00,00,38.1,-40.2,25,0
AL091996,ISIDORE,1996,10,02,06,00,40.3,-39.6,20,0
AL091996,ISIDORE,1996,10,02,12,00,43,-36,20,0
