AL091888	UNNAMED	1888	11	17	00	00	23.2	-56	50	0
AL091888	UNNAMED	1888	11	17	06	00	23.5	-56.6	55	0
AL091888	UNNAMED	1888	11	17	12	00	23.8	-57.1	60	0
AL091888	UNNAMED	1888	11	17	18	00	24.2	-57.8	60	0
AL091888	UNNAMED	1888	11	18	00	00	24.6	-58.5	60	0
AL091888	UNNAMED	1888	11	18	06	00	24.9	-59.2	60	0
AL091888	UNNAMED	1888	11	18	12	00	25.1	-59.8	60	0
AL091888	UNNAMED	1888	11	18	18	00	25.2	-60.5	60	0
AL091888	UNNAMED	1888	11	19	00	00	25.3	-61.2	60	0
AL091888	UNNAMED	1888	11	19	06	00	25.4	-61.9	60	0
AL091888	UNNAMED	1888	11	19	12	00	25.5	-62.6	60	0
AL091888	UNNAMED	1888	11	19	18	00	25.7	-63.4	60	0
AL091888	UNNAMED	1888	11	20	00	00	26	-64.2	60	0
AL091888	UNNAMED	1888	11	20	06	00	26.3	-65	60	0
AL091888	UNNAMED	1888	11	20	12	00	26.7	-65.7	60	0
AL091888	UNNAMED	1888	11	20	18	00	26.9	-66.4	65	1
AL091888	UNNAMED	1888	11	21	00	00	27.1	-67.1	65	1
AL091888	UNNAMED	1888	11	21	06	00	27.5	-68	70	1
AL091888	UNNAMED	1888	11	21	12	00	27.7	-68.7	70	1
AL091888	UNNAMED	1888	11	21	18	00	28.1	-69.5	70	1
AL091888	UNNAMED	1888	11	22	00	00	28.4	-70.5	75	1
AL091888	UNNAMED	1888	11	22	06	00	28.8	-71.4	75	1
AL091888	UNNAMED	1888	11	22	12	00	29.3	-72.3	80	1
AL091888	UNNAMED	1888	11	22	18	00	29.6	-72.9	80	1
AL091888	UNNAMED	1888	11	23	00	00	29.8	-73.5	80	1
AL091888	UNNAMED	1888	11	23	06	00	30.1	-74.2	85	2
AL091888	UNNAMED	1888	11	23	12	00	30.5	-74.7	85	2
AL091888	UNNAMED	1888	11	23	18	00	31	-75.1	85	2
AL091888	UNNAMED	1888	11	24	00	00	31.5	-75.5	85	2
AL091888	UNNAMED	1888	11	24	06	00	32.1	-75.8	85	2
AL091888	UNNAMED	1888	11	24	12	00	32.7	-75.7	85	2
AL091888	UNNAMED	1888	11	24	18	00	33.1	-75.5	85	2
AL091888	UNNAMED	1888	11	25	00	00	33.6	-75.2	85	2
AL091888	UNNAMED	1888	11	25	06	00	34	-75	85	2
AL091888	UNNAMED	1888	11	25	12	00	34.5	-74.7	85	2
AL091888	UNNAMED	1888	11	25	18	00	35.3	-74.2	85	2
AL091888	UNNAMED	1888	11	26	00	00	36.1	-73.6	80	1
AL091888	UNNAMED	1888	11	26	06	00	37	-73	80	1
AL091888	UNNAMED	1888	11	26	12	00	38	-72.3	80	1
AL091888	UNNAMED	1888	11	26	18	00	38.5	-71.9	80	1
AL091888	UNNAMED	1888	11	27	00	00	39.3	-71.2	80	1
AL091888	UNNAMED	1888	11	27	06	00	40	-70.4	80	1
AL091888	UNNAMED	1888	11	27	12	00	40.7	-69.7	80	1
AL091888	UNNAMED	1888	11	27	18	00	41.5	-69.1	80	1
AL091888	UNNAMED	1888	11	28	00	00	42.4	-68.4	80	1
AL091888	UNNAMED	1888	11	28	06	00	43.3	-67.6	80	1
AL091888	UNNAMED	1888	11	28	12	00	44.1	-66.6	80	1
AL091888	UNNAMED	1888	11	28	18	00	44.8	-65.2	70	1
AL091888	UNNAMED	1888	11	29	00	00	45.5	-63.5	60	0
AL091888	UNNAMED	1888	11	29	06	00	46	-61.7	50	0
AL091888	UNNAMED	1888	11	29	12	00	46.4	-60	45	0
AL091888	UNNAMED	1888	11	29	18	00	46.7	-58.7	45	0
AL091888	UNNAMED	1888	11	30	00	00	46.9	-57.5	45	0
AL091888	UNNAMED	1888	11	30	06	00	47.1	-56.1	45	0
AL091888	UNNAMED	1888	11	30	12	00	47.2	-54.3	45	0
AL091888	UNNAMED	1888	11	30	18	00	47.2	-52	45	0
AL091888	UNNAMED	1888	12	01	00	00	47.2	-49.7	40	0
AL091888	UNNAMED	1888	12	01	06	00	47.2	-47.3	50	0
AL091888	UNNAMED	1888	12	01	12	00	47.2	-45	55	0
AL091888	UNNAMED	1888	12	01	18	00	47.2	-42.7	55	0
AL091888	UNNAMED	1888	12	02	00	00	47.3	-40.4	60	0
AL091888	UNNAMED	1888	12	02	06	00	47.4	-38.1	60	0
AL091888	UNNAMED	1888	12	02	12	00	47.5	-35.8	60	0
AL091888	UNNAMED	1888	12	02	18	00	48	-33.3	60	0
