id,name,year,month,day,hour,minute,lat,lon,max_sustained_wind_kts,sshws
AL091945,UNNAMED,1945,09,12,00,00,19,-58.5,65,1
AL091945,UNNAMED,1945,09,12,06,00,19.1,-59.9,70,1
AL091945,UNNAMED,1945,09,12,12,00,19.2,-61.3,75,1
AL091945,UNNAMED,1945,09,12,18,00,19.3,-62.6,80,1
AL091945,UNNAMED,1945,09,13,00,00,19.5,-63.8,85,2
AL091945,UNNAMED,1945,09,13,06,00,19.8,-64.9,95,2
AL091945,UNNAMED,1945,09,13,12,00,20.2,-66.2,95,2
AL091945,UNNAMED,1945,09,13,18,00,20.6,-68,100,3
AL091945,UNNAMED,1945,09,14,00,00,21,-70,100,3
AL091945,UNNAMED,1945,09,14,06,00,21.3,-71.7,105,3
AL091945,UNNAMED,1945,09,14,12,00,21.6,-73,105,3
AL091945,UNNAMED,1945,09,14,18,00,22,-74.4,105,3
AL091945,UNNAMED,1945,09,15,00,00,22.6,-75.8,105,3
AL091945,UNNAMED,1945,09,15,06,00,23.4,-77.2,110,3
AL091945,UNNAMED,1945,09,15,12,00,24.2,-78.6,115,4
AL091945,UNNAMED,1945,09,15,18,00,25.1,-80,115,4
AL091945,UNNAMED,1945,09,15,19,30,25.3,-80.3,115,4
AL091945,UNNAMED,1945,09,15,20,00,25.4,-80.4,115,4
AL091945,UNNAMED,1945,09,16,00,00,25.9,-80.9,100,3
AL091945,UNNAMED,1945,09,16,06,00,26.6,-81.5,85,2
AL091945,UNNAMED,1945,09,16,12,00,27.5,-81.8,75,1
AL091945,UNNAMED,1945,09,16,18,00,28.5,-81.7,70,1
AL091945,UNNAMED,1945,09,17,00,00,29.6,-81.5,65,1
AL091945,UNNAMED,1945,09,17,06,00,31,-81.2,60,0
AL091945,UNNAMED,1945,09,17,11,00,32.1,-80.9,60,0
AL091945,UNNAMED,1945,09,17,12,00,32.3,-80.8,60,0
AL091945,UNNAMED,1945,09,17,18,00,33.4,-80.3,50,0
AL091945,UNNAMED,1945,09,18,00,00,34.4,-79.9,50,0
AL091945,UNNAMED,1945,09,18,06,00,35.6,-79.3,45,0
AL091945,UNNAMED,1945,09,18,12,00,36.8,-78.5,40,0
AL091945,UNNAMED,1945,09,18,18,00,38.3,-77,35,0
AL091945,UNNAMED,1945,09,19,00,00,40.3,-75,30,0
AL091945,UNNAMED,1945,09,19,06,00,42.3,-72.4,25,0
AL091945,UNNAMED,1945,09,19,12,00,44.1,-69,25,0
AL091945,UNNAMED,1945,09,19,18,00,45.1,-65,25,0
AL091945,UNNAMED,1945,09,20,00,00,45.6,-60.6,30,0
AL091945,UNNAMED,1945,09,20,06,00,46.3,-54.8,30,0
AL091945,UNNAMED,1945,09,20,12,00,47,-49,35,0
AL091945,UNNAMED,1945,09,20,18,00,47.9,-46.1,35,0
