id,name,year,month,day,hour,minute,lat,lon,max_sustained_wind_kts,sshws
AL091903,UNNAMED,1903,10,21,06,00,21.2,-72,30,0
AL091903,UNNAMED,1903,10,21,12,00,21.5,-72.5,30,0
AL091903,UNNAMED,1903,10,21,18,00,21.9,-72.9,30,0
AL091903,UNNAMED,1903,10,22,00,00,22.5,-73.3,30,0
AL091903,UNNAMED,1903,10,22,06,00,23.2,-73.6,30,0
AL091903,UNNAMED,1903,10,22,12,00,24,-74,30,0
AL091903,UNNAMED,1903,10,22,18,00,24.8,-74.2,30,0
AL091903,UNNAMED,1903,10,23,00,00,25.6,-74.3,30,0
AL091903,UNNAMED,1903,10,23,06,00,26.3,-74.3,30,0
AL091903,UNNAMED,1903,10,23,12,00,27,-74.3,35,0
AL091903,UNNAMED,1903,10,23,18,00,27.9,-74.5,40,0
AL091903,UNNAMED,1903,10,24,00,00,29,-74.8,45,0
AL091903,UNNAMED,1903,10,24,06,00,30.1,-75.1,50,0
AL091903,UNNAMED,1903,10,24,12,00,31.2,-75,50,0
AL091903,UNNAMED,1903,10,24,18,00,32.4,-74.5,50,0
AL091903,UNNAMED,1903,10,25,00,00,33.6,-73.1,50,0
AL091903,UNNAMED,1903,10,25,06,00,34.5,-71.5,50,0
AL091903,UNNAMED,1903,10,25,12,00,35.8,-69.5,50,0
AL091903,UNNAMED,1903,10,25,18,00,38,-66.9,50,0
AL091903,UNNAMED,1903,10,26,00,00,40.5,-63.7,50,0
AL091903,UNNAMED,1903,10,26,06,00,42.8,-60.4,50,0
AL091903,UNNAMED,1903,10,26,12,00,45,-57.5,45,0
AL091903,UNNAMED,1903,10,26,18,00,47.3,-55.4,40,0
AL091903,UNNAMED,1903,10,27,00,00,49.1,-53.7,40,0
AL091903,UNNAMED,1903,10,27,06,00,51.1,-52.4,40,0
AL091903,UNNAMED,1903,10,27,12,00,53,-51,35,0
AL091903,UNNAMED,1903,10,27,18,00,55.2,-49.5,35,0
