id,name,year,month,day,hour,minute,lat,lon,max_sustained_wind_kts,sshws
AL091892,UNNAMED,1892,10,21,00,00,23,-92.6,35,0
AL091892,UNNAMED,1892,10,21,06,00,23.2,-92.2,35,0
AL091892,UNNAMED,1892,10,21,12,00,23.5,-91.7,40,0
AL091892,UNNAMED,1892,10,21,18,00,23.7,-91.4,40,0
AL091892,UNNAMED,1892,10,22,00,00,23.9,-91,40,0
AL091892,UNNAMED,1892,10,22,06,00,24.2,-90.6,45,0
AL091892,UNNAMED,1892,10,22,12,00,24.6,-90,45,0
AL091892,UNNAMED,1892,10,22,18,00,25.1,-89.4,45,0
AL091892,UNNAMED,1892,10,23,00,00,25.5,-88.7,45,0
AL091892,UNNAMED,1892,10,23,06,00,25.9,-87.9,45,0
AL091892,UNNAMED,1892,10,23,12,00,26.2,-87.2,45,0
AL091892,UNNAMED,1892,10,23,18,00,26.6,-86.3,45,0
AL091892,UNNAMED,1892,10,24,00,00,26.9,-85.5,45,0
AL091892,UNNAMED,1892,10,24,06,00,27.1,-84.8,45,0
AL091892,UNNAMED,1892,10,24,12,00,27.3,-84,45,0
AL091892,UNNAMED,1892,10,24,18,00,27.6,-82.7,45,0
AL091892,UNNAMED,1892,10,24,19,00,27.6,-82.8,45,0
AL091892,UNNAMED,1892,10,25,00,00,28,-81,40,0
AL091892,UNNAMED,1892,10,25,06,00,28.3,-79.2,35,0
AL091892,UNNAMED,1892,10,25,12,00,28.5,-77.7,35,0
AL091892,UNNAMED,1892,10,25,18,00,28.6,-76.5,35,0
AL091892,UNNAMED,1892,10,26,00,00,28.8,-75.6,35,0
AL091892,UNNAMED,1892,10,26,06,00,29,-74.6,40,0
AL091892,UNNAMED,1892,10,26,12,00,29.3,-73.5,40,0
AL091892,UNNAMED,1892,10,26,18,00,29.7,-72.1,45,0
AL091892,UNNAMED,1892,10,27,00,00,30.5,-71,45,0
AL091892,UNNAMED,1892,10,27,06,00,31.2,-70.2,45,0
AL091892,UNNAMED,1892,10,27,12,00,32,-69.5,45,0
AL091892,UNNAMED,1892,10,27,18,00,32.7,-68.9,45,0
AL091892,UNNAMED,1892,10,28,00,00,33.3,-68.3,45,0
AL091892,UNNAMED,1892,10,28,06,00,34,-67.8,45,0
AL091892,UNNAMED,1892,10,28,12,00,34.7,-67.2,45,0
AL091892,UNNAMED,1892,10,28,18,00,35.8,-66.6,45,0
AL091892,UNNAMED,1892,10,29,00,00,36.6,-66.2,45,0
AL091892,UNNAMED,1892,10,29,06,00,37.5,-66,40,0
