AL091908	UNNAMED	1908	10	14	12	00	11.7	-78.5	30	0
AL091908	UNNAMED	1908	10	14	18	00	11.7	-78.8	30	0
AL091908	UNNAMED	1908	10	15	00	00	11.7	-79.2	35	0
AL091908	UNNAMED	1908	10	15	06	00	11.7	-79.6	40	0
AL091908	UNNAMED	1908	10	15	12	00	11.7	-80	45	0
AL091908	UNNAMED	1908	10	15	18	00	11.7	-80.3	45	0
AL091908	UNNAMED	1908	10	16	00	00	11.8	-80.7	50	0
AL091908	UNNAMED	1908	10	16	06	00	11.9	-81.1	60	0
AL091908	UNNAMED	1908	10	16	12	00	12	-81.5	65	1
AL091908	UNNAMED	1908	10	16	18	00	12.1	-81.8	70	1
AL091908	UNNAMED	1908	10	17	00	00	12.2	-82.1	75	1
AL091908	UNNAMED	1908	10	17	06	00	12.3	-82.4	80	1
AL091908	UNNAMED	1908	10	17	12	00	12.5	-82.7	85	2
AL091908	UNNAMED	1908	10	17	18	00	12.6	-83	90	2
AL091908	UNNAMED	1908	10	18	00	00	12.7	-83.4	90	2
AL091908	UNNAMED	1908	10	18	06	00	12.8	-83.7	65	1
AL091908	UNNAMED	1908	10	18	12	00	13	-84	50	0
AL091908	UNNAMED	1908	10	18	18	00	13.3	-84.3	35	0
AL091908	UNNAMED	1908	10	19	00	00	13.8	-84.8	30	0
AL091908	UNNAMED	1908	10	19	06	00	14.5	-85.5	25	0
