id,name,year,month,day,hour,minute,lat,lon,max_sustained_wind_kts,sshws
AL091974,BECKY,1974,08,26,12,00,27,-69,25,0
AL091974,BECKY,1974,08,26,18,00,27.4,-69.3,30,0
AL091974,BECKY,1974,08,27,00,00,28,-69.5,30,0
AL091974,BECKY,1974,08,27,06,00,29,-69.7,30,0
AL091974,BECKY,1974,08,27,12,00,30,-69.8,30,0
AL091974,BECKY,1974,08,27,18,00,30.8,-69.8,30,0
AL091974,BECKY,1974,08,28,00,00,31.5,-69.5,30,0
AL091974,BECKY,1974,08,28,06,00,32.1,-69,35,0
AL091974,BECKY,1974,08,28,12,00,32.7,-68.5,50,0
AL091974,BECKY,1974,08,28,18,00,33.7,-67.8,65,1
AL091974,BECKY,1974,08,29,00,00,34.5,-67.2,65,1
AL091974,BECKY,1974,08,29,06,00,35.3,-66.1,80,1
AL091974,BECKY,1974,08,29,12,00,36,-65,85,2
AL091974,BECKY,1974,08,29,18,00,36.5,-63.9,90,2
AL091974,BECKY,1974,08,30,00,00,37,-62.8,95,2
AL091974,BECKY,1974,08,30,06,00,37.3,-61.8,100,3
AL091974,BECKY,1974,08,30,12,00,38,-61,100,3
AL091974,BECKY,1974,08,30,18,00,38.5,-60.2,100,3
AL091974,BECKY,1974,08,31,00,00,39.3,-59.2,100,3
AL091974,BECKY,1974,08,31,06,00,40,-58,100,3
AL091974,BECKY,1974,08,31,12,00,40.3,-56,100,3
AL091974,BECKY,1974,08,31,18,00,41,-54.5,95,2
AL091974,BECKY,1974,09,01,00,00,41.7,-52.7,90,2
AL091974,BECKY,1974,09,01,06,00,42.1,-50.4,85,2
AL091974,BECKY,1974,09,01,12,00,42.7,-47.8,80,1
AL091974,BECKY,1974,09,01,18,00,43,-44.5,70,1
AL091974,BECKY,1974,09,02,00,00,43.1,-40.8,60,0
AL091974,BECKY,1974,09,02,06,00,43,-36,40,0
