id,name,year,month,day,hour,minute,lat,lon,max_sustained_wind_kts,sshws
AL091924,UNNAMED,1924,10,11,12,00,25.5,-88,30,0
AL091924,UNNAMED,1924,10,11,18,00,25.9,-88.1,35,0
AL091924,UNNAMED,1924,10,12,00,00,26.3,-88.3,40,0
AL091924,UNNAMED,1924,10,12,06,00,26.6,-88.6,45,0
AL091924,UNNAMED,1924,10,12,12,00,26.7,-89,50,0
AL091924,UNNAMED,1924,10,12,18,00,26.3,-89.6,50,0
AL091924,UNNAMED,1924,10,13,00,00,25.7,-90.5,50,0
AL091924,UNNAMED,1924,10,13,06,00,24.9,-91.6,50,0
AL091924,UNNAMED,1924,10,13,12,00,24.2,-92.4,50,0
AL091924,UNNAMED,1924,10,13,18,00,23.7,-93.2,50,0
AL091924,UNNAMED,1924,10,14,00,00,23.3,-94,50,0
AL091924,UNNAMED,1924,10,14,06,00,22.9,-94.8,50,0
AL091924,UNNAMED,1924,10,14,12,00,22.5,-95.6,50,0
AL091924,UNNAMED,1924,10,14,18,00,22,-96.4,50,0
AL091924,UNNAMED,1924,10,15,00,00,21.5,-97.2,50,0
AL091924,UNNAMED,1924,10,15,06,00,21,-98,30,0
