id,name,year,month,day,hour,minute,lat,lon,max_sustained_wind_kts,sshws
AL092009,GRACE,2009,09,27,18,00,46,-43.2,55,0
AL092009,GRACE,2009,09,28,00,00,45.3,-42.9,50,0
AL092009,GRACE,2009,09,28,06,00,44.7,-42,45,0
AL092009,GRACE,2009,09,28,12,00,44,-40.3,45,0
AL092009,GRACE,2009,09,28,18,00,43.8,-38.7,40,0
AL092009,GRACE,2009,09,29,00,00,43.6,-37.1,40,0
AL092009,GRACE,2009,09,29,06,00,43.4,-35.8,35,0
AL092009,GRACE,2009,09,29,12,00,42.9,-35.3,35,0
AL092009,GRACE,2009,09,29,18,00,42.3,-35.2,35,0
AL092009,GRACE,2009,09,30,00,00,41.4,-35.4,35,0
AL092009,GRACE,2009,09,30,06,00,40.3,-35.3,35,0
AL092009,GRACE,2009,09,30,12,00,38.7,-34.6,40,0
AL092009,GRACE,2009,09,30,18,00,37.4,-33.2,40,0
AL092009,GRACE,2009,10,01,00,00,36.6,-31.5,40,0
AL092009,GRACE,2009,10,01,06,00,36.7,-29.7,40,0
AL092009,GRACE,2009,10,01,12,00,37.7,-28.7,40,0
AL092009,GRACE,2009,10,01,18,00,38.6,-28.5,40,0
AL092009,GRACE,2009,10,02,00,00,39.3,-28.8,35,0
AL092009,GRACE,2009,10,02,06,00,39.7,-29.4,35,0
AL092009,GRACE,2009,10,02,12,00,40.2,-30,35,0
AL092009,GRACE,2009,10,02,18,00,40.9,-30.4,40,0
AL092009,GRACE,2009,10,03,00,00,41.4,-31,40,0
AL092009,GRACE,2009,10,03,06,00,41.4,-31.9,35,0
AL092009,GRACE,2009,10,03,12,00,40.8,-32.5,35,0
AL092009,GRACE,2009,10,03,18,00,39.9,-32.3,40,0
AL092009,GRACE,2009,10,04,00,00,39.1,-31.3,40,0
AL092009,GRACE,2009,10,04,06,00,38.5,-29.5,40,0
AL092009,GRACE,2009,10,04,12,00,38.3,-26.8,45,0
AL092009,GRACE,2009,10,04,18,00,38.8,-23.9,50,0
AL092009,GRACE,2009,10,05,00,00,40.2,-21.3,55,0
AL092009,GRACE,2009,10,05,06,00,42,-19,55,0
AL092009,GRACE,2009,10,05,12,00,44.3,-17.1,55,0
AL092009,GRACE,2009,10,05,18,00,46.6,-15.5,50,0
AL092009,GRACE,2009,10,06,00,00,48.8,-14.3,45,0
AL092009,GRACE,2009,10,06,06,00,50,-12.7,40,0
AL092009,GRACE,2009,10,06,12,00,50.4,-10.6,35,0
AL092009,GRACE,2009,10,06,18,00,50.8,-7.7,30,0
