id,name,year,month,day,hour,minute,lat,lon,max_sustained_wind_kts,sshws
AL091948,UNNAMED,1948,10,03,12,00,16.7,-83.5,30,0
AL091948,UNNAMED,1948,10,03,18,00,17.4,-84.3,30,0
AL091948,UNNAMED,1948,10,04,00,00,18.1,-84.7,35,0
AL091948,UNNAMED,1948,10,04,06,00,18.8,-85,45,0
AL091948,UNNAMED,1948,10,04,12,00,19.5,-85.2,55,0
AL091948,UNNAMED,1948,10,04,18,00,20.2,-85,70,1
AL091948,UNNAMED,1948,10,05,00,00,21.2,-84.2,90,2
AL091948,UNNAMED,1948,10,05,06,00,22.3,-83.3,110,3
AL091948,UNNAMED,1948,10,05,07,00,22.4,-83.2,110,3
AL091948,UNNAMED,1948,10,05,12,00,23.5,-82.3,105,3
AL091948,UNNAMED,1948,10,05,18,00,24.7,-81.2,90,2
AL091948,UNNAMED,1948,10,05,20,00,25.1,-80.9,90,2
AL091948,UNNAMED,1948,10,06,00,00,25.8,-80.2,80,1
AL091948,UNNAMED,1948,10,06,06,00,26.8,-79.2,85,2
AL091948,UNNAMED,1948,10,06,12,00,27.7,-77.9,85,2
AL091948,UNNAMED,1948,10,06,18,00,28.7,-76.4,85,2
AL091948,UNNAMED,1948,10,07,00,00,29.7,-74.7,85,2
AL091948,UNNAMED,1948,10,07,06,00,30.7,-72.8,85,2
AL091948,UNNAMED,1948,10,07,12,00,31.4,-70,90,2
AL091948,UNNAMED,1948,10,07,18,00,31.9,-67,90,2
AL091948,UNNAMED,1948,10,07,22,00,32.3,-64.9,90,2
AL091948,UNNAMED,1948,10,08,00,00,32.4,-63.6,90,2
AL091948,UNNAMED,1948,10,08,06,00,32.5,-60.1,80,1
AL091948,UNNAMED,1948,10,08,12,00,32.4,-56.6,75,1
AL091948,UNNAMED,1948,10,08,18,00,32.1,-53.2,70,1
AL091948,UNNAMED,1948,10,09,00,00,31.8,-51,65,1
AL091948,UNNAMED,1948,10,09,06,00,31.4,-49.2,60,0
AL091948,UNNAMED,1948,10,09,12,00,31,-47.5,55,0
AL091948,UNNAMED,1948,10,09,18,00,31,-45.8,55,0
AL091948,UNNAMED,1948,10,10,00,00,31.2,-44.1,50,0
AL091948,UNNAMED,1948,10,10,06,00,31.5,-42.4,50,0
AL091948,UNNAMED,1948,10,10,12,00,31.8,-41,45,0
AL091948,UNNAMED,1948,10,10,18,00,31.8,-40,50,0
AL091948,UNNAMED,1948,10,11,00,00,32,-39.3,50,0
AL091948,UNNAMED,1948,10,11,06,00,31.8,-38.7,50,0
AL091948,UNNAMED,1948,10,11,12,00,31.5,-38.2,45,0
AL091948,UNNAMED,1948,10,11,18,00,31,-38,45,0
AL091948,UNNAMED,1948,10,12,00,00,30.6,-38.2,45,0
AL091948,UNNAMED,1948,10,12,06,00,30.3,-38.5,45,0
AL091948,UNNAMED,1948,10,12,12,00,30.2,-39,45,0
AL091948,UNNAMED,1948,10,12,18,00,30.2,-39.6,40,0
AL091948,UNNAMED,1948,10,13,00,00,30.3,-40.3,40,0
AL091948,UNNAMED,1948,10,13,06,00,30.5,-40.7,35,0
AL091948,UNNAMED,1948,10,13,12,00,30.8,-41.3,35,0
AL091948,UNNAMED,1948,10,13,18,00,31.2,-42.6,40,0
AL091948,UNNAMED,1948,10,14,00,00,31.6,-43.9,45,0
AL091948,UNNAMED,1948,10,14,06,00,32.1,-45.2,50,0
AL091948,UNNAMED,1948,10,14,12,00,32.6,-46.4,55,0
AL091948,UNNAMED,1948,10,14,18,00,33.4,-47,60,0
AL091948,UNNAMED,1948,10,15,00,00,34.4,-47.5,60,0
AL091948,UNNAMED,1948,10,15,06,00,35.4,-47.8,55,0
AL091948,UNNAMED,1948,10,15,12,00,36.4,-47.7,55,0
AL091948,UNNAMED,1948,10,15,18,00,38,-47.9,50,0
AL091948,UNNAMED,1948,10,16,00,00,40.7,-46.6,50,0
AL091948,UNNAMED,1948,10,16,06,00,43.7,-43,45,0
AL091948,UNNAMED,1948,10,16,12,00,46.5,-37.5,40,0
