AL091991	FABIAN	1991	10	15	00	00	18.9	-85.7	25	0
AL091991	FABIAN	1991	10	15	06	00	19.5	-85.1	30	0
AL091991	FABIAN	1991	10	15	12	00	20.3	-84.1	35	0
AL091991	FABIAN	1991	10	15	18	00	21.2	-83.1	40	0
AL091991	FABIAN	1991	10	15	21	00	21.5	-82.8	40	0
AL091991	FABIAN	1991	10	16	00	00	22.4	-81.8	40	0
AL091991	FABIAN	1991	10	16	06	00	23.9	-80.8	40	0
AL091991	FABIAN	1991	10	16	08	34	24.5	-80.5	40	0
AL091991	FABIAN	1991	10	16	12	00	25.2	-79.8	40	0
AL091991	FABIAN	1991	10	16	18	00	26.5	-78.5	40	0
AL091991	FABIAN	1991	10	17	00	00	30	-75.5	40	0
