AL091997	GRACE	1997	10	14	12	00	20	-68.7	30	0
AL091997	GRACE	1997	10	14	18	00	20.3	-69.8	30	0
AL091997	GRACE	1997	10	15	00	00	20.3	-69.6	35	0
AL091997	GRACE	1997	10	15	06	00	20.3	-68.9	35	0
AL091997	GRACE	1997	10	15	12	00	20.6	-68	40	0
AL091997	GRACE	1997	10	15	18	00	20.8	-66.5	40	0
AL091997	GRACE	1997	10	16	00	00	21.2	-64.4	40	0
AL091997	GRACE	1997	10	16	06	00	21.6	-61.6	35	0
AL091997	GRACE	1997	10	16	12	00	22.4	-58.8	35	0
AL091997	GRACE	1997	10	16	18	00	23.6	-56.2	35	0
AL091997	GRACE	1997	10	17	00	00	24	-53.6	35	0
AL091997	GRACE	1997	10	17	06	00	24.3	-50.5	35	0
AL091997	GRACE	1997	10	17	12	00	24.5	-47.3	30	0
