id,name,year,month,day,hour,minute,lat,lon,max_sustained_wind_kts,sshws
AL091981,CINDY,1981,08,02,18,00,36.1,-67.8,30,0
AL091981,CINDY,1981,08,03,00,00,36.7,-67.1,30,0
AL091981,CINDY,1981,08,03,06,00,37.4,-66.2,30,0
AL091981,CINDY,1981,08,03,12,00,38.3,-65.7,30,0
AL091981,CINDY,1981,08,03,18,00,38.7,-64.9,40,0
AL091981,CINDY,1981,08,04,00,00,39,-63.8,50,0
AL091981,CINDY,1981,08,04,06,00,39.4,-62.2,50,0
AL091981,CINDY,1981,08,04,12,00,40.4,-60.7,50,0
AL091981,CINDY,1981,08,04,18,00,41.3,-58.4,50,0
AL091981,CINDY,1981,08,05,00,00,42.2,-55.7,45,0
AL091981,CINDY,1981,08,05,06,00,43.3,-52.7,40,0
AL091981,CINDY,1981,08,05,12,00,44.1,-50.4,30,0
