id,name,year,month,day,hour,minute,lat,lon,max_sustained_wind_kts,sshws
AL091906,UNNAMED,1906,10,14,06,00,33.7,-62,35,0
AL091906,UNNAMED,1906,10,14,12,00,33.7,-63.5,35,0
AL091906,UNNAMED,1906,10,14,18,00,33.7,-65.1,35,0
AL091906,UNNAMED,1906,10,15,00,00,33.6,-66.9,40,0
AL091906,UNNAMED,1906,10,15,06,00,33.4,-68.2,40,0
AL091906,UNNAMED,1906,10,15,12,00,33.2,-69.7,45,0
AL091906,UNNAMED,1906,10,15,18,00,32.7,-71.4,45,0
AL091906,UNNAMED,1906,10,16,00,00,32.1,-73.1,45,0
AL091906,UNNAMED,1906,10,16,06,00,31.2,-74.9,45,0
AL091906,UNNAMED,1906,10,16,12,00,30.5,-76.5,45,0
AL091906,UNNAMED,1906,10,16,18,00,30.1,-77.3,40,0
AL091906,UNNAMED,1906,10,17,00,00,29.9,-78,40,0
AL091906,UNNAMED,1906,10,17,06,00,29.6,-78.7,35,0
AL091906,UNNAMED,1906,10,17,12,00,29.3,-79.5,30,0
AL091906,UNNAMED,1906,10,17,18,00,28.8,-80.6,25,0
