AL091943	UNNAMED	1943	10	11	06	00	12.7	-60.5	45	0
AL091943	UNNAMED	1943	10	11	12	00	12.7	-61	50	0
AL091943	UNNAMED	1943	10	11	18	00	12.8	-61.5	50	0
AL091943	UNNAMED	1943	10	12	00	00	12.8	-62	55	0
AL091943	UNNAMED	1943	10	12	06	00	12.9	-62.5	60	0
AL091943	UNNAMED	1943	10	12	12	00	13	-63	65	1
AL091943	UNNAMED	1943	10	12	18	00	13.2	-63.5	70	1
AL091943	UNNAMED	1943	10	13	00	00	13.4	-64	70	1
AL091943	UNNAMED	1943	10	13	06	00	13.6	-64.5	75	1
AL091943	UNNAMED	1943	10	13	12	00	14	-65	75	1
AL091943	UNNAMED	1943	10	13	18	00	14.5	-65.5	75	1
AL091943	UNNAMED	1943	10	14	00	00	15.1	-66	75	1
AL091943	UNNAMED	1943	10	14	06	00	15.7	-66.5	80	1
AL091943	UNNAMED	1943	10	14	12	00	16.5	-67	80	1
AL091943	UNNAMED	1943	10	14	18	00	17.5	-67.5	80	1
AL091943	UNNAMED	1943	10	15	00	00	18.7	-68	80	1
AL091943	UNNAMED	1943	10	15	06	00	20	-68.4	85	2
AL091943	UNNAMED	1943	10	15	12	00	21.5	-68.5	85	2
AL091943	UNNAMED	1943	10	15	18	00	23.1	-68.5	90	2
AL091943	UNNAMED	1943	10	16	00	00	24.8	-68.4	90	2
AL091943	UNNAMED	1943	10	16	06	00	26.6	-68.2	95	2
AL091943	UNNAMED	1943	10	16	12	00	28.7	-68	95	2
AL091943	UNNAMED	1943	10	16	18	00	31	-67.8	95	2
AL091943	UNNAMED	1943	10	17	00	00	33.6	-67.5	60	0
AL091943	UNNAMED	1943	10	17	06	00	37	-67	45	0
