id,name,year,month,day,hour,minute,lat,lon,max_sustained_wind_kts,sshws
AL091995,HUMBERTO,1995,08,22,00,00,13.2,-33,30,0
AL091995,HUMBERTO,1995,08,22,06,00,13.7,-34.3,35,0
AL091995,HUMBERTO,1995,08,22,12,00,14.2,-35.2,45,0
AL091995,HUMBERTO,1995,08,22,18,00,14.6,-36.2,50,0
AL091995,HUMBERTO,1995,08,23,00,00,14.8,-37.3,60,0
AL091995,HUMBERTO,1995,08,23,06,00,14.9,-38.3,65,1
AL091995,HUMBERTO,1995,08,23,12,00,15,-39.2,70,1
AL091995,HUMBERTO,1995,08,23,18,00,15.1,-40.3,75,1
AL091995,HUMBERTO,1995,08,24,00,00,15.2,-41,80,1
AL091995,HUMBERTO,1995,08,24,06,00,15.3,-41.9,85,2
AL091995,HUMBERTO,1995,08,24,12,00,15.4,-42.6,90,2
AL091995,HUMBERTO,1995,08,24,18,00,15.7,-43.2,95,2
AL091995,HUMBERTO,1995,08,25,00,00,16.1,-43.8,90,2
AL091995,HUMBERTO,1995,08,25,06,00,16.7,-44.4,90,2
AL091995,HUMBERTO,1995,08,25,12,00,17.6,-45.1,90,2
AL091995,HUMBERTO,1995,08,25,18,00,18.5,-45.9,90,2
AL091995,HUMBERTO,1995,08,26,00,00,19.4,-46.6,90,2
AL091995,HUMBERTO,1995,08,26,06,00,20,-47.2,90,2
AL091995,HUMBERTO,1995,08,26,12,00,20.6,-47.6,85,2
AL091995,HUMBERTO,1995,08,26,18,00,21.4,-48,80,1
AL091995,HUMBERTO,1995,08,27,00,00,22.2,-48.2,80,1
AL091995,HUMBERTO,1995,08,27,06,00,22.9,-48,75,1
AL091995,HUMBERTO,1995,08,27,12,00,24.1,-48.2,70,1
AL091995,HUMBERTO,1995,08,27,18,00,25.4,-48.4,70,1
AL091995,HUMBERTO,1995,08,28,00,00,26.4,-48.6,65,1
AL091995,HUMBERTO,1995,08,28,06,00,27.1,-48.8,65,1
AL091995,HUMBERTO,1995,08,28,12,00,27.7,-49.1,65,1
AL091995,HUMBERTO,1995,08,28,18,00,28.4,-49.3,65,1
AL091995,HUMBERTO,1995,08,29,00,00,29,-49.4,65,1
AL091995,HUMBERTO,1995,08,29,06,00,29.5,-49.4,70,1
AL091995,HUMBERTO,1995,08,29,12,00,30,-49.2,75,1
AL091995,HUMBERTO,1995,08,29,18,00,30.6,-48.9,75,1
AL091995,HUMBERTO,1995,08,30,00,00,31.3,-48.3,80,1
AL091995,HUMBERTO,1995,08,30,06,00,32.8,-47.1,80,1
AL091995,HUMBERTO,1995,08,30,12,00,34,-45.7,80,1
AL091995,HUMBERTO,1995,08,30,18,00,35.2,-44,80,1
AL091995,HUMBERTO,1995,08,31,00,00,36,-41.9,80,1
AL091995,HUMBERTO,1995,08,31,06,00,37.1,-40,80,1
AL091995,HUMBERTO,1995,08,31,12,00,38.3,-39,70,1
AL091995,HUMBERTO,1995,08,31,18,00,39.1,-38.2,60,0
AL091995,HUMBERTO,1995,09,01,00,00,40,-37,45,0
