id,name,year,month,day,hour,minute,lat,lon,max_sustained_wind_kts,sshws
AL091898,UNNAMED,1898,10,02,06,00,11.4,-57.7,50,0
AL091898,UNNAMED,1898,10,02,12,00,11.7,-58.3,50,0
AL091898,UNNAMED,1898,10,02,18,00,12,-58.8,50,0
AL091898,UNNAMED,1898,10,03,00,00,12.3,-59.5,50,0
AL091898,UNNAMED,1898,10,03,06,00,12.7,-60.2,50,0
AL091898,UNNAMED,1898,10,03,12,00,13,-61.2,50,0
AL091898,UNNAMED,1898,10,03,18,00,13.3,-62.3,50,0
AL091898,UNNAMED,1898,10,04,00,00,13.7,-63.4,50,0
AL091898,UNNAMED,1898,10,04,06,00,14.1,-64.6,50,0
AL091898,UNNAMED,1898,10,04,12,00,14.4,-65.7,50,0
AL091898,UNNAMED,1898,10,04,18,00,14.7,-66.9,50,0
AL091898,UNNAMED,1898,10,05,00,00,14.9,-68.1,50,0
AL091898,UNNAMED,1898,10,05,06,00,15.1,-69.2,50,0
AL091898,UNNAMED,1898,10,05,12,00,15.3,-70.3,50,0
AL091898,UNNAMED,1898,10,05,18,00,15.6,-71.3,50,0
AL091898,UNNAMED,1898,10,06,00,00,15.8,-72.3,50,0
AL091898,UNNAMED,1898,10,06,06,00,15.9,-73.2,50,0
AL091898,UNNAMED,1898,10,06,12,00,16.1,-74.2,50,0
AL091898,UNNAMED,1898,10,06,18,00,16.2,-75.2,50,0
AL091898,UNNAMED,1898,10,07,00,00,16.3,-76,50,0
AL091898,UNNAMED,1898,10,07,06,00,16.4,-76.8,50,0
AL091898,UNNAMED,1898,10,07,12,00,16.7,-77.7,50,0
AL091898,UNNAMED,1898,10,07,18,00,17,-78.3,50,0
AL091898,UNNAMED,1898,10,08,00,00,17.4,-78.9,50,0
AL091898,UNNAMED,1898,10,08,06,00,17.8,-79.5,50,0
AL091898,UNNAMED,1898,10,08,12,00,18.3,-80,50,0
AL091898,UNNAMED,1898,10,08,18,00,18.6,-80.4,50,0
AL091898,UNNAMED,1898,10,09,00,00,19.1,-80.9,50,0
AL091898,UNNAMED,1898,10,09,06,00,19.7,-81.3,50,0
AL091898,UNNAMED,1898,10,09,12,00,20.3,-81.7,50,0
AL091898,UNNAMED,1898,10,09,18,00,20.7,-81.9,50,0
AL091898,UNNAMED,1898,10,10,00,00,21.2,-82.1,50,0
AL091898,UNNAMED,1898,10,10,06,00,21.7,-82.2,50,0
AL091898,UNNAMED,1898,10,10,12,00,22.3,-82.2,50,0
AL091898,UNNAMED,1898,10,10,18,00,22.9,-82.1,45,0
AL091898,UNNAMED,1898,10,11,00,00,23.4,-81.6,50,0
AL091898,UNNAMED,1898,10,11,06,00,23.9,-80.8,55,0
AL091898,UNNAMED,1898,10,11,12,00,24.5,-80,60,0
AL091898,UNNAMED,1898,10,11,18,00,26,-79.2,60,0
AL091898,UNNAMED,1898,10,12,00,00,27.9,-78,60,0
AL091898,UNNAMED,1898,10,12,06,00,29.2,-76.7,60,0
AL091898,UNNAMED,1898,10,12,12,00,30.5,-75.3,55,0
AL091898,UNNAMED,1898,10,12,18,00,31.8,-73.5,50,0
AL091898,UNNAMED,1898,10,13,00,00,33.4,-71.4,50,0
AL091898,UNNAMED,1898,10,13,06,00,34.1,-69.8,50,0
AL091898,UNNAMED,1898,10,13,12,00,34.7,-68.2,50,0
AL091898,UNNAMED,1898,10,13,18,00,35.1,-66.7,50,0
AL091898,UNNAMED,1898,10,14,00,00,35.4,-65.3,50,0
AL091898,UNNAMED,1898,10,14,06,00,35.8,-63.9,50,0
AL091898,UNNAMED,1898,10,14,12,00,36.2,-62.7,50,0
AL091898,UNNAMED,1898,10,14,18,00,37.2,-61.6,50,0
