AL091976	CANDICE	1976	08	18	12	00	31.7	-68.2	30	0
AL091976	CANDICE	1976	08	18	18	00	33.4	-67.5	35	0
AL091976	CANDICE	1976	08	19	00	00	35.2	-66.4	40	0
AL091976	CANDICE	1976	08	19	06	00	36.7	-65.7	40	0
AL091976	CANDICE	1976	08	19	12	00	37.7	-65	40	0
AL091976	CANDICE	1976	08	19	18	00	38.2	-64	40	0
AL091976	CANDICE	1976	08	20	00	00	38.8	-63.7	35	0
AL091976	CANDICE	1976	08	20	06	00	39.7	-63.3	35	0
AL091976	CANDICE	1976	08	20	12	00	40.2	-62	35	0
AL091976	CANDICE	1976	08	20	18	00	40.8	-61	40	0
AL091976	CANDICE	1976	08	21	00	00	41.1	-59.8	40	0
AL091976	CANDICE	1976	08	21	06	00	41.2	-59.3	65	1
AL091976	CANDICE	1976	08	21	12	00	41	-59	65	1
AL091976	CANDICE	1976	08	21	18	00	40.5	-58.7	65	1
AL091976	CANDICE	1976	08	22	00	00	40.3	-58.2	65	1
AL091976	CANDICE	1976	08	22	06	00	40.8	-57.8	70	1
AL091976	CANDICE	1976	08	22	12	00	41	-57	70	1
AL091976	CANDICE	1976	08	22	18	00	41.3	-56.4	80	1
AL091976	CANDICE	1976	08	23	00	00	41.7	-55.5	80	1
AL091976	CANDICE	1976	08	23	06	00	42.4	-54.3	80	1
AL091976	CANDICE	1976	08	23	12	00	43.1	-53.2	80	1
AL091976	CANDICE	1976	08	23	18	00	44.4	-51.2	80	1
AL091976	CANDICE	1976	08	24	00	00	45.9	-48.7	80	1
AL091976	CANDICE	1976	08	24	06	00	47.3	-45.5	65	1
AL091976	CANDICE	1976	08	24	12	00	49.9	-42.8	65	1
