AL091990	HORTENSE	1990	08	25	00	00	12.5	-35	25	0
AL091990	HORTENSE	1990	08	25	06	00	12.9	-36.1	30	0
AL091990	HORTENSE	1990	08	25	12	00	13.3	-37.3	30	0
AL091990	HORTENSE	1990	08	25	18	00	13.7	-38.5	30	0
AL091990	HORTENSE	1990	08	26	00	00	13.9	-39.4	30	0
AL091990	HORTENSE	1990	08	26	06	00	14.4	-40	35	0
AL091990	HORTENSE	1990	08	26	12	00	15.4	-40.2	35	0
AL091990	HORTENSE	1990	08	26	18	00	16.5	-40.3	40	0
AL091990	HORTENSE	1990	08	27	00	00	17.4	-40.5	40	0
AL091990	HORTENSE	1990	08	27	06	00	18.1	-41	45	0
AL091990	HORTENSE	1990	08	27	12	00	18.9	-41.7	45	0
AL091990	HORTENSE	1990	08	27	18	00	20	-42.5	50	0
AL091990	HORTENSE	1990	08	28	00	00	21	-43.2	50	0
AL091990	HORTENSE	1990	08	28	06	00	21.7	-43.6	55	0
AL091990	HORTENSE	1990	08	28	12	00	22.3	-44.1	55	0
AL091990	HORTENSE	1990	08	28	18	00	22.8	-44.9	55	0
AL091990	HORTENSE	1990	08	29	00	00	23.5	-45.7	55	0
AL091990	HORTENSE	1990	08	29	06	00	24.4	-46.6	50	0
AL091990	HORTENSE	1990	08	29	12	00	25.4	-47.6	45	0
AL091990	HORTENSE	1990	08	29	18	00	26.6	-48.6	35	0
AL091990	HORTENSE	1990	08	30	00	00	27.9	-49.5	30	0
AL091990	HORTENSE	1990	08	30	06	00	29.3	-50.2	30	0
AL091990	HORTENSE	1990	08	30	12	00	31	-50.9	30	0
AL091990	HORTENSE	1990	08	30	18	00	32.8	-51.6	25	0
AL091990	HORTENSE	1990	08	31	00	00	34.4	-51.7	25	0
AL091990	HORTENSE	1990	08	31	06	00	36.2	-51.2	20	0
