AL091953	GAIL	1953	10	02	06	00	13.1	-35.5	30	0
AL091953	GAIL	1953	10	02	12	00	13.5	-37	45	0
AL091953	GAIL	1953	10	02	18	00	13.8	-38.5	50	0
AL091953	GAIL	1953	10	03	00	00	14.1	-40	55	0
AL091953	GAIL	1953	10	03	06	00	14.6	-41.4	60	0
AL091953	GAIL	1953	10	03	12	00	14.8	-42.8	65	1
AL091953	GAIL	1953	10	03	18	00	14.6	-44.2	70	1
AL091953	GAIL	1953	10	04	00	00	14.3	-45.3	65	1
AL091953	GAIL	1953	10	04	06	00	14.1	-45.8	50	0
AL091953	GAIL	1953	10	04	12	00	13.8	-46.1	45	0
AL091953	GAIL	1953	10	04	18	00	13.3	-46.7	40	0
AL091953	GAIL	1953	10	05	00	00	12.8	-47.2	35	0
AL091953	GAIL	1953	10	05	06	00	12.4	-47.6	35	0
AL091953	GAIL	1953	10	05	12	00	12.1	-48	30	0
AL091953	GAIL	1953	10	05	18	00	11.7	-48.3	25	0
