id,name,year,month,day,hour,minute,lat,lon,max_sustained_wind_kts,sshws
AL091944,UNNAMED,1944,09,21,12,00,17.1,-41.5,35,0
AL091944,UNNAMED,1944,09,21,18,00,17.2,-43.5,35,0
AL091944,UNNAMED,1944,09,22,00,00,17.4,-45.6,35,0
AL091944,UNNAMED,1944,09,22,06,00,17.7,-47.7,35,0
AL091944,UNNAMED,1944,09,22,12,00,18.2,-49.7,40,0
AL091944,UNNAMED,1944,09,22,18,00,19,-51.4,40,0
AL091944,UNNAMED,1944,09,23,00,00,19.8,-52.7,45,0
AL091944,UNNAMED,1944,09,23,06,00,21.3,-54.1,45,0
AL091944,UNNAMED,1944,09,23,12,00,23,-55.1,50,0
AL091944,UNNAMED,1944,09,23,18,00,24.4,-55.7,55,0
AL091944,UNNAMED,1944,09,24,00,00,25.8,-55.9,55,0
AL091944,UNNAMED,1944,09,24,06,00,27.4,-55.9,60,0
AL091944,UNNAMED,1944,09,24,12,00,29.2,-55.8,65,1
AL091944,UNNAMED,1944,09,24,18,00,31.2,-55.5,70,1
AL091944,UNNAMED,1944,09,25,00,00,33.2,-55,75,1
AL091944,UNNAMED,1944,09,25,06,00,35.2,-54.1,80,1
AL091944,UNNAMED,1944,09,25,12,00,37,-53.5,85,2
AL091944,UNNAMED,1944,09,25,18,00,38.2,-53.3,80,1
AL091944,UNNAMED,1944,09,26,00,00,39.2,-53.3,75,1
AL091944,UNNAMED,1944,09,26,06,00,40.2,-53.2,70,1
AL091944,UNNAMED,1944,09,26,12,00,41.5,-53,60,0
AL091944,UNNAMED,1944,09,26,18,00,43.5,-52,55,0
AL091944,UNNAMED,1944,09,27,00,00,46.5,-50,55,0
AL091944,UNNAMED,1944,09,27,06,00,50,-47.2,50,0
AL091944,UNNAMED,1944,09,27,12,00,53,-43.9,50,0
AL091944,UNNAMED,1944,09,27,18,00,55.5,-40,45,0
AL091944,UNNAMED,1944,09,28,00,00,57.8,-34.7,45,0
AL091944,UNNAMED,1944,09,28,06,00,59.6,-28.5,40,0
AL091944,UNNAMED,1944,09,28,12,00,61.4,-22.4,40,0
