id,name,year,month,day,hour,minute,lat,lon,max_sustained_wind_kts,sshws
AL091949,UNNAMED,1949,09,20,12,00,26,-91.8,35,0
AL091949,UNNAMED,1949,09,20,18,00,26.4,-92.3,35,0
AL091949,UNNAMED,1949,09,21,00,00,26.6,-92.8,40,0
AL091949,UNNAMED,1949,09,21,06,00,26.6,-93.3,40,0
AL091949,UNNAMED,1949,09,21,12,00,26.6,-93.5,45,0
AL091949,UNNAMED,1949,09,21,18,00,26.6,-94,50,0
AL091949,UNNAMED,1949,09,22,00,00,26.2,-94.4,50,0
AL091949,UNNAMED,1949,09,22,06,00,25.8,-94.5,50,0
AL091949,UNNAMED,1949,09,22,12,00,25.6,-94.5,50,0
AL091949,UNNAMED,1949,09,22,18,00,25.5,-94.3,50,0
AL091949,UNNAMED,1949,09,23,00,00,25.3,-94,50,0
AL091949,UNNAMED,1949,09,23,06,00,24.8,-94.1,50,0
AL091949,UNNAMED,1949,09,23,12,00,24,-94.2,50,0
AL091949,UNNAMED,1949,09,23,18,00,22.8,-94.6,55,0
AL091949,UNNAMED,1949,09,24,00,00,22.2,-95.2,60,0
AL091949,UNNAMED,1949,09,24,06,00,22,-95.7,65,1
AL091949,UNNAMED,1949,09,24,12,00,21.9,-96.1,70,1
AL091949,UNNAMED,1949,09,24,18,00,21.9,-96.5,75,1
AL091949,UNNAMED,1949,09,25,00,00,21.6,-96.7,80,1
AL091949,UNNAMED,1949,09,25,06,00,21.2,-96.8,80,1
AL091949,UNNAMED,1949,09,25,12,00,20.9,-96.6,80,1
AL091949,UNNAMED,1949,09,25,18,00,20.6,-96.4,75,1
AL091949,UNNAMED,1949,09,26,00,00,20.3,-96.2,65,1
AL091949,UNNAMED,1949,09,26,06,00,19.7,-96.3,55,0
AL091949,UNNAMED,1949,09,26,08,00,19.5,-96.3,55,0
AL091949,UNNAMED,1949,09,26,12,00,19,-96.3,35,0
AL091949,UNNAMED,1949,09,26,18,00,18.1,-96.5,20,0
