id,name,year,month,day,hour,minute,lat,lon,max_sustained_wind_kts,sshws
AL091975,UNNAMED,1975,09,03,12,00,13.5,-24,20,0
AL091975,UNNAMED,1975,09,03,18,00,13.8,-25.2,25,0
AL091975,UNNAMED,1975,09,04,00,00,14.2,-26.5,25,0
AL091975,UNNAMED,1975,09,04,06,00,14.6,-27.8,30,0
AL091975,UNNAMED,1975,09,04,12,00,15,-29,30,0
AL091975,UNNAMED,1975,09,04,18,00,15.4,-30.2,30,0
AL091975,UNNAMED,1975,09,05,00,00,15.8,-31.5,30,0
AL091975,UNNAMED,1975,09,05,06,00,16.2,-32.8,30,0
AL091975,UNNAMED,1975,09,05,12,00,16.5,-34,30,0
AL091975,UNNAMED,1975,09,05,18,00,16.7,-35.5,30,0
AL091975,UNNAMED,1975,09,06,00,00,16.8,-37,30,0
AL091975,UNNAMED,1975,09,06,06,00,16.9,-38.5,30,0
AL091975,UNNAMED,1975,09,06,12,00,17,-40,30,0
AL091975,UNNAMED,1975,09,06,18,00,16.9,-41.5,30,0
AL091975,UNNAMED,1975,09,07,00,00,16.7,-43,30,0
AL091975,UNNAMED,1975,09,07,06,00,16.6,-44.5,30,0
AL091975,UNNAMED,1975,09,07,12,00,16.5,-46,30,0
AL091975,UNNAMED,1975,09,07,18,00,16.2,-47.6,30,0
AL091975,UNNAMED,1975,09,08,00,00,16,-49.8,25,0
AL091975,UNNAMED,1975,09,08,06,00,15.7,-51.6,25,0
AL091975,UNNAMED,1975,09,08,12,00,15.5,-53.5,25,0
AL091975,UNNAMED,1975,09,08,18,00,15.5,-54,25,0
AL091975,UNNAMED,1975,09,09,00,00,15.5,-56.5,20,0
AL091975,UNNAMED,1975,09,09,06,00,15.5,-58,20,0
