AL091932	UNNAMED	1932	09	25	06	00	16.8	-56.7	50	0
AL091932	UNNAMED	1932	09	25	12	00	16.9	-58	65	1
AL091932	UNNAMED	1932	09	25	18	00	17	-59.3	80	1
AL091932	UNNAMED	1932	09	26	00	00	17.2	-60.7	90	2
AL091932	UNNAMED	1932	09	26	06	00	17.4	-61.9	105	3
AL091932	UNNAMED	1932	09	26	12	00	17.7	-63	120	4
AL091932	UNNAMED	1932	09	26	18	00	17.9	-64	125	4
AL091932	UNNAMED	1932	09	27	00	00	18	-65	125	4
AL091932	UNNAMED	1932	09	27	06	00	18.2	-66.2	100	3
AL091932	UNNAMED	1932	09	27	12	00	18.2	-67.6	90	2
AL091932	UNNAMED	1932	09	27	18	00	18.1	-68.9	90	2
AL091932	UNNAMED	1932	09	28	00	00	18	-70.4	90	2
AL091932	UNNAMED	1932	09	28	06	00	18	-72.1	75	1
AL091932	UNNAMED	1932	09	28	12	00	18	-73.7	60	0
AL091932	UNNAMED	1932	09	28	18	00	17.9	-74.9	50	0
AL091932	UNNAMED	1932	09	29	00	00	17.8	-75.9	45	0
AL091932	UNNAMED	1932	09	29	06	00	17.7	-76.7	40	0
AL091932	UNNAMED	1932	09	29	12	00	17.6	-77.7	40	0
AL091932	UNNAMED	1932	09	29	18	00	17.5	-78.8	40	0
AL091932	UNNAMED	1932	09	30	00	00	17.4	-79.9	40	0
AL091932	UNNAMED	1932	09	30	06	00	17.3	-81.1	40	0
AL091932	UNNAMED	1932	09	30	12	00	17.2	-82.3	40	0
AL091932	UNNAMED	1932	09	30	18	00	17.1	-83.6	40	0
AL091932	UNNAMED	1932	10	01	00	00	17	-84.9	40	0
AL091932	UNNAMED	1932	10	01	06	00	16.9	-86.1	40	0
AL091932	UNNAMED	1932	10	01	12	00	16.8	-87.2	40	0
AL091932	UNNAMED	1932	10	01	18	00	16.7	-88.3	40	0
AL091932	UNNAMED	1932	10	02	00	00	16.5	-89.4	35	0
AL091932	UNNAMED	1932	10	02	06	00	16.3	-90.5	30	0
AL091932	UNNAMED	1932	10	02	12	00	16	-91.5	30	0
AL091932	UNNAMED	1932	10	02	18	00	15.7	-92.5	25	0
