AL091867	UNNAMED	1867	10	27	00	00	19	-50.5	40	0
AL091867	UNNAMED	1867	10	27	06	00	19	-51.5	40	0
AL091867	UNNAMED	1867	10	27	12	00	19	-52.6	50	0
AL091867	UNNAMED	1867	10	27	18	00	19	-53.7	50	0
AL091867	UNNAMED	1867	10	28	00	00	19	-55	60	0
AL091867	UNNAMED	1867	10	28	06	00	19	-56.3	60	0
AL091867	UNNAMED	1867	10	28	12	00	19	-57.7	70	1
AL091867	UNNAMED	1867	10	28	18	00	19	-59.2	80	1
AL091867	UNNAMED	1867	10	29	00	00	19	-60.7	90	2
AL091867	UNNAMED	1867	10	29	06	00	18.9	-62	100	3
AL091867	UNNAMED	1867	10	29	12	00	18.6	-63.3	110	3
AL091867	UNNAMED	1867	10	29	18	00	18.4	-64.8	100	3
AL091867	UNNAMED	1867	10	30	00	00	18.3	-66.5	80	1
AL091867	UNNAMED	1867	10	30	06	00	18.2	-68.1	70	1
AL091867	UNNAMED	1867	10	30	12	00	18.2	-69.6	80	1
AL091867	UNNAMED	1867	10	30	18	00	18.4	-71.5	60	0
AL091867	UNNAMED	1867	10	31	00	00	18.6	-73.5	40	0
