AL091978	DEBRA	1978	08	26	12	00	23.4	-88.4	25	0
AL091978	DEBRA	1978	08	26	18	00	24.2	-89.5	25	0
AL091978	DEBRA	1978	08	27	00	00	24.4	-90.4	25	0
AL091978	DEBRA	1978	08	27	06	00	24.5	-91.4	25	0
AL091978	DEBRA	1978	08	27	12	00	24.6	-92.3	25	0
AL091978	DEBRA	1978	08	27	18	00	25.1	-93.1	25	0
AL091978	DEBRA	1978	08	28	00	00	25.8	-93.8	25	0
AL091978	DEBRA	1978	08	28	06	00	26.8	-94.3	25	0
AL091978	DEBRA	1978	08	28	12	00	27.8	-94.3	30	0
AL091978	DEBRA	1978	08	28	18	00	28.7	-94.1	40	0
AL091978	DEBRA	1978	08	29	00	00	29.6	-93.6	50	0
AL091978	DEBRA	1978	08	29	06	00	30.7	-93.3	30	0
AL091978	DEBRA	1978	08	29	12	00	32	-93	30	0
AL091978	DEBRA	1978	08	29	18	00	34.2	-92.7	15	0
