AL091951	ITEM	1951	10	12	06	00	14.3	-78.2	30	0
AL091951	ITEM	1951	10	12	12	00	15	-78.8	30	0
AL091951	ITEM	1951	10	12	18	00	15.6	-79.5	30	0
AL091951	ITEM	1951	10	13	00	00	16.2	-80.2	35	0
AL091951	ITEM	1951	10	13	06	00	16.7	-81	45	0
AL091951	ITEM	1951	10	13	12	00	17.3	-81.8	50	0
AL091951	ITEM	1951	10	13	18	00	17.9	-82.2	60	0
AL091951	ITEM	1951	10	14	00	00	18.5	-82.1	65	1
AL091951	ITEM	1951	10	14	06	00	19.1	-81.8	70	1
AL091951	ITEM	1951	10	14	12	00	19.7	-81.5	70	1
AL091951	ITEM	1951	10	14	18	00	20.1	-81.3	70	1
AL091951	ITEM	1951	10	15	00	00	20.4	-81.2	65	1
AL091951	ITEM	1951	10	15	06	00	20.7	-81.3	55	0
AL091951	ITEM	1951	10	15	12	00	20.9	-81.6	55	0
AL091951	ITEM	1951	10	15	18	00	21	-82	50	0
AL091951	ITEM	1951	10	16	00	00	21.1	-82.3	50	0
AL091951	ITEM	1951	10	16	06	00	21.1	-82.6	45	0
AL091951	ITEM	1951	10	16	12	00	21.2	-82.9	40	0
AL091951	ITEM	1951	10	16	18	00	21.5	-83.2	40	0
AL091951	ITEM	1951	10	17	00	00	22	-83.3	35	0
AL091951	ITEM	1951	10	17	06	00	22.5	-83.4	30	0
AL091951	ITEM	1951	10	17	12	00	23	-83.5	25	0
AL091951	ITEM	1951	10	17	18	00	23.6	-83.6	25	0
