AL091863	UNNAMED	1863	09	29	00	00	28.5	-95.7	60	0
AL091863	UNNAMED	1863	09	29	06	00	28.9	-95.3	60	0
AL091863	UNNAMED	1863	09	29	12	00	29.3	-94.8	60	0
AL091863	UNNAMED	1863	09	29	18	00	29.6	-94.3	50	0
AL091863	UNNAMED	1863	09	30	00	00	29.8	-93.7	50	0
AL091863	UNNAMED	1863	09	30	06	00	30	-93.1	50	0
AL091863	UNNAMED	1863	09	30	12	00	30.1	-92.5	40	0
AL091863	UNNAMED	1863	09	30	18	00	30.2	-91.9	40	0
AL091863	UNNAMED	1863	10	01	00	00	30.3	-91.3	40	0
AL091863	UNNAMED	1863	10	01	06	00	30.4	-90.7	40	0
AL091863	UNNAMED	1863	10	01	12	00	30.5	-90.1	40	0
AL091863	UNNAMED	1863	10	01	18	00	30.6	-89.5	40	0
