id,name,year,month,day,hour,minute,lat,lon,max_sustained_wind_kts,sshws
AL091993,HARVEY,1993,09,18,18,00,26.7,-61.8,30,0
AL091993,HARVEY,1993,09,19,00,00,27.3,-62,30,0
AL091993,HARVEY,1993,09,19,06,00,27.9,-62,30,0
AL091993,HARVEY,1993,09,19,12,00,28.5,-61.7,30,0
AL091993,HARVEY,1993,09,19,18,00,29.3,-61.1,30,0
AL091993,HARVEY,1993,09,20,00,00,30.2,-60.2,30,0
AL091993,HARVEY,1993,09,20,06,00,31.5,-59,35,0
AL091993,HARVEY,1993,09,20,12,00,33.3,-57.4,50,0
AL091993,HARVEY,1993,09,20,18,00,35.6,-55.2,65,1
AL091993,HARVEY,1993,09,21,00,00,37.8,-52.5,60,0
AL091993,HARVEY,1993,09,21,06,00,39.8,-49.4,55,0
AL091993,HARVEY,1993,09,21,12,00,42.5,-46.5,50,0
AL091993,HARVEY,1993,09,21,18,00,46,-42,50,0
