id,name,year,month,day,hour,minute,lat,lon,max_sustained_wind_kts,sshws
AL091878,UNNAMED,1878,10,09,00,00,15.6,-38,40,0
AL091878,UNNAMED,1878,10,09,06,00,15.8,-38.9,40,0
AL091878,UNNAMED,1878,10,09,12,00,16,-39.8,40,0
AL091878,UNNAMED,1878,10,09,18,00,16.2,-40.7,40,0
AL091878,UNNAMED,1878,10,10,00,00,16.5,-41.7,50,0
AL091878,UNNAMED,1878,10,10,06,00,16.7,-42.7,50,0
AL091878,UNNAMED,1878,10,10,12,00,17,-43.7,50,0
AL091878,UNNAMED,1878,10,10,18,00,17.2,-44.8,50,0
AL091878,UNNAMED,1878,10,11,00,00,17.7,-45.8,60,0
AL091878,UNNAMED,1878,10,11,06,00,18.2,-46.8,60,0
AL091878,UNNAMED,1878,10,11,12,00,19,-47.7,60,0
AL091878,UNNAMED,1878,10,11,18,00,19.7,-48.2,60,0
AL091878,UNNAMED,1878,10,12,00,00,20.9,-48.8,70,1
AL091878,UNNAMED,1878,10,12,06,00,21.9,-49.4,70,1
AL091878,UNNAMED,1878,10,12,12,00,23,-49.9,70,1
AL091878,UNNAMED,1878,10,12,18,00,23.9,-50.4,70,1
AL091878,UNNAMED,1878,10,13,00,00,24.7,-50.9,70,1
AL091878,UNNAMED,1878,10,13,06,00,25.8,-51.4,70,1
AL091878,UNNAMED,1878,10,13,12,00,26.9,-51.8,70,1
AL091878,UNNAMED,1878,10,13,18,00,27.8,-51.9,70,1
AL091878,UNNAMED,1878,10,14,00,00,28.6,-51.8,70,1
AL091878,UNNAMED,1878,10,14,06,00,29.6,-51.8,70,1
AL091878,UNNAMED,1878,10,14,12,00,30.6,-51.7,70,1
AL091878,UNNAMED,1878,10,14,18,00,32,-51.7,70,1
AL091878,UNNAMED,1878,10,15,00,00,34.3,-51.5,70,1
AL091878,UNNAMED,1878,10,15,06,00,36.8,-51,70,1
AL091878,UNNAMED,1878,10,15,12,00,39,-49.7,70,1
AL091878,UNNAMED,1878,10,15,18,00,40.8,-48,70,1
AL091878,UNNAMED,1878,10,16,00,00,42.1,-45.8,60,0
AL091878,UNNAMED,1878,10,16,06,00,43.1,-43.2,60,0
AL091878,UNNAMED,1878,10,16,12,00,43.5,-41,60,0
AL091878,UNNAMED,1878,10,16,18,00,44,-38,60,0
