AL092002	HANNA	2002	09	12	00	00	26.3	-86.6	30	0
AL092002	HANNA	2002	09	12	06	00	26.7	-86.4	35	0
AL092002	HANNA	2002	09	12	12	00	27	-86.7	35	0
AL092002	HANNA	2002	09	12	18	00	27.1	-87.5	35	0
AL092002	HANNA	2002	09	13	00	00	26.7	-88	35	0
AL092002	HANNA	2002	09	13	06	00	26.9	-88.8	40	0
AL092002	HANNA	2002	09	13	12	00	27.4	-89.3	45	0
AL092002	HANNA	2002	09	13	18	00	27.7	-89.3	45	0
AL092002	HANNA	2002	09	14	00	00	28	-89.2	50	0
AL092002	HANNA	2002	09	14	06	00	28.7	-89.1	50	0
AL092002	HANNA	2002	09	14	08	00	29.1	-89.1	50	0
AL092002	HANNA	2002	09	14	12	00	30	-88.8	50	0
AL092002	HANNA	2002	09	14	15	00	30.4	-88.4	50	0
AL092002	HANNA	2002	09	14	18	00	30.8	-88	30	0
AL092002	HANNA	2002	09	15	00	00	31.5	-87	20	0
AL092002	HANNA	2002	09	15	06	00	32	-86	20	0
AL092002	HANNA	2002	09	15	12	00	33	-85	20	0
