id,name,year,month,day,hour,minute,lat,lon,max_sustained_wind_kts,sshws
AL091954,HAZEL,1954,10,05,06,00,12.4,-59.2,60,0
AL091954,HAZEL,1954,10,05,12,00,12.7,-60.2,60,0
AL091954,HAZEL,1954,10,05,18,00,12.8,-61.1,70,1
AL091954,HAZEL,1954,10,06,00,00,12.9,-62.1,75,1
AL091954,HAZEL,1954,10,06,06,00,13.1,-63.1,80,1
AL091954,HAZEL,1954,10,06,12,00,13.2,-64.1,85,2
AL091954,HAZEL,1954,10,06,18,00,13.3,-65.1,85,2
AL091954,HAZEL,1954,10,07,00,00,13.3,-66.1,90,2
AL091954,HAZEL,1954,10,07,06,00,13.3,-67.2,100,3
AL091954,HAZEL,1954,10,07,12,00,13.3,-68.2,105,3
AL091954,HAZEL,1954,10,07,18,00,13.3,-69.1,105,3
AL091954,HAZEL,1954,10,08,00,00,13.4,-69.9,105,3
AL091954,HAZEL,1954,10,08,06,00,13.5,-70.9,110,3
AL091954,HAZEL,1954,10,08,12,00,13.6,-71.9,110,3
AL091954,HAZEL,1954,10,08,18,00,13.6,-72.5,110,3
AL091954,HAZEL,1954,10,09,00,00,13.6,-73.1,115,4
AL091954,HAZEL,1954,10,09,06,00,13.6,-73.7,115,4
AL091954,HAZEL,1954,10,09,12,00,13.7,-74.2,115,4
AL091954,HAZEL,1954,10,09,18,00,13.9,-74.8,115,4
AL091954,HAZEL,1954,10,10,00,00,14.2,-75.3,115,4
AL091954,HAZEL,1954,10,10,06,00,14.6,-75.6,110,3
AL091954,HAZEL,1954,10,10,12,00,15,-75.6,105,3
AL091954,HAZEL,1954,10,10,18,00,15.4,-75.6,105,3
AL091954,HAZEL,1954,10,11,00,00,15.7,-75.5,105,3
AL091954,HAZEL,1954,10,11,06,00,16.1,-75.3,105,3
AL091954,HAZEL,1954,10,11,12,00,16.5,-75.1,105,3
AL091954,HAZEL,1954,10,11,18,00,17.1,-74.8,105,3
AL091954,HAZEL,1954,10,12,00,00,17.7,-74.4,105,3
AL091954,HAZEL,1954,10,12,06,00,18.2,-74.1,85,2
AL091954,HAZEL,1954,10,12,12,00,18.7,-73.8,85,2
AL091954,HAZEL,1954,10,12,18,00,19.3,-73.5,85,2
AL091954,HAZEL,1954,10,13,00,00,19.9,-73.3,85,2
AL091954,HAZEL,1954,10,13,06,00,20.5,-73.2,85,2
AL091954,HAZEL,1954,10,13,12,00,21,-73.2,85,2
AL091954,HAZEL,1954,10,13,18,00,21.6,-73.3,85,2
AL091954,HAZEL,1954,10,14,00,00,22.6,-73.5,90,2
AL091954,HAZEL,1954,10,14,06,00,24,-73.9,100,3
AL091954,HAZEL,1954,10,14,12,00,25.5,-74.6,105,3
AL091954,HAZEL,1954,10,14,18,00,27,-75.7,110,3
AL091954,HAZEL,1954,10,15,00,00,28.6,-76.8,115,4
AL091954,HAZEL,1954,10,15,06,00,30.2,-77.8,120,4
AL091954,HAZEL,1954,10,15,12,00,32.8,-78.7,110,3
AL091954,HAZEL,1954,10,15,18,00,36.8,-78.2,80,1
AL091954,HAZEL,1954,10,16,00,00,41,-77.4,70,1
AL091954,HAZEL,1954,10,16,06,00,45.2,-78.6,60,0
AL091954,HAZEL,1954,10,16,12,00,48.8,-80,50,0
AL091954,HAZEL,1954,10,16,18,00,50.7,-80,45,0
AL091954,HAZEL,1954,10,17,00,00,51.7,-79.9,45,0
AL091954,HAZEL,1954,10,17,06,00,52.8,-79.2,35,0
AL091954,HAZEL,1954,10,17,12,00,54,-78.2,35,0
AL091954,HAZEL,1954,10,17,18,00,55.6,-76.2,35,0
AL091954,HAZEL,1954,10,18,00,00,57,-73,30,0
AL091954,HAZEL,1954,10,18,06,00,58.1,-69.4,25,0
AL091954,HAZEL,1954,10,18,12,00,58.8,-65.1,25,0
