id,name,year,month,day,hour,minute,lat,lon,max_sustained_wind_kts,sshws
AL092014,HANNA,2014,10,21,00,00,19.5,-95.3,25,0
AL092014,HANNA,2014,10,21,06,00,19.5,-94.8,25,0
AL092014,HANNA,2014,10,21,12,00,19.5,-94.2,25,0
AL092014,HANNA,2014,10,21,18,00,19.5,-93.7,30,0
AL092014,HANNA,2014,10,22,00,00,19.5,-93.3,30,0
AL092014,HANNA,2014,10,22,06,00,19.5,-92.9,30,0
AL092014,HANNA,2014,10,22,12,00,19.4,-92.4,30,0
AL092014,HANNA,2014,10,22,18,00,19.3,-91.9,30,0
AL092014,HANNA,2014,10,23,00,00,19.2,-91.3,25,0
AL092014,HANNA,2014,10,23,06,00,18.9,-90.8,20,0
AL092014,HANNA,2014,10,23,12,00,18.6,-90.5,20,0
AL092014,HANNA,2014,10,23,18,00,18.2,-90,20,0
AL092014,HANNA,2014,10,24,00,00,17.9,-89.4,20,0
AL092014,HANNA,2014,10,24,06,00,18.1,-88.5,20,0
AL092014,HANNA,2014,10,24,12,00,18.4,-87.7,20,0
AL092014,HANNA,2014,10,24,18,00,18.8,-87,20,0
AL092014,HANNA,2014,10,25,00,00,19,-86.2,20,0
AL092014,HANNA,2014,10,25,06,00,18.8,-85.3,20,0
AL092014,HANNA,2014,10,25,12,00,18.3,-84.5,25,0
AL092014,HANNA,2014,10,25,18,00,17.7,-83.7,25,0
AL092014,HANNA,2014,10,26,00,00,17.1,-82.9,25,0
AL092014,HANNA,2014,10,26,06,00,16.5,-82.2,25,0
AL092014,HANNA,2014,10,26,12,00,16,-81.8,30,0
AL092014,HANNA,2014,10,26,18,00,15.5,-81.8,30,0
AL092014,HANNA,2014,10,27,00,00,15.1,-82,30,0
AL092014,HANNA,2014,10,27,06,00,15,-82.4,35,0
AL092014,HANNA,2014,10,27,12,00,14.9,-83,35,0
AL092014,HANNA,2014,10,27,16,00,14.9,-83.3,35,0
AL092014,HANNA,2014,10,27,18,00,14.9,-83.5,30,0
AL092014,HANNA,2014,10,28,00,00,15,-84.3,30,0
AL092014,HANNA,2014,10,28,06,00,15.4,-85.2,25,0
AL092014,HANNA,2014,10,28,12,00,15.9,-85.9,20,0
AL092014,HANNA,2014,10,28,18,00,16.5,-86.7,20,0
AL092014,HANNA,2014,10,29,00,00,16.8,-87.6,20,0
AL092014,HANNA,2014,10,29,06,00,16.9,-88.6,20,0
AL092014,HANNA,2014,10,29,12,00,16.9,-89.6,20,0
AL092014,HANNA,2014,10,29,18,00,16.8,-90.5,15,0
