AL092005	IRENE	2005	08	04	18	00	12.9	-33.5	25	0
AL092005	IRENE	2005	08	05	00	00	13.6	-34.5	25	0
AL092005	IRENE	2005	08	05	06	00	14.6	-35.5	25	0
AL092005	IRENE	2005	08	05	12	00	15.6	-36.8	30	0
AL092005	IRENE	2005	08	05	18	00	16.6	-38.4	30	0
AL092005	IRENE	2005	08	06	00	00	17.2	-39.8	30	0
AL092005	IRENE	2005	08	06	06	00	17.7	-40.5	30	0
AL092005	IRENE	2005	08	06	12	00	18.2	-41.6	30	0
AL092005	IRENE	2005	08	06	18	00	18.8	-42.8	30	0
AL092005	IRENE	2005	08	07	00	00	19.3	-43.5	30	0
AL092005	IRENE	2005	08	07	06	00	19.7	-44.2	30	0
AL092005	IRENE	2005	08	07	12	00	20.2	-45	35	0
AL092005	IRENE	2005	08	07	18	00	20.8	-46	35	0
AL092005	IRENE	2005	08	08	00	00	21.3	-47.2	35	0
AL092005	IRENE	2005	08	08	06	00	21.8	-48.3	35	0
AL092005	IRENE	2005	08	08	12	00	22.2	-49.9	30	0
AL092005	IRENE	2005	08	08	18	00	22.4	-50.9	30	0
AL092005	IRENE	2005	08	09	00	00	22.5	-52	30	0
AL092005	IRENE	2005	08	09	06	00	22.4	-52.9	30	0
AL092005	IRENE	2005	08	09	12	00	22.4	-53.7	30	0
AL092005	IRENE	2005	08	09	18	00	22.4	-54.8	30	0
AL092005	IRENE	2005	08	10	00	00	22.4	-55.7	30	0
AL092005	IRENE	2005	08	10	06	00	22.3	-56.5	30	0
AL092005	IRENE	2005	08	10	12	00	22.4	-57.2	30	0
AL092005	IRENE	2005	08	10	18	00	22.8	-58.1	30	0
AL092005	IRENE	2005	08	11	00	00	23.3	-59.3	35	0
AL092005	IRENE	2005	08	11	06	00	23.9	-60.4	40	0
AL092005	IRENE	2005	08	11	12	00	24.7	-61.7	45	0
AL092005	IRENE	2005	08	11	18	00	25.4	-62.9	45	0
AL092005	IRENE	2005	08	12	00	00	26.3	-63.8	45	0
AL092005	IRENE	2005	08	12	06	00	27.2	-65.1	55	0
AL092005	IRENE	2005	08	12	12	00	27.9	-66.3	55	0
AL092005	IRENE	2005	08	12	18	00	28.4	-67.1	55	0
AL092005	IRENE	2005	08	13	00	00	28.9	-67.7	60	0
AL092005	IRENE	2005	08	13	06	00	29.6	-68.2	60	0
AL092005	IRENE	2005	08	13	12	00	30	-69	60	0
AL092005	IRENE	2005	08	13	18	00	30.8	-69.4	60	0
AL092005	IRENE	2005	08	14	00	00	31.6	-69.9	60	0
AL092005	IRENE	2005	08	14	06	00	32.1	-70.2	55	0
AL092005	IRENE	2005	08	14	12	00	33.1	-70.1	55	0
AL092005	IRENE	2005	08	14	18	00	34	-70	60	0
AL092005	IRENE	2005	08	15	00	00	34.9	-69.5	70	1
AL092005	IRENE	2005	08	15	06	00	35.7	-68.7	75	1
AL092005	IRENE	2005	08	15	12	00	36.3	-67.7	75	1
AL092005	IRENE	2005	08	15	18	00	36.5	-66.5	80	1
AL092005	IRENE	2005	08	16	00	00	36.6	-65.1	80	1
AL092005	IRENE	2005	08	16	06	00	36.6	-64	80	1
AL092005	IRENE	2005	08	16	12	00	36.6	-63	85	2
AL092005	IRENE	2005	08	16	18	00	36.5	-62	90	2
AL092005	IRENE	2005	08	17	00	00	36.5	-61.3	80	1
AL092005	IRENE	2005	08	17	06	00	36.5	-60.6	75	1
AL092005	IRENE	2005	08	17	12	00	36.9	-59.1	65	1
AL092005	IRENE	2005	08	17	18	00	37.6	-57.3	65	1
AL092005	IRENE	2005	08	18	00	00	38.6	-55	60	0
AL092005	IRENE	2005	08	18	06	00	40.3	-52.3	60	0
AL092005	IRENE	2005	08	18	12	00	43.3	-48.9	50	0
