id,name,year,month,day,hour,minute,lat,lon,max_sustained_wind_kts,sshws
AL101909,UNNAMED,1909,09,24,00,00,22,-83,30,0
AL101909,UNNAMED,1909,09,24,06,00,22.5,-83,30,0
AL101909,UNNAMED,1909,09,24,12,00,23,-83,30,0
AL101909,UNNAMED,1909,09,24,18,00,23.5,-83,30,0
AL101909,UNNAMED,1909,09,25,00,00,24.1,-83,30,0
AL101909,UNNAMED,1909,09,25,06,00,24.7,-83,30,0
AL101909,UNNAMED,1909,09,25,12,00,25.3,-82.8,30,0
AL101909,UNNAMED,1909,09,25,18,00,25.8,-82.2,30,0
AL101909,UNNAMED,1909,09,26,00,00,26.3,-81.3,30,0
AL101909,UNNAMED,1909,09,26,06,00,26.9,-80.4,30,0
AL101909,UNNAMED,1909,09,26,12,00,27.5,-79.5,35,0
AL101909,UNNAMED,1909,09,26,18,00,28,-78.9,35,0
AL101909,UNNAMED,1909,09,27,00,00,28.4,-78.4,40,0
AL101909,UNNAMED,1909,09,27,06,00,29,-77.8,45,0
AL101909,UNNAMED,1909,09,27,12,00,29.5,-77,50,0
AL101909,UNNAMED,1909,09,27,18,00,30.1,-75,50,0
AL101909,UNNAMED,1909,09,28,00,00,30.6,-72.8,50,0
AL101909,UNNAMED,1909,09,28,06,00,31.1,-70.6,45,0
AL101909,UNNAMED,1909,09,28,12,00,31.5,-68.7,40,0
AL101909,UNNAMED,1909,09,28,18,00,31.8,-66.9,35,0
AL101909,UNNAMED,1909,09,29,00,00,32.2,-65.5,30,0
