id,name,year,month,day,hour,minute,lat,lon,max_sustained_wind_kts,sshws
AL101970,UNNAMED,1970,09,03,12,00,18.5,-44,20,0
AL101970,UNNAMED,1970,09,03,18,00,19.1,-44.2,25,0
AL101970,UNNAMED,1970,09,04,00,00,19.8,-44.5,25,0
AL101970,UNNAMED,1970,09,04,06,00,20.4,-44.8,25,0
AL101970,UNNAMED,1970,09,04,12,00,21,-45,25,0
AL101970,UNNAMED,1970,09,04,18,00,21.4,-44.7,25,0
AL101970,UNNAMED,1970,09,05,00,00,21.7,-44.5,25,0
AL101970,UNNAMED,1970,09,05,06,00,22.1,-44.2,25,0
AL101970,UNNAMED,1970,09,05,12,00,22.5,-44,25,0
AL101970,UNNAMED,1970,09,05,18,00,23,-43.5,25,0
AL101970,UNNAMED,1970,09,06,00,00,23.5,-44,25,0
AL101970,UNNAMED,1970,09,06,06,00,23.2,-45,20,0
AL101970,UNNAMED,1970,09,06,12,00,23,-46,20,0
AL101970,UNNAMED,1970,09,06,18,00,22.7,-46.2,20,0
AL101970,UNNAMED,1970,09,07,00,00,22.5,-46.5,20,0
AL101970,UNNAMED,1970,09,07,06,00,22.2,-46.7,20,0
AL101970,UNNAMED,1970,09,07,12,00,22,-47,20,0
AL101970,UNNAMED,1970,09,07,18,00,21.8,-47.5,20,0
AL101970,UNNAMED,1970,09,08,00,00,21.5,-48,20,0
AL101970,UNNAMED,1970,09,08,06,00,21.2,-48.5,20,0
AL101970,UNNAMED,1970,09,08,12,00,21,-49,20,0
AL101970,UNNAMED,1970,09,08,18,00,20.7,-50.1,20,0
AL101970,UNNAMED,1970,09,09,00,00,20.3,-51.2,20,0
AL101970,UNNAMED,1970,09,09,06,00,19.9,-52.3,20,0
