id,name,year,month,day,hour,minute,lat,lon,max_sustained_wind_kts,sshws
AL101968,UNNAMED,1968,09,17,00,00,12,-23.9,25,0
AL101968,UNNAMED,1968,09,17,06,00,12.1,-24.5,25,0
AL101968,UNNAMED,1968,09,17,12,00,12.2,-25.2,25,0
AL101968,UNNAMED,1968,09,17,18,00,12.4,-26.5,25,0
AL101968,UNNAMED,1968,09,18,00,00,12.9,-28.1,25,0
AL101968,UNNAMED,1968,09,18,06,00,13,-28.5,25,0
AL101968,UNNAMED,1968,09,18,12,00,13.1,-29.6,25,0
AL101968,UNNAMED,1968,09,18,18,00,13.3,-30.3,25,0
AL101968,UNNAMED,1968,09,19,00,00,13.8,-31.2,25,0
AL101968,UNNAMED,1968,09,19,06,00,14.2,-32.9,25,0
AL101968,UNNAMED,1968,09,19,12,00,14.9,-33.9,25,0
AL101968,UNNAMED,1968,09,19,18,00,15.4,-34.8,25,0
AL101968,UNNAMED,1968,09,20,00,00,16.1,-35.3,25,0
AL101968,UNNAMED,1968,09,20,06,00,16.8,-36.8,25,0
AL101968,UNNAMED,1968,09,20,12,00,17.1,-38,25,0
AL101968,UNNAMED,1968,09,20,18,00,18,-39.1,25,0
AL101968,UNNAMED,1968,09,21,00,00,19,-40.4,25,0
AL101968,UNNAMED,1968,09,21,06,00,20,-41.4,25,0
AL101968,UNNAMED,1968,09,21,12,00,21,-42.2,25,0
