AL101977	DOROTHY	1977	09	26	18	00	28.5	-71.5	20	0
AL101977	DOROTHY	1977	09	27	00	00	29.5	-69.8	20	0
AL101977	DOROTHY	1977	09	27	06	00	30.2	-67.9	30	0
AL101977	DOROTHY	1977	09	27	12	00	30.9	-65.8	40	0
AL101977	DOROTHY	1977	09	27	18	00	31.9	-63.6	45	0
AL101977	DOROTHY	1977	09	28	00	00	33.2	-61.8	50	0
AL101977	DOROTHY	1977	09	28	06	00	34.4	-60.8	60	0
AL101977	DOROTHY	1977	09	28	12	00	35.5	-59.7	65	1
AL101977	DOROTHY	1977	09	28	18	00	37	-58.8	70	1
AL101977	DOROTHY	1977	09	29	00	00	38.3	-57	75	1
AL101977	DOROTHY	1977	09	29	06	00	40	-55.5	70	1
AL101977	DOROTHY	1977	09	29	12	00	42	-54	65	1
AL101977	DOROTHY	1977	09	29	18	00	44.5	-53	60	0
AL101977	DOROTHY	1977	09	30	00	00	47	-51	50	0
AL101977	DOROTHY	1977	09	30	06	00	49.5	-48.5	45	0
