id,name,year,month,day,hour,minute,lat,lon,max_sustained_wind_kts,sshws
AL101901,UNNAMED,1901,09,21,00,00,13.7,-73,35,0
AL101901,UNNAMED,1901,09,21,06,00,13.8,-74,35,0
AL101901,UNNAMED,1901,09,21,12,00,14,-75,35,0
AL101901,UNNAMED,1901,09,21,18,00,14.2,-75.9,35,0
AL101901,UNNAMED,1901,09,22,00,00,14.4,-76.9,35,0
AL101901,UNNAMED,1901,09,22,06,00,14.7,-78,35,0
AL101901,UNNAMED,1901,09,22,12,00,15,-79,35,0
AL101901,UNNAMED,1901,09,22,18,00,15.2,-79.8,35,0
AL101901,UNNAMED,1901,09,23,00,00,15.5,-80.6,35,0
AL101901,UNNAMED,1901,09,23,06,00,15.9,-81.3,35,0
AL101901,UNNAMED,1901,09,23,12,00,16.5,-82,35,0
AL101901,UNNAMED,1901,09,23,18,00,16.9,-82.3,35,0
AL101901,UNNAMED,1901,09,24,00,00,17.4,-82.5,35,0
AL101901,UNNAMED,1901,09,24,06,00,18,-82.8,35,0
AL101901,UNNAMED,1901,09,24,12,00,18.5,-83,35,0
AL101901,UNNAMED,1901,09,24,18,00,18.8,-83.2,35,0
AL101901,UNNAMED,1901,09,25,00,00,19.2,-83.3,35,0
AL101901,UNNAMED,1901,09,25,06,00,19.6,-83.4,35,0
AL101901,UNNAMED,1901,09,25,12,00,20,-83.5,40,0
AL101901,UNNAMED,1901,09,25,18,00,20.3,-83.7,40,0
AL101901,UNNAMED,1901,09,26,00,00,20.7,-83.8,40,0
AL101901,UNNAMED,1901,09,26,06,00,21.1,-83.9,45,0
AL101901,UNNAMED,1901,09,26,12,00,21.5,-84,45,0
AL101901,UNNAMED,1901,09,26,18,00,22.1,-84.2,45,0
AL101901,UNNAMED,1901,09,27,00,00,23.2,-84.5,40,0
AL101901,UNNAMED,1901,09,27,06,00,24.3,-84.8,40,0
AL101901,UNNAMED,1901,09,27,12,00,25.5,-85,40,0
AL101901,UNNAMED,1901,09,27,18,00,27,-84.9,40,0
AL101901,UNNAMED,1901,09,28,00,00,28.8,-84.7,40,0
AL101901,UNNAMED,1901,09,28,03,00,29.9,-84.6,40,0
AL101901,UNNAMED,1901,09,28,06,00,30.6,-84.5,35,0
AL101901,UNNAMED,1901,09,28,12,00,32.5,-84,35,0
AL101901,UNNAMED,1901,09,28,18,00,35.1,-82.7,35,0
AL101901,UNNAMED,1901,09,29,00,00,37.8,-81.4,30,0
AL101901,UNNAMED,1901,09,29,06,00,40.3,-80.1,25,0
AL101901,UNNAMED,1901,09,29,12,00,42.5,-78.6,25,0
AL101901,UNNAMED,1901,09,29,18,00,44.2,-76.5,25,0
AL101901,UNNAMED,1901,09,30,00,00,45.7,-74.5,25,0
AL101901,UNNAMED,1901,09,30,06,00,47,-72.5,25,0
AL101901,UNNAMED,1901,09,30,12,00,48,-68.5,25,0
AL101901,UNNAMED,1901,09,30,18,00,48.2,-63.9,30,0
AL101901,UNNAMED,1901,10,01,00,00,48.2,-60.1,30,0
AL101901,UNNAMED,1901,10,01,06,00,48.3,-55.9,35,0
AL101901,UNNAMED,1901,10,01,12,00,48.5,-51.5,35,0
AL101901,UNNAMED,1901,10,01,18,00,49,-46.1,40,0
AL101901,UNNAMED,1901,10,02,00,00,50.8,-39.4,40,0
AL101901,UNNAMED,1901,10,02,06,00,53.1,-32.6,45,0
AL101901,UNNAMED,1901,10,02,12,00,55.3,-27,45,0
