AL101990	ISIDORE	1990	09	04	00	00	7.2	-23.4	25	0
AL101990	ISIDORE	1990	09	04	06	00	7.4	-25.1	25	0
AL101990	ISIDORE	1990	09	04	12	00	8.4	-26.7	25	0
AL101990	ISIDORE	1990	09	04	18	00	9.2	-28.4	30	0
AL101990	ISIDORE	1990	09	05	00	00	9.7	-29.9	30	0
AL101990	ISIDORE	1990	09	05	06	00	9.9	-31.4	30	0
AL101990	ISIDORE	1990	09	05	12	00	10	-32.7	35	0
AL101990	ISIDORE	1990	09	05	18	00	10.4	-33.8	40	0
AL101990	ISIDORE	1990	09	06	00	00	11.3	-34.7	45	0
AL101990	ISIDORE	1990	09	06	06	00	12.4	-35.4	50	0
AL101990	ISIDORE	1990	09	06	12	00	13.5	-36	55	0
AL101990	ISIDORE	1990	09	06	18	00	14.7	-36.4	60	0
AL101990	ISIDORE	1990	09	07	00	00	15.9	-36.8	65	1
AL101990	ISIDORE	1990	09	07	06	00	17.2	-37.3	75	1
AL101990	ISIDORE	1990	09	07	12	00	18.5	-37.6	85	2
AL101990	ISIDORE	1990	09	07	18	00	19.9	-37.9	80	1
AL101990	ISIDORE	1990	09	08	00	00	21.1	-38.2	75	1
AL101990	ISIDORE	1990	09	08	06	00	22.2	-38.7	70	1
AL101990	ISIDORE	1990	09	08	12	00	23.2	-39.3	65	1
AL101990	ISIDORE	1990	09	08	18	00	24.3	-40	60	0
AL101990	ISIDORE	1990	09	09	00	00	25.6	-40.7	55	0
AL101990	ISIDORE	1990	09	09	06	00	26.8	-41.7	50	0
AL101990	ISIDORE	1990	09	09	12	00	27.9	-43	55	0
AL101990	ISIDORE	1990	09	09	18	00	28.6	-44.2	65	1
AL101990	ISIDORE	1990	09	10	00	00	29	-45.1	65	1
AL101990	ISIDORE	1990	09	10	06	00	29.4	-45.6	65	1
AL101990	ISIDORE	1990	09	10	12	00	29.8	-46.1	65	1
AL101990	ISIDORE	1990	09	10	18	00	30.1	-46.6	65	1
AL101990	ISIDORE	1990	09	11	00	00	30.6	-47	65	1
AL101990	ISIDORE	1990	09	11	06	00	31.2	-47.4	75	1
AL101990	ISIDORE	1990	09	11	12	00	31.9	-48	80	1
AL101990	ISIDORE	1990	09	11	18	00	32.6	-48.7	80	1
AL101990	ISIDORE	1990	09	12	00	00	33.1	-49.5	75	1
AL101990	ISIDORE	1990	09	12	06	00	33.4	-50.1	75	1
AL101990	ISIDORE	1990	09	12	12	00	33.6	-50.4	70	1
AL101990	ISIDORE	1990	09	12	18	00	33.8	-50.6	65	1
AL101990	ISIDORE	1990	09	13	00	00	34.1	-50.7	65	1
AL101990	ISIDORE	1990	09	13	06	00	34.4	-50.8	65	1
AL101990	ISIDORE	1990	09	13	12	00	34.9	-50.8	65	1
AL101990	ISIDORE	1990	09	13	18	00	35.4	-50.6	65	1
AL101990	ISIDORE	1990	09	14	00	00	35.8	-50.1	65	1
AL101990	ISIDORE	1990	09	14	06	00	36.2	-49.4	65	1
AL101990	ISIDORE	1990	09	14	12	00	36.6	-48.7	65	1
AL101990	ISIDORE	1990	09	14	18	00	37.1	-47.9	65	1
AL101990	ISIDORE	1990	09	15	00	00	37.8	-47.4	65	1
AL101990	ISIDORE	1990	09	15	06	00	38.7	-47.2	65	1
AL101990	ISIDORE	1990	09	15	12	00	39.6	-47.5	65	1
AL101990	ISIDORE	1990	09	15	18	00	40.3	-48	65	1
AL101990	ISIDORE	1990	09	16	00	00	40.5	-48.5	65	1
AL101990	ISIDORE	1990	09	16	06	00	41.8	-47.9	60	0
AL101990	ISIDORE	1990	09	16	12	00	43.5	-47	55	0
AL101990	ISIDORE	1990	09	16	18	00	45	-45.5	45	0
AL101990	ISIDORE	1990	09	17	00	00	46.5	-43.5	45	0
AL101990	ISIDORE	1990	09	17	06	00	48.2	-41.5	35	0
AL101990	ISIDORE	1990	09	17	12	00	50	-39.5	35	0
