id,name,year,month,day,hour,minute,lat,lon,max_sustained_wind_kts,sshws
AL101954,UNNAMED,1954,11,16,18,00,23.7,-43.8,30,0
AL101954,UNNAMED,1954,11,17,00,00,23.8,-44.5,35,0
AL101954,UNNAMED,1954,11,17,06,00,23.9,-45,40,0
AL101954,UNNAMED,1954,11,17,12,00,23.9,-45.5,45,0
AL101954,UNNAMED,1954,11,17,18,00,23.9,-46.2,45,0
AL101954,UNNAMED,1954,11,18,00,00,23.9,-47,45,0
AL101954,UNNAMED,1954,11,18,06,00,24,-47.5,45,0
AL101954,UNNAMED,1954,11,18,12,00,24,-48,45,0
AL101954,UNNAMED,1954,11,18,18,00,24,-48.6,45,0
AL101954,UNNAMED,1954,11,19,00,00,24,-49.2,45,0
AL101954,UNNAMED,1954,11,19,06,00,24,-49.9,45,0
AL101954,UNNAMED,1954,11,19,12,00,24,-50.7,45,0
AL101954,UNNAMED,1954,11,19,18,00,24,-51.6,45,0
AL101954,UNNAMED,1954,11,20,00,00,24,-52.5,45,0
AL101954,UNNAMED,1954,11,20,06,00,24.3,-53.3,45,0
AL101954,UNNAMED,1954,11,20,12,00,24.8,-54.1,45,0
AL101954,UNNAMED,1954,11,20,18,00,25.2,-54.8,45,0
AL101954,UNNAMED,1954,11,21,00,00,25.5,-55.6,45,0
AL101954,UNNAMED,1954,11,21,06,00,25.6,-56.3,40,0
AL101954,UNNAMED,1954,11,21,12,00,25.8,-57.1,30,0
AL101954,UNNAMED,1954,11,21,18,00,25.6,-57.8,25,0
