id,name,year,month,day,hour,minute,lat,lon,max_sustained_wind_kts,sshws
AL101975,UNNAMED,1975,09,03,12,00,11.5,-17.5,20,0
AL101975,UNNAMED,1975,09,03,18,00,11.5,-18.5,25,0
AL101975,UNNAMED,1975,09,04,00,00,11.5,-19.5,25,0
AL101975,UNNAMED,1975,09,04,06,00,11.5,-20.5,25,0
AL101975,UNNAMED,1975,09,04,12,00,11.5,-21.5,30,0
AL101975,UNNAMED,1975,09,04,18,00,11.6,-22.4,30,0
AL101975,UNNAMED,1975,09,05,00,00,11.7,-23.3,30,0
AL101975,UNNAMED,1975,09,05,06,00,11.8,-24.1,30,0
AL101975,UNNAMED,1975,09,05,12,00,12,-25,25,0
AL101975,UNNAMED,1975,09,05,18,00,12.1,-25.8,25,0
AL101975,UNNAMED,1975,09,06,00,00,12.2,-26.5,25,0
AL101975,UNNAMED,1975,09,06,06,00,12.3,-27.2,20,0
AL101975,UNNAMED,1975,09,06,12,00,12.5,-28,20,0
