id,name,year,month,day,hour,minute,lat,lon,max_sustained_wind_kts,sshws
AL101951,JIG,1951,10,15,06,00,28.1,-75.6,35,0
AL101951,JIG,1951,10,15,12,00,29.4,-75.3,65,1
AL101951,JIG,1951,10,15,18,00,30.6,-74.8,70,1
AL101951,JIG,1951,10,16,00,00,31.4,-74.2,70,1
AL101951,JIG,1951,10,16,06,00,31.9,-73.6,70,1
AL101951,JIG,1951,10,16,12,00,32.2,-73,60,0
AL101951,JIG,1951,10,16,18,00,32.4,-72.3,55,0
AL101951,JIG,1951,10,17,00,00,32.7,-71.6,55,0
AL101951,JIG,1951,10,17,06,00,33.1,-70.7,50,0
AL101951,JIG,1951,10,17,12,00,33.5,-69.9,50,0
AL101951,JIG,1951,10,17,18,00,33.9,-69.8,50,0
AL101951,JIG,1951,10,18,00,00,34.2,-70.4,50,0
AL101951,JIG,1951,10,18,06,00,34.2,-71.3,45,0
AL101951,JIG,1951,10,18,12,00,34,-72.2,45,0
AL101951,JIG,1951,10,18,18,00,33.5,-72.5,40,0
AL101951,JIG,1951,10,19,00,00,32.8,-72.6,40,0
AL101951,JIG,1951,10,19,06,00,31.9,-72.3,40,0
AL101951,JIG,1951,10,19,12,00,31,-71.8,40,0
AL101951,JIG,1951,10,19,18,00,30.3,-71.1,40,0
AL101951,JIG,1951,10,20,00,00,29.8,-70.7,35,0
AL101951,JIG,1951,10,20,06,00,29.4,-69.9,30,0
AL101951,JIG,1951,10,20,12,00,29.2,-69.3,25,0
AL101951,JIG,1951,10,20,18,00,29,-65,25,0
