id,name,year,month,day,hour,minute,lat,lon,max_sustained_wind_kts,sshws
AL102010,HERMINE,2010,09,04,18,00,17.5,-95.6,20,0
AL102010,HERMINE,2010,09,05,00,00,18.3,-95.6,20,0
AL102010,HERMINE,2010,09,05,06,00,19,-95.6,20,0
AL102010,HERMINE,2010,09,05,12,00,19.5,-95.6,20,0
AL102010,HERMINE,2010,09,05,18,00,20,-95.5,25,0
AL102010,HERMINE,2010,09,06,00,00,20.7,-95,30,0
AL102010,HERMINE,2010,09,06,06,00,21.8,-95.1,40,0
AL102010,HERMINE,2010,09,06,12,00,23,-95.6,45,0
AL102010,HERMINE,2010,09,06,18,00,24,-96.5,50,0
AL102010,HERMINE,2010,09,07,00,00,24.9,-97.2,55,0
AL102010,HERMINE,2010,09,07,02,00,25.3,-97.4,60,0
AL102010,HERMINE,2010,09,07,06,00,26.2,-97.7,55,0
AL102010,HERMINE,2010,09,07,12,00,27.7,-98.1,45,0
AL102010,HERMINE,2010,09,07,18,00,29.4,-98.6,40,0
AL102010,HERMINE,2010,09,08,00,00,30.6,-99.1,30,0
AL102010,HERMINE,2010,09,08,06,00,31.6,-99.5,25,0
AL102010,HERMINE,2010,09,08,12,00,32.7,-99.5,20,0
AL102010,HERMINE,2010,09,08,18,00,33.7,-98.7,20,0
AL102010,HERMINE,2010,09,09,00,00,34.7,-97.9,20,0
AL102010,HERMINE,2010,09,09,06,00,35.5,-97.2,20,0
AL102010,HERMINE,2010,09,09,12,00,36.3,-96.4,20,0
AL102010,HERMINE,2010,09,09,18,00,37,-95.5,20,0
AL102010,HERMINE,2010,09,10,00,00,37.5,-95,20,0
