id,name,year,month,day,hour,minute,lat,lon,max_sustained_wind_kts,sshws
AL102008,JOSEPHINE,2008,09,02,00,00,12.3,-21.9,30,0
AL102008,JOSEPHINE,2008,09,02,06,00,12.7,-23.2,35,0
AL102008,JOSEPHINE,2008,09,02,12,00,13,-24.2,35,0
AL102008,JOSEPHINE,2008,09,02,18,00,13.3,-25.3,45,0
AL102008,JOSEPHINE,2008,09,03,00,00,13.5,-26.3,50,0
AL102008,JOSEPHINE,2008,09,03,06,00,13.6,-27.2,55,0
AL102008,JOSEPHINE,2008,09,03,12,00,13.7,-28.2,55,0
AL102008,JOSEPHINE,2008,09,03,18,00,13.8,-29.2,55,0
AL102008,JOSEPHINE,2008,09,04,00,00,13.9,-30,50,0
AL102008,JOSEPHINE,2008,09,04,06,00,14.1,-30.9,50,0
AL102008,JOSEPHINE,2008,09,04,12,00,14.4,-31.9,45,0
AL102008,JOSEPHINE,2008,09,04,18,00,14.6,-32.7,40,0
AL102008,JOSEPHINE,2008,09,05,00,00,15,-33.4,40,0
AL102008,JOSEPHINE,2008,09,05,06,00,15.4,-34,40,0
AL102008,JOSEPHINE,2008,09,05,12,00,15.6,-34.5,40,0
AL102008,JOSEPHINE,2008,09,05,18,00,15.8,-34.9,35,0
AL102008,JOSEPHINE,2008,09,06,00,00,16.2,-35.5,30,0
AL102008,JOSEPHINE,2008,09,06,06,00,16.5,-36.4,30,0
AL102008,JOSEPHINE,2008,09,06,12,00,16.7,-37.3,25,0
AL102008,JOSEPHINE,2008,09,06,18,00,16.8,-38.3,25,0
AL102008,JOSEPHINE,2008,09,07,00,00,16.9,-39.2,25,0
AL102008,JOSEPHINE,2008,09,07,06,00,17,-40.1,30,0
AL102008,JOSEPHINE,2008,09,07,12,00,17.1,-40.9,30,0
AL102008,JOSEPHINE,2008,09,07,18,00,17.2,-41.6,25,0
AL102008,JOSEPHINE,2008,09,08,00,00,17.3,-42.4,25,0
AL102008,JOSEPHINE,2008,09,08,06,00,17.5,-43.3,25,0
AL102008,JOSEPHINE,2008,09,08,12,00,18,-44.2,25,0
AL102008,JOSEPHINE,2008,09,08,18,00,18.1,-45.6,25,0
AL102008,JOSEPHINE,2008,09,09,00,00,17.8,-47.3,25,0
AL102008,JOSEPHINE,2008,09,09,06,00,16.8,-49.3,25,0
AL102008,JOSEPHINE,2008,09,09,12,00,16.3,-51.4,25,0
AL102008,JOSEPHINE,2008,09,09,18,00,16.3,-52.5,25,0
AL102008,JOSEPHINE,2008,09,10,00,00,16.3,-53.6,20,0
