id,name,year,month,day,hour,minute,lat,lon,max_sustained_wind_kts,sshws
AL101950,JIG,1950,10,11,12,00,22.4,-47,40,0
AL101950,JIG,1950,10,11,18,00,22.7,-48,40,0
AL101950,JIG,1950,10,12,00,00,23,-49,45,0
AL101950,JIG,1950,10,12,06,00,23.3,-50.1,45,0
AL101950,JIG,1950,10,12,12,00,23.6,-51.2,50,0
AL101950,JIG,1950,10,12,18,00,23.9,-52.3,55,0
AL101950,JIG,1950,10,13,00,00,24.3,-53.4,55,0
AL101950,JIG,1950,10,13,06,00,24.8,-54.4,60,0
AL101950,JIG,1950,10,13,12,00,25.4,-55.5,65,1
AL101950,JIG,1950,10,13,18,00,26.1,-56.7,70,1
AL101950,JIG,1950,10,14,00,00,27,-57.7,75,1
AL101950,JIG,1950,10,14,06,00,28,-58.6,75,1
AL101950,JIG,1950,10,14,12,00,29,-59.4,80,1
AL101950,JIG,1950,10,14,18,00,29.9,-60.1,80,1
AL101950,JIG,1950,10,15,00,00,30.8,-60.3,85,2
AL101950,JIG,1950,10,15,06,00,31.9,-60.2,90,2
AL101950,JIG,1950,10,15,12,00,33,-59.7,100,3
AL101950,JIG,1950,10,15,18,00,34.1,-58.5,100,3
AL101950,JIG,1950,10,16,00,00,35.1,-57.4,90,2
AL101950,JIG,1950,10,16,06,00,36,-56.1,80,1
AL101950,JIG,1950,10,16,12,00,36.9,-54.6,75,1
AL101950,JIG,1950,10,16,18,00,38.1,-52.2,75,1
AL101950,JIG,1950,10,17,00,00,39.5,-49.2,75,1
AL101950,JIG,1950,10,17,06,00,41,-46,75,1
AL101950,JIG,1950,10,17,12,00,43,-42.8,70,1
AL101950,JIG,1950,10,17,18,00,45,-39.9,65,1
AL101950,JIG,1950,10,18,00,00,47.5,-37.5,65,1
