AL101964	HILDA	1964	09	28	12	00	21.2	-80	15	0
AL101964	HILDA	1964	09	28	18	00	21.3	-81.1	20	0
AL101964	HILDA	1964	09	29	00	00	21.4	-82.1	20	0
AL101964	HILDA	1964	09	29	06	00	21.7	-83.2	25	0
AL101964	HILDA	1964	09	29	12	00	22	-84.2	35	0
AL101964	HILDA	1964	09	29	18	00	22.3	-85.3	40	0
AL101964	HILDA	1964	09	30	00	00	22.8	-86.1	50	0
AL101964	HILDA	1964	09	30	06	00	23.2	-87.3	60	0
AL101964	HILDA	1964	09	30	12	00	23.4	-88.1	70	1
AL101964	HILDA	1964	09	30	18	00	23.8	-89	80	1
AL101964	HILDA	1964	10	01	00	00	24	-89.5	95	2
AL101964	HILDA	1964	10	01	06	00	24.2	-90.1	110	3
AL101964	HILDA	1964	10	01	12	00	24.5	-90.6	120	4
AL101964	HILDA	1964	10	01	18	00	24.8	-91.1	130	4
AL101964	HILDA	1964	10	02	00	00	25.2	-91.4	130	4
AL101964	HILDA	1964	10	02	06	00	25.7	-91.7	125	4
AL101964	HILDA	1964	10	02	12	00	26.3	-91.7	120	4
AL101964	HILDA	1964	10	02	18	00	26.8	-91.7	115	4
AL101964	HILDA	1964	10	03	00	00	27.2	-91.4	110	3
AL101964	HILDA	1964	10	03	06	00	27.7	-91.4	105	3
AL101964	HILDA	1964	10	03	12	00	28.2	-91.4	100	3
AL101964	HILDA	1964	10	03	18	00	28.6	-91.6	100	3
AL101964	HILDA	1964	10	04	00	00	29.6	-91.6	95	2
AL101964	HILDA	1964	10	04	06	00	30.2	-91.2	60	0
AL101964	HILDA	1964	10	04	12	00	30.6	-90.6	60	0
AL101964	HILDA	1964	10	04	18	00	30.7	-89.3	60	0
AL101964	HILDA	1964	10	05	00	00	30.6	-87.8	50	0
AL101964	HILDA	1964	10	05	06	00	30.5	-86.1	40	0
AL101964	HILDA	1964	10	05	12	00	30.8	-84.5	35	0
AL101964	HILDA	1964	10	05	18	00	31	-82.5	35	0
