AL101984	DIANA	1984	09	08	12	00	28.5	-77.4	35	0
AL101984	DIANA	1984	09	08	18	00	28.6	-78.3	40	0
AL101984	DIANA	1984	09	09	00	00	28.5	-79.2	45	0
AL101984	DIANA	1984	09	09	06	00	28.6	-79.7	50	0
AL101984	DIANA	1984	09	09	12	00	29	-79.9	55	0
AL101984	DIANA	1984	09	09	18	00	29.4	-80.1	60	0
AL101984	DIANA	1984	09	10	00	00	29.7	-80.4	60	0
AL101984	DIANA	1984	09	10	06	00	30.1	-80.3	60	0
AL101984	DIANA	1984	09	10	12	00	30.5	-80	65	1
AL101984	DIANA	1984	09	10	18	00	30.8	-79.6	70	1
AL101984	DIANA	1984	09	11	00	00	31.3	-79.1	80	1
AL101984	DIANA	1984	09	11	06	00	31.8	-78.7	85	2
AL101984	DIANA	1984	09	11	12	00	32.6	-78.4	100	3
AL101984	DIANA	1984	09	11	18	00	33.4	-78	110	3
AL101984	DIANA	1984	09	12	00	00	33.9	-77.7	115	4
AL101984	DIANA	1984	09	12	06	00	34	-77.4	95	2
AL101984	DIANA	1984	09	12	12	00	34	-77.2	95	2
AL101984	DIANA	1984	09	12	18	00	33.9	-77.1	90	2
AL101984	DIANA	1984	09	13	00	00	33.8	-77.4	85	2
AL101984	DIANA	1984	09	13	06	00	33.9	-77.9	80	1
AL101984	DIANA	1984	09	13	07	00	33.9	-78	80	1
AL101984	DIANA	1984	09	13	12	00	34	-78.3	65	1
AL101984	DIANA	1984	09	13	18	00	34.3	-78.5	55	0
AL101984	DIANA	1984	09	14	00	00	34.6	-78.5	45	0
AL101984	DIANA	1984	09	14	06	00	35	-78	40	0
AL101984	DIANA	1984	09	14	12	00	35.3	-77.1	45	0
AL101984	DIANA	1984	09	14	18	00	35.6	-76	50	0
AL101984	DIANA	1984	09	15	00	00	36.2	-74.4	55	0
AL101984	DIANA	1984	09	15	06	00	37.2	-72.7	60	0
AL101984	DIANA	1984	09	15	12	00	38.5	-70.3	60	0
AL101984	DIANA	1984	09	15	18	00	41	-66	60	0
AL101984	DIANA	1984	09	16	00	00	43.5	-61.9	60	0
AL101984	DIANA	1984	09	16	06	00	46	-57.8	60	0
