id,name,year,month,day,hour,minute,lat,lon,max_sustained_wind_kts,sshws
AL101995,IRIS,1995,08,22,12,00,13.2,-49.3,30,0
AL101995,IRIS,1995,08,22,18,00,13.3,-50.6,35,0
AL101995,IRIS,1995,08,23,00,00,13.7,-51.8,35,0
AL101995,IRIS,1995,08,23,06,00,14,-52.5,40,0
AL101995,IRIS,1995,08,23,12,00,14.5,-53,55,0
AL101995,IRIS,1995,08,23,18,00,15,-53.4,75,1
AL101995,IRIS,1995,08,24,00,00,15.2,-53.8,70,1
AL101995,IRIS,1995,08,24,06,00,15,-54.3,70,1
AL101995,IRIS,1995,08,24,12,00,14.8,-55.1,65,1
AL101995,IRIS,1995,08,24,18,00,14.6,-56,60,0
AL101995,IRIS,1995,08,25,00,00,14.5,-56.8,55,0
AL101995,IRIS,1995,08,25,06,00,14.3,-57.8,55,0
AL101995,IRIS,1995,08,25,12,00,14.2,-58.8,55,0
AL101995,IRIS,1995,08,25,18,00,14.2,-59.8,50,0
AL101995,IRIS,1995,08,26,00,00,14,-60.3,50,0
AL101995,IRIS,1995,08,26,06,00,14.2,-60.2,45,0
AL101995,IRIS,1995,08,26,12,00,14.6,-60.5,45,0
AL101995,IRIS,1995,08,26,18,00,14.9,-61,40,0
AL101995,IRIS,1995,08,27,00,00,15,-61.2,35,0
AL101995,IRIS,1995,08,27,06,00,15.6,-61.2,40,0
AL101995,IRIS,1995,08,27,12,00,16.2,-61.2,45,0
AL101995,IRIS,1995,08,27,18,00,17,-61.9,50,0
AL101995,IRIS,1995,08,27,23,00,17.7,-62,55,0
AL101995,IRIS,1995,08,28,00,00,17.8,-62,55,0
AL101995,IRIS,1995,08,28,06,00,18.6,-62,55,0
AL101995,IRIS,1995,08,28,12,00,19.4,-62.1,60,0
AL101995,IRIS,1995,08,28,18,00,20.4,-62.4,65,1
AL101995,IRIS,1995,08,29,00,00,21.3,-62.5,70,1
AL101995,IRIS,1995,08,29,06,00,22,-62.5,80,1
AL101995,IRIS,1995,08,29,12,00,22.6,-62.5,75,1
AL101995,IRIS,1995,08,29,18,00,23.1,-62.3,70,1
AL101995,IRIS,1995,08,30,00,00,23.6,-62.1,70,1
AL101995,IRIS,1995,08,30,06,00,23.8,-61.8,70,1
AL101995,IRIS,1995,08,30,12,00,24,-61.4,75,1
AL101995,IRIS,1995,08,30,18,00,24.2,-60.8,75,1
AL101995,IRIS,1995,08,31,00,00,24.5,-60.1,75,1
AL101995,IRIS,1995,08,31,06,00,24.7,-59.6,75,1
AL101995,IRIS,1995,08,31,12,00,24.9,-59.1,75,1
AL101995,IRIS,1995,08,31,18,00,25,-58.9,85,2
AL101995,IRIS,1995,09,01,00,00,25.2,-58.8,90,2
AL101995,IRIS,1995,09,01,06,00,25.5,-58.8,95,2
AL101995,IRIS,1995,09,01,12,00,25.6,-59,90,2
AL101995,IRIS,1995,09,01,18,00,25.7,-59.7,85,2
AL101995,IRIS,1995,09,02,00,00,26,-60.2,85,2
AL101995,IRIS,1995,09,02,06,00,26.6,-60.2,85,2
AL101995,IRIS,1995,09,02,12,00,27.8,-59.9,80,1
AL101995,IRIS,1995,09,02,18,00,29.1,-59.7,75,1
AL101995,IRIS,1995,09,03,00,00,31.3,-59,75,1
AL101995,IRIS,1995,09,03,06,00,34.2,-58.6,75,1
AL101995,IRIS,1995,09,03,12,00,36.9,-57.5,75,1
AL101995,IRIS,1995,09,03,18,00,39.2,-55.5,70,1
AL101995,IRIS,1995,09,04,00,00,41,-52.3,65,1
AL101995,IRIS,1995,09,04,06,00,43.1,-49.4,60,0
AL101995,IRIS,1995,09,04,12,00,45,-46,60,0
AL101995,IRIS,1995,09,04,18,00,47.1,-42,55,0
AL101995,IRIS,1995,09,05,00,00,48.7,-35.7,50,0
AL101995,IRIS,1995,09,05,06,00,48.9,-28.1,50,0
AL101995,IRIS,1995,09,05,12,00,48.6,-25,50,0
AL101995,IRIS,1995,09,05,18,00,48.5,-21.5,55,0
AL101995,IRIS,1995,09,06,00,00,48.3,-18,55,0
AL101995,IRIS,1995,09,06,06,00,48,-14.2,60,0
AL101995,IRIS,1995,09,06,12,00,48,-12.6,60,0
AL101995,IRIS,1995,09,06,18,00,48.2,-11.1,65,1
AL101995,IRIS,1995,09,07,00,00,48.4,-8.7,65,1
AL101995,IRIS,1995,09,07,06,00,48.9,-6.9,65,1
AL101995,IRIS,1995,09,07,12,00,49.3,-4.4,60,0
