AL101986	FRANCES	1986	11	18	18	00	22.8	-62.8	30	0
AL101986	FRANCES	1986	11	19	00	00	23.5	-62.9	30	0
AL101986	FRANCES	1986	11	19	06	00	23.9	-62.9	35	0
AL101986	FRANCES	1986	11	19	12	00	24.4	-62.8	40	0
AL101986	FRANCES	1986	11	19	18	00	24.8	-62.7	50	0
AL101986	FRANCES	1986	11	20	00	00	25.8	-62.1	55	0
AL101986	FRANCES	1986	11	20	06	00	27	-61	65	1
AL101986	FRANCES	1986	11	20	12	00	27.8	-59.6	75	1
AL101986	FRANCES	1986	11	20	18	00	28.5	-58.7	75	1
AL101986	FRANCES	1986	11	21	00	00	29.1	-58.2	70	1
AL101986	FRANCES	1986	11	21	06	00	29.7	-58	65	1
AL101986	FRANCES	1986	11	21	12	00	30.4	-57.9	55	0
AL101986	FRANCES	1986	11	21	18	00	31.1	-57.9	45	0
