id,name,year,month,day,hour,minute,lat,lon,max_sustained_wind_kts,sshws
AL101886,UNNAMED,1886,10,08,00,00,19.9,-82.5,50,0
AL101886,UNNAMED,1886,10,08,06,00,20.3,-83,55,0
AL101886,UNNAMED,1886,10,08,12,00,20.8,-83.3,60,0
AL101886,UNNAMED,1886,10,08,18,00,21.2,-83.7,65,1
AL101886,UNNAMED,1886,10,09,00,00,21.7,-84.1,65,1
AL101886,UNNAMED,1886,10,09,06,00,22.2,-84.4,60,0
AL101886,UNNAMED,1886,10,09,12,00,22.7,-84.8,60,0
AL101886,UNNAMED,1886,10,09,18,00,23.3,-85.1,65,1
AL101886,UNNAMED,1886,10,10,00,00,23.9,-85.4,65,1
AL101886,UNNAMED,1886,10,10,06,00,24.6,-85.7,70,1
AL101886,UNNAMED,1886,10,10,12,00,25.2,-86,75,1
AL101886,UNNAMED,1886,10,10,18,00,25.7,-86.4,80,1
AL101886,UNNAMED,1886,10,11,00,00,26.2,-86.9,85,2
AL101886,UNNAMED,1886,10,11,06,00,26.7,-87.5,90,2
AL101886,UNNAMED,1886,10,11,12,00,27.2,-88.1,95,2
AL101886,UNNAMED,1886,10,11,18,00,27.6,-89,100,3
AL101886,UNNAMED,1886,10,12,00,00,27.9,-90.3,105,3
AL101886,UNNAMED,1886,10,12,06,00,28.2,-91.7,105,3
AL101886,UNNAMED,1886,10,12,12,00,28.6,-92.7,105,3
AL101886,UNNAMED,1886,10,12,18,00,29.2,-93.3,105,3
AL101886,UNNAMED,1886,10,12,22,00,29.8,-93.5,105,3
AL101886,UNNAMED,1886,10,13,00,00,30.1,-93.6,75,1
AL101886,UNNAMED,1886,10,13,06,00,31.1,-93.7,65,1
AL101886,UNNAMED,1886,10,13,12,00,32.3,-93.5,50,0
AL101886,UNNAMED,1886,10,13,18,00,33.2,-92.9,35,0
