id,name,year,month,day,hour,minute,lat,lon,max_sustained_wind_kts,sshws
AL102004,UNNAMED,2004,09,07,12,00,31.5,-39.7,25,0
AL102004,UNNAMED,2004,09,07,18,00,31.7,-39.3,25,0
AL102004,UNNAMED,2004,09,08,00,00,32,-38.7,25,0
AL102004,UNNAMED,2004,09,08,06,00,32.3,-38.1,25,0
AL102004,UNNAMED,2004,09,08,12,00,32.8,-37.1,25,0
AL102004,UNNAMED,2004,09,08,18,00,33.8,-36,25,0
AL102004,UNNAMED,2004,09,09,00,00,35.3,-35,30,0
AL102004,UNNAMED,2004,09,09,06,00,36.2,-34.3,30,0
AL102004,UNNAMED,2004,09,09,12,00,36.5,-33.6,30,0
AL102004,UNNAMED,2004,09,09,18,00,36,-33.4,30,0
AL102004,UNNAMED,2004,09,10,00,00,35.7,-32.3,30,0
AL102004,UNNAMED,2004,09,10,06,00,35.5,-31,25,0
AL102004,UNNAMED,2004,09,10,12,00,35.3,-29.5,20,0
