id,name,year,month,day,hour,minute,lat,lon,max_sustained_wind_kts,sshws
AL101989,GABRIELLE,1989,08,30,12,00,11.6,-21,25,0
AL101989,GABRIELLE,1989,08,30,18,00,11.3,-23,30,0
AL101989,GABRIELLE,1989,08,31,00,00,11.3,-24.8,35,0
AL101989,GABRIELLE,1989,08,31,06,00,11.4,-26.5,35,0
AL101989,GABRIELLE,1989,08,31,12,00,11.5,-28.3,45,0
AL101989,GABRIELLE,1989,08,31,18,00,11.5,-30,55,0
AL101989,GABRIELLE,1989,09,01,00,00,11.5,-31.7,65,1
AL101989,GABRIELLE,1989,09,01,06,00,11.8,-33.4,65,1
AL101989,GABRIELLE,1989,09,01,12,00,12.3,-35.1,65,1
AL101989,GABRIELLE,1989,09,01,18,00,12.8,-36.8,65,1
AL101989,GABRIELLE,1989,09,02,00,00,13.4,-38.6,75,1
AL101989,GABRIELLE,1989,09,02,06,00,13.9,-40.3,80,1
AL101989,GABRIELLE,1989,09,02,12,00,14.4,-42,85,2
AL101989,GABRIELLE,1989,09,02,18,00,14.8,-43.8,90,2
AL101989,GABRIELLE,1989,09,03,00,00,15.2,-45.5,95,2
AL101989,GABRIELLE,1989,09,03,06,00,15.6,-47.2,100,3
AL101989,GABRIELLE,1989,09,03,12,00,16.1,-48.8,105,3
AL101989,GABRIELLE,1989,09,03,18,00,16.5,-50.3,105,3
AL101989,GABRIELLE,1989,09,03,20,46,16.8,-50.9,105,3
AL101989,GABRIELLE,1989,09,04,00,00,17,-51.5,105,3
AL101989,GABRIELLE,1989,09,04,06,00,17.4,-52.7,110,3
AL101989,GABRIELLE,1989,09,04,12,00,18,-53.8,115,4
AL101989,GABRIELLE,1989,09,04,18,00,18.6,-54.8,120,4
AL101989,GABRIELLE,1989,09,05,00,00,19.3,-55.7,125,4
AL101989,GABRIELLE,1989,09,05,06,00,19.9,-56.5,125,4
AL101989,GABRIELLE,1989,09,05,12,00,20.6,-57.2,125,4
AL101989,GABRIELLE,1989,09,05,18,00,21.4,-57.8,125,4
AL101989,GABRIELLE,1989,09,06,00,00,22.2,-58.3,125,4
AL101989,GABRIELLE,1989,09,06,06,00,23.1,-58.8,120,4
AL101989,GABRIELLE,1989,09,06,12,00,24,-59.3,120,4
AL101989,GABRIELLE,1989,09,06,18,00,25.1,-59.8,120,4
AL101989,GABRIELLE,1989,09,07,00,00,26.4,-60,120,4
AL101989,GABRIELLE,1989,09,07,06,00,27.7,-60,105,3
AL101989,GABRIELLE,1989,09,07,12,00,29,-59.9,95,2
AL101989,GABRIELLE,1989,09,07,18,00,30.5,-59.8,95,2
AL101989,GABRIELLE,1989,09,08,00,00,32.1,-59.6,95,2
AL101989,GABRIELLE,1989,09,08,06,00,33.7,-59.6,90,2
AL101989,GABRIELLE,1989,09,08,12,00,35.1,-59.6,85,2
AL101989,GABRIELLE,1989,09,08,18,00,36.4,-59.7,80,1
AL101989,GABRIELLE,1989,09,09,00,00,37.2,-59.8,75,1
AL101989,GABRIELLE,1989,09,09,06,00,38,-59.9,70,1
AL101989,GABRIELLE,1989,09,09,12,00,38.5,-60,65,1
AL101989,GABRIELLE,1989,09,09,18,00,38.9,-60.1,65,1
AL101989,GABRIELLE,1989,09,10,00,00,39.1,-60.3,65,1
AL101989,GABRIELLE,1989,09,10,06,00,39.1,-60.4,60,0
AL101989,GABRIELLE,1989,09,10,12,00,39.1,-60.6,60,0
AL101989,GABRIELLE,1989,09,10,18,00,39.1,-61.1,55,0
AL101989,GABRIELLE,1989,09,11,00,00,39.1,-61.6,50,0
AL101989,GABRIELLE,1989,09,11,06,00,39,-62,45,0
AL101989,GABRIELLE,1989,09,11,12,00,39.4,-62,40,0
AL101989,GABRIELLE,1989,09,11,18,00,39.9,-61.3,35,0
AL101989,GABRIELLE,1989,09,12,00,00,40.2,-60.6,35,0
AL101989,GABRIELLE,1989,09,12,06,00,40.3,-59.7,35,0
AL101989,GABRIELLE,1989,09,12,12,00,40.5,-58.7,30,0
AL101989,GABRIELLE,1989,09,12,18,00,41,-57.1,30,0
AL101989,GABRIELLE,1989,09,13,00,00,41.8,-55.3,30,0
AL101989,GABRIELLE,1989,09,13,06,00,42.7,-53.5,30,0
AL101989,GABRIELLE,1989,09,13,12,00,43.8,-51.5,30,0
