AL101971	UNNAMED	1971	08	28	12	00	24	-73	20	0
AL101971	UNNAMED	1971	08	28	18	00	24.2	-74.1	25	0
AL101971	UNNAMED	1971	08	29	00	00	24.5	-75.2	25	0
AL101971	UNNAMED	1971	08	29	06	00	24.8	-76.4	25	0
AL101971	UNNAMED	1971	08	29	12	00	25	-77.5	25	0
AL101971	UNNAMED	1971	08	29	18	00	25.2	-78.6	25	0
AL101971	UNNAMED	1971	08	30	00	00	25.5	-79.7	25	0
AL101971	UNNAMED	1971	08	30	06	00	25.8	-80.9	25	0
AL101971	UNNAMED	1971	08	30	12	00	26	-82	20	0
AL101971	UNNAMED	1971	08	30	18	00	26.2	-83.5	20	0
AL101971	UNNAMED	1971	08	31	00	00	26.5	-85	25	0
AL101971	UNNAMED	1971	08	31	06	00	26.8	-86.5	25	0
AL101971	UNNAMED	1971	08	31	12	00	27	-88	25	0
AL101971	UNNAMED	1971	08	31	18	00	27.7	-88.7	25	0
AL101971	UNNAMED	1971	09	01	00	00	28.5	-89.5	25	0
AL101971	UNNAMED	1971	09	01	06	00	29.2	-90.2	25	0
AL101971	UNNAMED	1971	09	01	12	00	30	-91	-99	0
