AL101893	UNNAMED	1893	09	27	12	00	16.4	-81.7	35	0
AL101893	UNNAMED	1893	09	27	18	00	17	-82.6	40	0
AL101893	UNNAMED	1893	09	28	00	00	17.7	-83.4	55	0
AL101893	UNNAMED	1893	09	28	06	00	18.3	-84.2	65	1
AL101893	UNNAMED	1893	09	28	12	00	19	-85	75	1
AL101893	UNNAMED	1893	09	28	18	00	19.7	-85.8	85	2
AL101893	UNNAMED	1893	09	29	00	00	20.3	-86.5	85	2
AL101893	UNNAMED	1893	09	29	06	00	21	-87.3	80	1
AL101893	UNNAMED	1893	09	29	12	00	21.7	-88	80	1
AL101893	UNNAMED	1893	09	29	18	00	22.4	-88.7	80	1
AL101893	UNNAMED	1893	09	30	00	00	23.1	-89.2	85	2
AL101893	UNNAMED	1893	09	30	06	00	23.8	-89.7	85	2
AL101893	UNNAMED	1893	09	30	12	00	24.5	-90.2	85	2
AL101893	UNNAMED	1893	09	30	18	00	25.1	-90.6	85	2
AL101893	UNNAMED	1893	10	01	00	00	25.7	-90.8	85	2
AL101893	UNNAMED	1893	10	01	06	00	26.2	-91	85	2
AL101893	UNNAMED	1893	10	01	12	00	26.9	-91	95	2
AL101893	UNNAMED	1893	10	01	18	00	27.6	-90.9	105	3
AL101893	UNNAMED	1893	10	02	00	00	28.4	-90.5	115	4
AL101893	UNNAMED	1893	10	02	06	00	29.1	-90	115	4
AL101893	UNNAMED	1893	10	02	08	00	29.3	-89.8	115	4
AL101893	UNNAMED	1893	10	02	12	00	29.9	-89.3	95	2
AL101893	UNNAMED	1893	10	02	16	00	30.3	-88.9	95	2
AL101893	UNNAMED	1893	10	02	18	00	30.5	-88.7	85	2
AL101893	UNNAMED	1893	10	03	00	00	31.3	-87.8	65	1
AL101893	UNNAMED	1893	10	03	06	00	32	-86.7	55	0
AL101893	UNNAMED	1893	10	03	12	00	32.7	-85.5	50	0
AL101893	UNNAMED	1893	10	03	18	00	33.4	-83.9	45	0
AL101893	UNNAMED	1893	10	04	00	00	34	-81.8	40	0
AL101893	UNNAMED	1893	10	04	06	00	34.6	-79.7	40	0
AL101893	UNNAMED	1893	10	04	12	00	35.1	-78	35	0
AL101893	UNNAMED	1893	10	04	18	00	35.4	-76	35	0
AL101893	UNNAMED	1893	10	05	00	00	35.3	-74	35	0
AL101893	UNNAMED	1893	10	05	06	00	35.2	-72.2	35	0
AL101893	UNNAMED	1893	10	05	12	00	35	-70.4	35	0
