id,name,year,month,day,hour,minute,lat,lon,max_sustained_wind_kts,sshws
AL101933,UNNAMED,1933,08,26,18,00,18.9,-92.3,25,0
AL101933,UNNAMED,1933,08,27,00,00,19.2,-92.5,25,0
AL101933,UNNAMED,1933,08,27,06,00,19.6,-92.8,25,0
AL101933,UNNAMED,1933,08,27,12,00,20,-93,25,0
AL101933,UNNAMED,1933,08,27,18,00,20.4,-93.3,25,0
AL101933,UNNAMED,1933,08,28,00,00,20.8,-93.5,30,0
AL101933,UNNAMED,1933,08,28,06,00,21.1,-93.7,30,0
AL101933,UNNAMED,1933,08,28,12,00,21.4,-94,30,0
AL101933,UNNAMED,1933,08,28,18,00,21.7,-94.8,35,0
AL101933,UNNAMED,1933,08,29,00,00,22,-95.7,35,0
AL101933,UNNAMED,1933,08,29,06,00,22,-96.6,35,0
AL101933,UNNAMED,1933,08,29,12,00,22,-97.4,35,0
AL101933,UNNAMED,1933,08,29,18,00,21.9,-98.3,30,0
AL101933,UNNAMED,1933,08,30,00,00,21.5,-99.2,25,0
