AL101937	UNNAMED	1937	10	02	00	00	24.5	-87.7	35	0
AL101937	UNNAMED	1937	10	02	06	00	24.9	-88.6	40	0
AL101937	UNNAMED	1937	10	02	12	00	26.1	-89.7	40	0
AL101937	UNNAMED	1937	10	02	18	00	27.3	-91	40	0
AL101937	UNNAMED	1937	10	03	00	00	28.1	-91.9	35	0
AL101937	UNNAMED	1937	10	03	06	00	28.8	-92.1	35	0
AL101937	UNNAMED	1937	10	03	12	00	29.5	-92	35	0
AL101937	UNNAMED	1937	10	03	14	00	29.8	-92	35	0
AL101937	UNNAMED	1937	10	03	18	00	30.5	-92	30	0
AL101937	UNNAMED	1937	10	04	00	00	31.8	-92	30	0
AL101937	UNNAMED	1937	10	04	06	00	33.2	-91.9	25	0
