AL101947	UNNAMED	1947	10	17	00	00	19	-63.2	35	0
AL101947	UNNAMED	1947	10	17	06	00	19.5	-64.7	40	0
AL101947	UNNAMED	1947	10	17	12	00	20	-66.2	45	0
AL101947	UNNAMED	1947	10	17	18	00	20.7	-67.5	50	0
AL101947	UNNAMED	1947	10	18	00	00	21.4	-68.7	60	0
AL101947	UNNAMED	1947	10	18	06	00	22.1	-69.6	65	1
AL101947	UNNAMED	1947	10	18	12	00	22.8	-70.2	70	1
AL101947	UNNAMED	1947	10	18	18	00	23.7	-70.4	80	1
AL101947	UNNAMED	1947	10	19	00	00	24.7	-70.5	85	2
AL101947	UNNAMED	1947	10	19	06	00	25.9	-70.2	90	2
AL101947	UNNAMED	1947	10	19	12	00	27.3	-69.9	100	3
AL101947	UNNAMED	1947	10	19	18	00	28.6	-69.2	105	3
AL101947	UNNAMED	1947	10	20	00	00	29.9	-68.1	105	3
AL101947	UNNAMED	1947	10	20	06	00	31.3	-66.9	105	3
AL101947	UNNAMED	1947	10	20	12	00	32.7	-65.7	100	3
AL101947	UNNAMED	1947	10	20	18	00	33.7	-65.1	100	3
AL101947	UNNAMED	1947	10	21	00	00	34.8	-64	95	2
AL101947	UNNAMED	1947	10	21	06	00	36.1	-61.4	90	2
AL101947	UNNAMED	1947	10	21	12	00	37.5	-59	85	2
AL101947	UNNAMED	1947	10	21	18	00	38.4	-56.6	85	2
AL101947	UNNAMED	1947	10	22	00	00	39	-52	80	1
AL101947	UNNAMED	1947	10	22	06	00	39.5	-47	65	1
