id,name,year,month,day,hour,minute,lat,lon,max_sustained_wind_kts,sshws
AL101926,UNNAMED,1926,10,14,06,00,11.5,-81.2,25,0
AL101926,UNNAMED,1926,10,14,12,00,11.5,-81,25,0
AL101926,UNNAMED,1926,10,14,18,00,11.6,-80.9,30,0
AL101926,UNNAMED,1926,10,15,00,00,11.7,-80.8,35,0
AL101926,UNNAMED,1926,10,15,06,00,11.8,-80.7,35,0
AL101926,UNNAMED,1926,10,15,12,00,12,-80.7,35,0
AL101926,UNNAMED,1926,10,15,18,00,12.1,-80.6,40,0
AL101926,UNNAMED,1926,10,16,00,00,12.2,-80.6,40,0
AL101926,UNNAMED,1926,10,16,06,00,12.4,-80.5,45,0
AL101926,UNNAMED,1926,10,16,12,00,12.6,-80.5,45,0
AL101926,UNNAMED,1926,10,16,18,00,12.9,-80.5,50,0
AL101926,UNNAMED,1926,10,17,00,00,13.2,-80.5,50,0
AL101926,UNNAMED,1926,10,17,06,00,13.5,-80.6,55,0
AL101926,UNNAMED,1926,10,17,12,00,13.9,-80.7,55,0
AL101926,UNNAMED,1926,10,17,18,00,14.3,-80.9,60,0
AL101926,UNNAMED,1926,10,18,00,00,14.8,-81.2,65,1
AL101926,UNNAMED,1926,10,18,06,00,15.3,-81.5,70,1
AL101926,UNNAMED,1926,10,18,12,00,15.8,-81.8,75,1
AL101926,UNNAMED,1926,10,18,18,00,16.5,-82.3,80,1
AL101926,UNNAMED,1926,10,19,00,00,17.3,-82.7,95,2
AL101926,UNNAMED,1926,10,19,06,00,18.2,-83,115,4
AL101926,UNNAMED,1926,10,19,12,00,19.1,-82.9,120,4
AL101926,UNNAMED,1926,10,19,18,00,19.8,-82.9,120,4
AL101926,UNNAMED,1926,10,20,00,00,20.5,-82.9,125,4
AL101926,UNNAMED,1926,10,20,06,00,21.3,-82.8,125,4
AL101926,UNNAMED,1926,10,20,12,00,22.3,-82.7,130,4
AL101926,UNNAMED,1926,10,20,18,00,23.4,-82.1,120,4
AL101926,UNNAMED,1926,10,21,00,00,24.5,-81,110,3
AL101926,UNNAMED,1926,10,21,06,00,25.6,-79.7,110,3
AL101926,UNNAMED,1926,10,21,12,00,26.9,-78,110,3
AL101926,UNNAMED,1926,10,21,18,00,28,-75.5,110,3
AL101926,UNNAMED,1926,10,22,00,00,29.1,-73,110,3
AL101926,UNNAMED,1926,10,22,06,00,30.1,-70.3,110,3
AL101926,UNNAMED,1926,10,22,12,00,31.2,-67.5,105,3
AL101926,UNNAMED,1926,10,22,18,00,32.4,-64.7,105,3
AL101926,UNNAMED,1926,10,23,00,00,33.8,-62.2,95,2
AL101926,UNNAMED,1926,10,23,06,00,35.1,-59.7,85,2
AL101926,UNNAMED,1926,10,23,12,00,36,-57.2,75,1
AL101926,UNNAMED,1926,10,23,18,00,36.4,-54.7,70,1
AL101926,UNNAMED,1926,10,24,00,00,36.6,-52.2,70,1
AL101926,UNNAMED,1926,10,24,06,00,36.8,-50,70,1
AL101926,UNNAMED,1926,10,24,12,00,37,-48,70,1
AL101926,UNNAMED,1926,10,24,18,00,37.2,-46.5,70,1
AL101926,UNNAMED,1926,10,25,00,00,37.3,-45.5,75,1
AL101926,UNNAMED,1926,10,25,06,00,37.4,-44.8,75,1
AL101926,UNNAMED,1926,10,25,12,00,37.3,-44.5,80,1
AL101926,UNNAMED,1926,10,25,18,00,36.8,-44.2,80,1
AL101926,UNNAMED,1926,10,26,00,00,35.6,-44.6,75,1
AL101926,UNNAMED,1926,10,26,06,00,34,-45.6,65,1
AL101926,UNNAMED,1926,10,26,12,00,32.5,-47,55,0
AL101926,UNNAMED,1926,10,26,18,00,31.3,-48.5,50,0
AL101926,UNNAMED,1926,10,27,00,00,30.3,-50,50,0
AL101926,UNNAMED,1926,10,27,06,00,29.5,-51.5,50,0
AL101926,UNNAMED,1926,10,27,12,00,29,-53,50,0
AL101926,UNNAMED,1926,10,27,18,00,28.8,-54.2,50,0
AL101926,UNNAMED,1926,10,28,00,00,29,-55,45,0
AL101926,UNNAMED,1926,10,28,06,00,29.7,-55.5,40,0
