AL101908	UNNAMED	1908	10	19	12	00	35	-72	35	0
AL101908	UNNAMED	1908	10	19	18	00	34.3	-71.5	35	0
AL101908	UNNAMED	1908	10	20	00	00	33.7	-71	35	0
AL101908	UNNAMED	1908	10	20	06	00	33.1	-70.5	35	0
AL101908	UNNAMED	1908	10	20	12	00	32.5	-69.7	35	0
AL101908	UNNAMED	1908	10	20	18	00	31.7	-68.6	35	0
AL101908	UNNAMED	1908	10	21	00	00	30.7	-67.3	35	0
AL101908	UNNAMED	1908	10	21	06	00	29.6	-66.3	35	0
AL101908	UNNAMED	1908	10	21	12	00	28.5	-66	35	0
AL101908	UNNAMED	1908	10	21	18	00	27.5	-67.6	35	0
AL101908	UNNAMED	1908	10	22	00	00	27.4	-69.9	35	0
AL101908	UNNAMED	1908	10	22	06	00	28.2	-72.1	35	0
AL101908	UNNAMED	1908	10	22	12	00	29	-74	35	0
AL101908	UNNAMED	1908	10	22	18	00	30.3	-75.4	35	0
AL101908	UNNAMED	1908	10	23	00	00	31.4	-76.6	35	0
AL101908	UNNAMED	1908	10	23	06	00	32.4	-78.2	35	0
AL101908	UNNAMED	1908	10	23	12	00	33.4	-79.7	35	0
AL101908	UNNAMED	1908	10	23	18	00	34.2	-81	30	0
