AL101955	JANET	1955	09	21	18	00	13.2	-54.3	35	0
AL101955	JANET	1955	09	22	00	00	13.3	-56	50	0
AL101955	JANET	1955	09	22	06	00	13.1	-57.6	50	0
AL101955	JANET	1955	09	22	12	00	12.9	-59.2	105	3
AL101955	JANET	1955	09	22	18	00	12.5	-60.4	105	3
AL101955	JANET	1955	09	23	00	00	12.3	-61.4	100	3
AL101955	JANET	1955	09	23	06	00	12.5	-62.5	85	2
AL101955	JANET	1955	09	23	12	00	12.7	-63.6	80	1
AL101955	JANET	1955	09	23	18	00	12.9	-64.8	80	1
AL101955	JANET	1955	09	24	00	00	13	-66	85	2
AL101955	JANET	1955	09	24	06	00	13.5	-66.9	95	2
AL101955	JANET	1955	09	24	12	00	14	-67.9	100	3
AL101955	JANET	1955	09	24	18	00	13.9	-69.3	110	3
AL101955	JANET	1955	09	25	00	00	13.7	-70.7	115	4
AL101955	JANET	1955	09	25	06	00	13.8	-71.8	115	4
AL101955	JANET	1955	09	25	12	00	13.9	-72.9	115	4
AL101955	JANET	1955	09	25	18	00	14.3	-74.3	115	4
AL101955	JANET	1955	09	26	00	00	14.7	-75.5	120	4
AL101955	JANET	1955	09	26	06	00	14.8	-76.3	120	4
AL101955	JANET	1955	09	26	12	00	15	-77.1	125	4
AL101955	JANET	1955	09	26	18	00	15.4	-78	125	4
AL101955	JANET	1955	09	27	00	00	15.9	-78.9	130	4
AL101955	JANET	1955	09	27	06	00	16.5	-80.2	135	4
AL101955	JANET	1955	09	27	12	00	17	-82	140	5
AL101955	JANET	1955	09	27	18	00	17.5	-84.1	145	5
AL101955	JANET	1955	09	28	00	00	18	-86.1	150	5
AL101955	JANET	1955	09	28	06	00	18.5	-88.2	130	4
AL101955	JANET	1955	09	28	12	00	19	-90.2	95	2
AL101955	JANET	1955	09	28	18	00	19.3	-91.9	90	2
AL101955	JANET	1955	09	29	00	00	19.5	-93.1	90	2
AL101955	JANET	1955	09	29	06	00	19.7	-94.2	95	2
AL101955	JANET	1955	09	29	12	00	19.9	-95.3	95	2
AL101955	JANET	1955	09	29	18	00	20	-96.3	85	2
AL101955	JANET	1955	09	30	00	00	20	-97.7	60	0
AL101955	JANET	1955	09	30	06	00	20.3	-98.8	50	0
