AL101967	UNNAMED	1967	08	20	12	00	21.1	-17	-99	0
AL101967	UNNAMED	1967	08	20	18	00	20.9	-17.8	-99	0
AL101967	UNNAMED	1967	08	21	00	00	20.1	-18.1	-99	0
AL101967	UNNAMED	1967	08	21	06	00	19.4	-19.2	-99	0
AL101967	UNNAMED	1967	08	21	12	00	18.6	-20	-99	0
AL101967	UNNAMED	1967	08	21	18	00	18	-21	-99	0
AL101967	UNNAMED	1967	08	22	00	00	17	-22.1	-99	0
AL101967	UNNAMED	1967	08	22	06	00	16.1	-23.1	-99	0
AL101967	UNNAMED	1967	08	22	12	00	15.6	-24.1	-99	0
AL101967	UNNAMED	1967	08	22	18	00	15.2	-25.1	-99	0
AL101967	UNNAMED	1967	08	23	00	00	14.9	-26.2	-99	0
AL101967	UNNAMED	1967	08	23	06	00	14.5	-27.5	-99	0
AL101967	UNNAMED	1967	08	23	12	00	13.9	-28.9	-99	0
AL101967	UNNAMED	1967	08	23	18	00	13	-30.3	-99	0
AL101967	UNNAMED	1967	08	24	00	00	12.8	-31.9	-99	0
AL101967	UNNAMED	1967	08	24	06	00	12.2	-33.9	-99	0
AL101967	UNNAMED	1967	08	24	12	00	12	-35	-99	0
