AL101942	UNNAMED	1942	10	13	12	00	19.4	-76.9	30	0
AL101942	UNNAMED	1942	10	13	18	00	20.2	-76.4	30	0
AL101942	UNNAMED	1942	10	14	00	00	21.2	-76.1	30	0
AL101942	UNNAMED	1942	10	14	06	00	22.5	-76	35	0
AL101942	UNNAMED	1942	10	14	12	00	23.7	-76	35	0
AL101942	UNNAMED	1942	10	14	18	00	24.6	-76	35	0
AL101942	UNNAMED	1942	10	15	00	00	25	-76	35	0
AL101942	UNNAMED	1942	10	15	06	00	25.4	-76.1	35	0
AL101942	UNNAMED	1942	10	15	12	00	26	-76.1	35	0
AL101942	UNNAMED	1942	10	15	18	00	26.7	-75.9	35	0
AL101942	UNNAMED	1942	10	16	00	00	27.4	-75.4	40	0
AL101942	UNNAMED	1942	10	16	06	00	28.2	-74.8	40	0
AL101942	UNNAMED	1942	10	16	12	00	29	-74.1	45	0
AL101942	UNNAMED	1942	10	16	18	00	30	-73.4	45	0
AL101942	UNNAMED	1942	10	17	00	00	31	-72.6	45	0
AL101942	UNNAMED	1942	10	17	06	00	32	-72.1	45	0
AL101942	UNNAMED	1942	10	17	12	00	33	-71.8	45	0
AL101942	UNNAMED	1942	10	17	18	00	34	-70.9	40	0
AL101942	UNNAMED	1942	10	18	00	00	35	-69.6	40	0
AL101942	UNNAMED	1942	10	18	06	00	36	-68.3	35	0
AL101942	UNNAMED	1942	10	18	12	00	37	-67	35	0
AL101942	UNNAMED	1942	10	18	18	00	38	-66	35	0
