id,name,year,month,day,hour,minute,lat,lon,max_sustained_wind_kts,sshws
AL101978,ELLA,1978,08,30,00,00,26.2,-59.7,20,0
AL101978,ELLA,1978,08,30,06,00,26.5,-60.8,20,0
AL101978,ELLA,1978,08,30,12,00,27,-62,30,0
AL101978,ELLA,1978,08,30,18,00,27.3,-63.1,40,0
AL101978,ELLA,1978,08,31,00,00,27.6,-64.2,50,0
AL101978,ELLA,1978,08,31,06,00,28.2,-65.9,55,0
AL101978,ELLA,1978,08,31,12,00,28.8,-67.6,60,0
AL101978,ELLA,1978,08,31,18,00,29.3,-68.8,70,1
AL101978,ELLA,1978,09,01,00,00,29.6,-70,90,2
AL101978,ELLA,1978,09,01,06,00,30.1,-71.1,100,3
AL101978,ELLA,1978,09,01,12,00,30.7,-71.8,110,3
AL101978,ELLA,1978,09,01,18,00,31.1,-72.3,110,3
AL101978,ELLA,1978,09,02,00,00,31.2,-72.7,105,3
AL101978,ELLA,1978,09,02,06,00,31.4,-73.1,100,3
AL101978,ELLA,1978,09,02,12,00,31.6,-73.3,80,1
AL101978,ELLA,1978,09,02,18,00,31.9,-73,70,1
AL101978,ELLA,1978,09,03,00,00,32.3,-72.8,70,1
AL101978,ELLA,1978,09,03,06,00,33,-72.4,80,1
AL101978,ELLA,1978,09,03,12,00,33.8,-71.7,85,2
AL101978,ELLA,1978,09,03,18,00,35,-70.2,95,2
AL101978,ELLA,1978,09,04,00,00,36.2,-68.3,110,3
AL101978,ELLA,1978,09,04,06,00,38,-66,115,4
AL101978,ELLA,1978,09,04,12,00,40,-63,120,4
AL101978,ELLA,1978,09,04,18,00,42.5,-59.5,115,4
AL101978,ELLA,1978,09,05,00,00,45,-55,105,3
AL101978,ELLA,1978,09,05,06,00,47.2,-50.2,80,1
AL101978,ELLA,1978,09,05,12,00,49,-45,65,1
