AL102003	FABIAN	2003	08	27	18	00	14.6	-30.7	25	0
AL102003	FABIAN	2003	08	28	00	00	14.7	-32.3	30	0
AL102003	FABIAN	2003	08	28	06	00	14.9	-34.2	30	0
AL102003	FABIAN	2003	08	28	12	00	15	-36.2	35	0
AL102003	FABIAN	2003	08	28	18	00	15.1	-38.2	40	0
AL102003	FABIAN	2003	08	29	00	00	15.2	-40.1	45	0
AL102003	FABIAN	2003	08	29	06	00	15.4	-41.8	50	0
AL102003	FABIAN	2003	08	29	12	00	15.5	-43.1	50	0
AL102003	FABIAN	2003	08	29	18	00	15.8	-44.3	60	0
AL102003	FABIAN	2003	08	30	00	00	16.3	-45.6	65	1
AL102003	FABIAN	2003	08	30	06	00	16.7	-46.9	70	1
AL102003	FABIAN	2003	08	30	12	00	17	-48	85	2
AL102003	FABIAN	2003	08	30	18	00	17.3	-49.2	100	3
AL102003	FABIAN	2003	08	31	00	00	17.6	-50.3	110	3
AL102003	FABIAN	2003	08	31	06	00	17.8	-51.4	110	3
AL102003	FABIAN	2003	08	31	12	00	18	-52.5	110	3
AL102003	FABIAN	2003	08	31	18	00	18.2	-53.5	115	4
AL102003	FABIAN	2003	09	01	00	00	18.3	-54.3	120	4
AL102003	FABIAN	2003	09	01	06	00	18.5	-55.3	120	4
AL102003	FABIAN	2003	09	01	12	00	18.7	-56.3	120	4
AL102003	FABIAN	2003	09	01	18	00	19	-57.3	125	4
AL102003	FABIAN	2003	09	02	00	00	19.3	-58.3	125	4
AL102003	FABIAN	2003	09	02	06	00	19.6	-59.2	120	4
AL102003	FABIAN	2003	09	02	12	00	20.1	-59.9	120	4
AL102003	FABIAN	2003	09	02	18	00	20.5	-60.7	120	4
AL102003	FABIAN	2003	09	03	00	00	20.9	-61.3	115	4
AL102003	FABIAN	2003	09	03	06	00	21.3	-61.8	110	3
AL102003	FABIAN	2003	09	03	12	00	21.9	-62.3	110	3
AL102003	FABIAN	2003	09	03	18	00	22.5	-62.8	110	3
AL102003	FABIAN	2003	09	04	00	00	23.2	-63	115	4
AL102003	FABIAN	2003	09	04	06	00	23.8	-63.3	105	3
AL102003	FABIAN	2003	09	04	12	00	24.8	-63.8	105	3
AL102003	FABIAN	2003	09	04	18	00	25.8	-64.3	110	3
AL102003	FABIAN	2003	09	05	00	00	27.1	-64.6	115	4
AL102003	FABIAN	2003	09	05	06	00	28.6	-65.1	105	3
AL102003	FABIAN	2003	09	05	12	00	30.1	-65.3	105	3
AL102003	FABIAN	2003	09	05	18	00	31.8	-65.3	105	3
AL102003	FABIAN	2003	09	06	00	00	33.4	-64.7	100	3
AL102003	FABIAN	2003	09	06	06	00	34.9	-64	100	3
AL102003	FABIAN	2003	09	06	12	00	36	-62.4	100	3
AL102003	FABIAN	2003	09	06	18	00	36.9	-60.4	100	3
AL102003	FABIAN	2003	09	07	00	00	37.9	-58.2	90	2
AL102003	FABIAN	2003	09	07	06	00	39.1	-55.7	85	2
AL102003	FABIAN	2003	09	07	12	00	40.6	-53.4	80	1
AL102003	FABIAN	2003	09	07	18	00	42.3	-50.7	75	1
AL102003	FABIAN	2003	09	08	00	00	44.3	-47.9	70	1
AL102003	FABIAN	2003	09	08	06	00	46.3	-44.7	70	1
AL102003	FABIAN	2003	09	08	12	00	48.7	-40.8	65	1
AL102003	FABIAN	2003	09	08	18	00	51.7	-36	65	1
AL102003	FABIAN	2003	09	09	00	00	54	-32	60	0
AL102003	FABIAN	2003	09	09	06	00	56	-29	50	0
AL102003	FABIAN	2003	09	09	12	00	58	-27	50	0
AL102003	FABIAN	2003	09	09	18	00	60	-27	40	0
