id,name,year,month,day,hour,minute,lat,lon,max_sustained_wind_kts,sshws
AL101906,UNNAMED,1906,10,15,06,00,21,-69.4,35,0
AL101906,UNNAMED,1906,10,15,12,00,21.7,-70,35,0
AL101906,UNNAMED,1906,10,15,18,00,22.7,-70.7,35,0
AL101906,UNNAMED,1906,10,16,00,00,23.9,-71.3,35,0
AL101906,UNNAMED,1906,10,16,06,00,25.2,-71.6,35,0
AL101906,UNNAMED,1906,10,16,12,00,26.2,-71.3,35,0
AL101906,UNNAMED,1906,10,16,18,00,27.1,-71,35,0
AL101906,UNNAMED,1906,10,17,00,00,27.8,-70.4,35,0
AL101906,UNNAMED,1906,10,17,06,00,28.2,-69.8,35,0
AL101906,UNNAMED,1906,10,17,12,00,28.5,-69.3,35,0
AL101906,UNNAMED,1906,10,17,18,00,28.8,-68.5,35,0
AL101906,UNNAMED,1906,10,18,00,00,29,-67.7,40,0
AL101906,UNNAMED,1906,10,18,06,00,29.2,-66.9,40,0
AL101906,UNNAMED,1906,10,18,12,00,29.3,-66,45,0
AL101906,UNNAMED,1906,10,18,18,00,29.3,-65,45,0
AL101906,UNNAMED,1906,10,19,00,00,29.3,-64,40,0
AL101906,UNNAMED,1906,10,19,06,00,29.3,-63,40,0
AL101906,UNNAMED,1906,10,19,12,00,29.3,-62,35,0
AL101906,UNNAMED,1906,10,19,18,00,29.3,-61,35,0
AL101906,UNNAMED,1906,10,20,00,00,29.2,-60,30,0
AL101906,UNNAMED,1906,10,20,06,00,29.1,-59,30,0
AL101906,UNNAMED,1906,10,20,12,00,29,-58,25,0
AL101906,UNNAMED,1906,10,20,18,00,28.9,-57.1,25,0
