AL101891	UNNAMED	1891	11	03	00	00	24.1	-73.8	35	0
AL101891	UNNAMED	1891	11	03	06	00	25	-72.5	35	0
AL101891	UNNAMED	1891	11	03	12	00	25.7	-71.6	40	0
AL101891	UNNAMED	1891	11	03	18	00	26.8	-70.3	45	0
AL101891	UNNAMED	1891	11	04	00	00	27.9	-68.7	45	0
AL101891	UNNAMED	1891	11	04	06	00	29.1	-66.8	50	0
AL101891	UNNAMED	1891	11	04	12	00	30.2	-64.7	50	0
AL101891	UNNAMED	1891	11	04	18	00	31.3	-62.1	50	0
AL101891	UNNAMED	1891	11	05	00	00	32.5	-59.2	50	0
AL101891	UNNAMED	1891	11	05	06	00	33.8	-56.2	50	0
AL101891	UNNAMED	1891	11	05	12	00	35.2	-53.8	45	0
AL101891	UNNAMED	1891	11	05	18	00	38	-51.2	40	0
AL101891	UNNAMED	1891	11	06	00	00	41.6	-49	35	0
