AL101924	UNNAMED	1924	10	14	00	00	15.7	-83.5	25	0
AL101924	UNNAMED	1924	10	14	06	00	16.1	-83.9	25	0
AL101924	UNNAMED	1924	10	14	12	00	16.5	-84.2	30	0
AL101924	UNNAMED	1924	10	14	18	00	16.9	-84.4	30	0
AL101924	UNNAMED	1924	10	15	00	00	17.3	-84.6	30	0
AL101924	UNNAMED	1924	10	15	06	00	17.7	-84.8	35	0
AL101924	UNNAMED	1924	10	15	12	00	18	-85	40	0
AL101924	UNNAMED	1924	10	15	18	00	18.3	-85.2	50	0
AL101924	UNNAMED	1924	10	16	00	00	18.6	-85.5	60	0
AL101924	UNNAMED	1924	10	16	06	00	18.9	-85.8	70	1
AL101924	UNNAMED	1924	10	16	12	00	19	-86	80	1
AL101924	UNNAMED	1924	10	16	18	00	18.9	-86.2	80	1
AL101924	UNNAMED	1924	10	17	00	00	18.8	-86.4	80	1
AL101924	UNNAMED	1924	10	17	06	00	18.6	-86.5	85	2
AL101924	UNNAMED	1924	10	17	12	00	18.4	-86.5	85	2
AL101924	UNNAMED	1924	10	17	18	00	18.3	-86.4	85	2
AL101924	UNNAMED	1924	10	18	00	00	18.3	-86.2	90	2
AL101924	UNNAMED	1924	10	18	06	00	18.4	-86	95	2
AL101924	UNNAMED	1924	10	18	12	00	18.6	-85.8	100	3
AL101924	UNNAMED	1924	10	18	18	00	19.1	-85.6	110	3
AL101924	UNNAMED	1924	10	19	00	00	19.7	-85.3	120	4
AL101924	UNNAMED	1924	10	19	06	00	20.4	-85	130	4
AL101924	UNNAMED	1924	10	19	12	00	21.3	-84.7	145	5
AL101924	UNNAMED	1924	10	19	18	00	22.4	-84.4	145	5
AL101924	UNNAMED	1924	10	20	00	00	23.4	-84	130	4
AL101924	UNNAMED	1924	10	20	06	00	24.4	-83.5	115	4
AL101924	UNNAMED	1924	10	20	12	00	25.2	-83	100	3
AL101924	UNNAMED	1924	10	20	18	00	25.5	-82.5	90	2
AL101924	UNNAMED	1924	10	21	00	00	25.8	-81.9	80	1
AL101924	UNNAMED	1924	10	21	01	00	25.8	-81.8	80	1
AL101924	UNNAMED	1924	10	21	06	00	25.9	-81	70	1
AL101924	UNNAMED	1924	10	21	12	00	26	-80.1	60	0
AL101924	UNNAMED	1924	10	21	18	00	26.3	-78.9	60	0
AL101924	UNNAMED	1924	10	22	00	00	26.8	-77.4	60	0
AL101924	UNNAMED	1924	10	22	06	00	27.3	-75.6	60	0
AL101924	UNNAMED	1924	10	22	12	00	28	-73.5	55	0
AL101924	UNNAMED	1924	10	22	18	00	28.7	-71.4	50	0
AL101924	UNNAMED	1924	10	23	00	00	29.4	-69.3	45	0
AL101924	UNNAMED	1924	10	23	06	00	30.1	-67.2	40	0
AL101924	UNNAMED	1924	10	23	12	00	31	-65	30	0
