AL101973	DELIA	1973	09	01	18	00	20.5	-86.5	30	0
AL101973	DELIA	1973	09	02	00	00	21.3	-86.8	30	0
AL101973	DELIA	1973	09	02	06	00	21.9	-87	30	0
AL101973	DELIA	1973	09	02	12	00	22.5	-87.1	30	0
AL101973	DELIA	1973	09	02	18	00	23.1	-87.4	30	0
AL101973	DELIA	1973	09	03	00	00	24	-88	40	0
AL101973	DELIA	1973	09	03	06	00	25	-88.9	50	0
AL101973	DELIA	1973	09	03	12	00	25.9	-89.9	60	0
AL101973	DELIA	1973	09	03	18	00	26.5	-91	60	0
AL101973	DELIA	1973	09	04	00	00	27	-92.4	60	0
AL101973	DELIA	1973	09	04	06	00	26.9	-93	60	0
AL101973	DELIA	1973	09	04	12	00	27.5	-93.1	60	0
AL101973	DELIA	1973	09	04	18	00	28.4	-94	60	0
AL101973	DELIA	1973	09	05	00	00	29	-94.9	55	0
AL101973	DELIA	1973	09	05	06	00	28.9	-95.8	50	0
AL101973	DELIA	1973	09	05	12	00	28.1	-96	45	0
AL101973	DELIA	1973	09	05	18	00	28	-95.5	40	0
AL101973	DELIA	1973	09	06	00	00	28	-95.2	45	0
AL101973	DELIA	1973	09	06	06	00	29	-95.6	40	0
AL101973	DELIA	1973	09	06	12	00	29.8	-96.3	35	0
AL101973	DELIA	1973	09	06	18	00	30.3	-98.1	30	0
AL101973	DELIA	1973	09	07	00	00	30.2	-100.2	30	0
AL101973	DELIA	1973	09	07	06	00	29.2	-101.7	30	0
