AL101887	UNNAMED	1887	09	14	18	00	23	-53.7	35	0
AL101887	UNNAMED	1887	09	15	00	00	24.3	-54.1	40	0
AL101887	UNNAMED	1887	09	15	06	00	26.2	-54.7	40	0
AL101887	UNNAMED	1887	09	15	12	00	28.1	-55	45	0
AL101887	UNNAMED	1887	09	15	18	00	29.5	-55.3	50	0
AL101887	UNNAMED	1887	09	16	00	00	30.8	-55.5	55	0
AL101887	UNNAMED	1887	09	16	06	00	32.5	-55.6	60	0
AL101887	UNNAMED	1887	09	16	12	00	34	-55.3	65	1
AL101887	UNNAMED	1887	09	16	18	00	35.4	-55.1	70	1
AL101887	UNNAMED	1887	09	17	00	00	37.4	-54.7	70	1
AL101887	UNNAMED	1887	09	17	06	00	39.3	-54.1	70	1
AL101887	UNNAMED	1887	09	17	12	00	41	-53.5	70	1
AL101887	UNNAMED	1887	09	17	18	00	42.8	-52.7	70	1
AL101887	UNNAMED	1887	09	18	00	00	45.7	-51.4	70	1
AL101887	UNNAMED	1887	09	18	06	00	48	-49.8	65	1
AL101887	UNNAMED	1887	09	18	12	00	50.5	-48	60	0
AL101887	UNNAMED	1887	09	18	18	00	53.1	-44.5	55	0
