AL101992	FRANCES	1992	10	22	12	00	26.3	-60.8	30	0
AL101992	FRANCES	1992	10	22	18	00	26.6	-61.2	40	0
AL101992	FRANCES	1992	10	23	00	00	27.1	-61.4	50	0
AL101992	FRANCES	1992	10	23	06	00	27.7	-61.4	55	0
AL101992	FRANCES	1992	10	23	12	00	28.3	-61.3	60	0
AL101992	FRANCES	1992	10	23	18	00	28.7	-61.1	65	1
AL101992	FRANCES	1992	10	24	00	00	29	-60.6	65	1
AL101992	FRANCES	1992	10	24	06	00	29.6	-59.9	70	1
AL101992	FRANCES	1992	10	24	12	00	30.6	-58.8	75	1
AL101992	FRANCES	1992	10	24	18	00	32.1	-57.4	75	1
AL101992	FRANCES	1992	10	25	00	00	33.8	-56.2	70	1
AL101992	FRANCES	1992	10	25	06	00	35.7	-54.9	65	1
AL101992	FRANCES	1992	10	25	12	00	37.7	-53.7	65	1
AL101992	FRANCES	1992	10	25	18	00	39.6	-52.7	60	0
AL101992	FRANCES	1992	10	26	00	00	41.4	-51.7	60	0
AL101992	FRANCES	1992	10	26	06	00	43.2	-50.2	60	0
AL101992	FRANCES	1992	10	26	12	00	44.8	-48.6	60	0
AL101992	FRANCES	1992	10	26	18	00	46	-46.9	55	0
AL101992	FRANCES	1992	10	27	00	00	47	-44.9	55	0
AL101992	FRANCES	1992	10	27	06	00	47.6	-42.7	50	0
AL101992	FRANCES	1992	10	27	12	00	48	-40	45	0
AL101992	FRANCES	1992	10	27	18	00	48	-37	40	0
AL101992	FRANCES	1992	10	28	00	00	48	-34	40	0
AL101992	FRANCES	1992	10	28	06	00	47.5	-31	35	0
AL101992	FRANCES	1992	10	28	12	00	47	-27.5	35	0
AL101992	FRANCES	1992	10	28	18	00	46	-24	35	0
AL101992	FRANCES	1992	10	29	00	00	45	-20	40	0
AL101992	FRANCES	1992	10	29	06	00	44	-16	35	0
AL101992	FRANCES	1992	10	29	12	00	43.5	-12	35	0
AL101992	FRANCES	1992	10	29	18	00	43	-9	30	0
AL101992	FRANCES	1992	10	30	00	00	43	-7	30	0
