AL101903	UNNAMED	1903	11	17	06	00	19	-37	35	0
AL101903	UNNAMED	1903	11	17	12	00	19.5	-38.5	35	0
AL101903	UNNAMED	1903	11	17	18	00	19.9	-39.7	35	0
AL101903	UNNAMED	1903	11	18	00	00	20.4	-41.3	35	0
AL101903	UNNAMED	1903	11	18	06	00	21.1	-42.9	35	0
AL101903	UNNAMED	1903	11	18	12	00	21.9	-44.4	35	0
AL101903	UNNAMED	1903	11	18	18	00	22.8	-45.6	35	0
AL101903	UNNAMED	1903	11	19	00	00	23.7	-46.8	35	0
AL101903	UNNAMED	1903	11	19	06	00	24.5	-48	40	0
AL101903	UNNAMED	1903	11	19	12	00	25.5	-49.3	45	0
AL101903	UNNAMED	1903	11	19	18	00	26.4	-49.8	50	0
AL101903	UNNAMED	1903	11	20	00	00	27.3	-49.6	60	0
AL101903	UNNAMED	1903	11	20	06	00	28.2	-49.3	65	1
AL101903	UNNAMED	1903	11	20	12	00	29	-48.5	70	1
AL101903	UNNAMED	1903	11	20	18	00	29.2	-47.7	70	1
AL101903	UNNAMED	1903	11	21	00	00	29.3	-47.1	70	1
AL101903	UNNAMED	1903	11	21	06	00	29.3	-46.2	70	1
AL101903	UNNAMED	1903	11	21	12	00	29.3	-45.4	70	1
AL101903	UNNAMED	1903	11	21	18	00	29.5	-44.7	70	1
AL101903	UNNAMED	1903	11	22	00	00	29.7	-44.1	70	1
AL101903	UNNAMED	1903	11	22	06	00	30	-43.6	70	1
AL101903	UNNAMED	1903	11	22	12	00	30.4	-43.2	70	1
AL101903	UNNAMED	1903	11	22	18	00	31.3	-42.9	70	1
AL101903	UNNAMED	1903	11	23	00	00	32.8	-42.7	70	1
AL101903	UNNAMED	1903	11	23	06	00	34.3	-42.5	70	1
AL101903	UNNAMED	1903	11	23	12	00	35.4	-42.3	70	1
AL101903	UNNAMED	1903	11	23	18	00	36.3	-42.1	70	1
AL101903	UNNAMED	1903	11	24	00	00	37	-41.9	70	1
AL101903	UNNAMED	1903	11	24	06	00	37.7	-41.7	70	1
AL101903	UNNAMED	1903	11	24	12	00	38.5	-41.4	70	1
AL101903	UNNAMED	1903	11	24	18	00	39.4	-40.9	70	1
AL101903	UNNAMED	1903	11	25	00	00	40.3	-40.5	65	1
AL101903	UNNAMED	1903	11	25	06	00	41.3	-40	65	1
AL101903	UNNAMED	1903	11	25	12	00	42.2	-39.6	65	1
AL101903	UNNAMED	1903	11	25	18	00	43.5	-38.9	50	0
