AL101931	UNNAMED	1931	10	18	12	00	17.2	-85.5	30	0
AL101931	UNNAMED	1931	10	18	18	00	18	-84.7	35	0
AL101931	UNNAMED	1931	10	19	00	00	18.8	-83.8	40	0
AL101931	UNNAMED	1931	10	19	06	00	19.7	-82.8	40	0
AL101931	UNNAMED	1931	10	19	12	00	20.6	-81.6	40	0
AL101931	UNNAMED	1931	10	19	18	00	21.7	-80.2	40	0
AL101931	UNNAMED	1931	10	20	00	00	23	-78.1	35	0
AL101931	UNNAMED	1931	10	20	06	00	24.4	-75.6	40	0
AL101931	UNNAMED	1931	10	20	12	00	25.8	-73.1	40	0
AL101931	UNNAMED	1931	10	20	18	00	26.7	-70.6	40	0
AL101931	UNNAMED	1931	10	21	00	00	27.2	-68.5	45	0
AL101931	UNNAMED	1931	10	21	06	00	27.6	-66.8	45	0
AL101931	UNNAMED	1931	10	21	12	00	28	-64.8	50	0
AL101931	UNNAMED	1931	10	21	18	00	28.5	-62.3	55	0
AL101931	UNNAMED	1931	10	22	00	00	29.3	-59.4	55	0
AL101931	UNNAMED	1931	10	22	06	00	30.3	-56.3	55	0
AL101931	UNNAMED	1931	10	22	12	00	31.2	-53.4	55	0
AL101931	UNNAMED	1931	10	22	18	00	31.6	-50.9	55	0
