id,name,year,month,day,hour,minute,lat,lon,max_sustained_wind_kts,sshws
AL101880,UNNAMED,1880,10,10,00,00,23.9,-65.3,70,1
AL101880,UNNAMED,1880,10,10,06,00,24.2,-65.4,70,1
AL101880,UNNAMED,1880,10,10,12,00,24.5,-65.5,70,1
AL101880,UNNAMED,1880,10,10,18,00,24.7,-65.6,70,1
AL101880,UNNAMED,1880,10,11,00,00,25.2,-65.6,70,1
AL101880,UNNAMED,1880,10,11,06,00,25.6,-65.8,70,1
AL101880,UNNAMED,1880,10,11,12,00,26,-66,70,1
AL101880,UNNAMED,1880,10,11,18,00,26.3,-66.1,70,1
AL101880,UNNAMED,1880,10,12,00,00,26.5,-66.1,80,1
AL101880,UNNAMED,1880,10,12,06,00,26.8,-66.3,80,1
AL101880,UNNAMED,1880,10,12,12,00,27,-66.5,80,1
AL101880,UNNAMED,1880,10,12,18,00,27.2,-66.6,80,1
AL101880,UNNAMED,1880,10,13,00,00,27.4,-66.8,80,1
AL101880,UNNAMED,1880,10,13,06,00,27.6,-66.9,80,1
AL101880,UNNAMED,1880,10,13,12,00,28,-67,80,1
AL101880,UNNAMED,1880,10,13,18,00,28.8,-66.8,80,1
AL101880,UNNAMED,1880,10,14,00,00,29.5,-66.1,80,1
AL101880,UNNAMED,1880,10,14,06,00,30.2,-65.4,80,1
AL101880,UNNAMED,1880,10,14,12,00,30.7,-64.6,70,1
AL101880,UNNAMED,1880,10,14,18,00,31.8,-63.7,70,1
AL101880,UNNAMED,1880,10,15,00,00,33.5,-62.4,70,1
AL101880,UNNAMED,1880,10,15,06,00,35,-61.4,70,1
AL101880,UNNAMED,1880,10,15,12,00,36.3,-60.5,60,0
AL101880,UNNAMED,1880,10,15,18,00,38.2,-59.5,60,0
AL101880,UNNAMED,1880,10,16,00,00,40.4,-58.2,60,0
AL101880,UNNAMED,1880,10,16,06,00,42.8,-56.3,60,0
AL101880,UNNAMED,1880,10,16,12,00,44.3,-54,60,0
AL101880,UNNAMED,1880,10,16,18,00,45.2,-51,60,0
