id,name,year,month,day,hour,minute,lat,lon,max_sustained_wind_kts,sshws
AL101974,CARMEN,1974,08,29,06,00,16.8,-55.8,30,0
AL101974,CARMEN,1974,08,29,12,00,16.4,-58,30,0
AL101974,CARMEN,1974,08,29,18,00,16.5,-60.3,30,0
AL101974,CARMEN,1974,08,30,00,00,16.6,-62.7,30,0
AL101974,CARMEN,1974,08,30,06,00,16.8,-65,30,0
AL101974,CARMEN,1974,08,30,12,00,17,-67.4,35,0
AL101974,CARMEN,1974,08,30,18,00,17,-69.9,40,0
AL101974,CARMEN,1974,08,31,00,00,17,-72.2,45,0
AL101974,CARMEN,1974,08,31,06,00,17,-74.2,50,0
AL101974,CARMEN,1974,08,31,12,00,17,-76,65,1
AL101974,CARMEN,1974,08,31,18,00,17.2,-77.9,75,1
AL101974,CARMEN,1974,09,01,00,00,17.3,-79.8,80,1
AL101974,CARMEN,1974,09,01,06,00,17.5,-81.5,85,2
AL101974,CARMEN,1974,09,01,12,00,17.7,-83.2,105,3
AL101974,CARMEN,1974,09,01,18,00,17.8,-84.7,115,4
AL101974,CARMEN,1974,09,02,00,00,18,-85.9,125,4
AL101974,CARMEN,1974,09,02,06,00,18.4,-86.8,130,4
AL101974,CARMEN,1974,09,02,12,00,18.6,-87.9,120,4
AL101974,CARMEN,1974,09,02,18,00,18.8,-88.8,90,2
AL101974,CARMEN,1974,09,03,00,00,19.1,-89.3,60,0
AL101974,CARMEN,1974,09,03,06,00,19.3,-89.7,60,0
AL101974,CARMEN,1974,09,03,12,00,19.6,-90.2,60,0
AL101974,CARMEN,1974,09,03,18,00,19.9,-90.4,60,0
AL101974,CARMEN,1974,09,04,00,00,20,-90.7,55,0
AL101974,CARMEN,1974,09,04,06,00,20.1,-90.8,50,0
AL101974,CARMEN,1974,09,04,12,00,20.3,-91,50,0
AL101974,CARMEN,1974,09,04,18,00,20.5,-91,55,0
AL101974,CARMEN,1974,09,05,00,00,20.7,-90.9,50,0
AL101974,CARMEN,1974,09,05,06,00,20.9,-90.9,55,0
AL101974,CARMEN,1974,09,05,12,00,21.2,-90.8,65,1
AL101974,CARMEN,1974,09,05,18,00,21.5,-90.7,65,1
AL101974,CARMEN,1974,09,06,00,00,21.9,-90.5,65,1
AL101974,CARMEN,1974,09,06,06,00,22.4,-90.5,70,1
AL101974,CARMEN,1974,09,06,12,00,22.9,-90.4,80,1
AL101974,CARMEN,1974,09,06,18,00,23.7,-90.4,95,2
AL101974,CARMEN,1974,09,07,00,00,24.6,-90.3,100,3
AL101974,CARMEN,1974,09,07,06,00,25.7,-90.3,105,3
AL101974,CARMEN,1974,09,07,12,00,26.8,-90.3,110,3
AL101974,CARMEN,1974,09,07,18,00,27.8,-90.4,115,4
AL101974,CARMEN,1974,09,08,00,00,28.7,-90.8,130,4
AL101974,CARMEN,1974,09,08,06,00,29.4,-91.3,105,3
AL101974,CARMEN,1974,09,08,12,00,30,-92.1,75,1
AL101974,CARMEN,1974,09,08,18,00,30.5,-92.6,45,0
AL101974,CARMEN,1974,09,09,00,00,30.8,-93.6,30,0
AL101974,CARMEN,1974,09,09,06,00,30.9,-94.4,25,0
AL101974,CARMEN,1974,09,09,12,00,31,-95.1,25,0
AL101974,CARMEN,1974,09,09,18,00,31.1,-95.6,25,0
AL101974,CARMEN,1974,09,10,00,00,31.2,-96.3,25,0
AL101974,CARMEN,1974,09,10,06,00,31.3,-96.7,25,0
