id,name,year,month,day,hour,minute,lat,lon,max_sustained_wind_kts,sshws
AL101945,UNNAMED,1945,10,02,06,00,15.5,-81,40,0
AL101945,UNNAMED,1945,10,02,12,00,15.6,-81.5,50,0
AL101945,UNNAMED,1945,10,02,18,00,15.8,-82,60,0
AL101945,UNNAMED,1945,10,03,00,00,16.1,-82.5,65,1
AL101945,UNNAMED,1945,10,03,06,00,16.4,-83.1,70,1
AL101945,UNNAMED,1945,10,03,12,00,16.6,-83.8,70,1
AL101945,UNNAMED,1945,10,03,18,00,16.8,-84.9,75,1
AL101945,UNNAMED,1945,10,04,00,00,16.6,-86.1,80,1
AL101945,UNNAMED,1945,10,04,06,00,16.4,-87.4,80,1
AL101945,UNNAMED,1945,10,04,12,00,16.2,-88.7,80,1
AL101945,UNNAMED,1945,10,04,18,00,16,-90,55,0
AL101945,UNNAMED,1945,10,05,00,00,15.8,-91.3,35,0
AL101945,UNNAMED,1945,10,05,06,00,15.7,-92.6,30,0
AL101945,UNNAMED,1945,10,05,12,00,15.5,-94,30,0
AL101945,UNNAMED,1945,10,05,18,00,15.5,-95.7,30,0
AL101945,UNNAMED,1945,10,06,00,00,15.8,-97.7,30,0
AL101945,UNNAMED,1945,10,06,06,00,16.3,-99.7,30,0
AL101945,UNNAMED,1945,10,06,12,00,17,-101.5,30,0
AL101945,UNNAMED,1945,10,06,18,00,18,-102.7,30,0
AL101945,UNNAMED,1945,10,07,00,00,19.3,-103.5,30,0
AL101945,UNNAMED,1945,10,07,06,00,21,-104.1,30,0
AL101945,UNNAMED,1945,10,07,12,00,23,-104.5,25,0
