AL101980	EARL	1980	09	04	12	00	17.7	-24	25	0
AL101980	EARL	1980	09	04	18	00	17.4	-25.3	30	0
AL101980	EARL	1980	09	05	00	00	17.8	-26.7	35	0
AL101980	EARL	1980	09	05	06	00	18.2	-28	40	0
AL101980	EARL	1980	09	05	12	00	18.8	-29.5	40	0
AL101980	EARL	1980	09	05	18	00	19.2	-31	40	0
AL101980	EARL	1980	09	06	00	00	19.7	-32	40	0
AL101980	EARL	1980	09	06	06	00	20.3	-33.8	40	0
AL101980	EARL	1980	09	06	12	00	21	-35.5	45	0
AL101980	EARL	1980	09	06	18	00	21.5	-36.5	45	0
AL101980	EARL	1980	09	07	00	00	22.2	-37.8	45	0
AL101980	EARL	1980	09	07	06	00	23.2	-38.8	45	0
AL101980	EARL	1980	09	07	12	00	25	-39.7	45	0
AL101980	EARL	1980	09	07	18	00	27	-40.3	50	0
AL101980	EARL	1980	09	08	00	00	29	-41.2	60	0
AL101980	EARL	1980	09	08	06	00	30.4	-42.5	65	1
AL101980	EARL	1980	09	08	12	00	32	-43.5	65	1
AL101980	EARL	1980	09	08	18	00	33.3	-44.1	65	1
AL101980	EARL	1980	09	09	00	00	34.7	-44.3	65	1
AL101980	EARL	1980	09	09	06	00	36.3	-43.8	65	1
AL101980	EARL	1980	09	09	12	00	38	-43.1	65	1
AL101980	EARL	1980	09	09	18	00	40.5	-41.5	65	1
AL101980	EARL	1980	09	10	00	00	43	-39	65	1
AL101980	EARL	1980	09	10	06	00	45.2	-36	65	1
AL101980	EARL	1980	09	10	12	00	47.5	-32.5	55	0
AL101980	EARL	1980	09	10	18	00	49.5	-28.5	55	0
AL101980	EARL	1980	09	11	00	00	51.5	-23.5	55	0
