AL101961	JENNY	1961	11	01	12	00	17	-62	30	0
AL101961	JENNY	1961	11	01	18	00	19.3	-61	30	0
AL101961	JENNY	1961	11	02	00	00	21	-60	30	0
AL101961	JENNY	1961	11	02	06	00	22.3	-59	30	0
AL101961	JENNY	1961	11	02	12	00	23.8	-58	30	0
AL101961	JENNY	1961	11	02	18	00	24.8	-57.2	30	0
AL101961	JENNY	1961	11	03	00	00	26	-56.8	30	0
AL101961	JENNY	1961	11	03	06	00	26.7	-55.6	30	0
AL101961	JENNY	1961	11	03	12	00	26.9	-54.5	30	0
AL101961	JENNY	1961	11	03	18	00	27	-52.9	30	0
AL101961	JENNY	1961	11	04	00	00	27	-51.3	30	0
AL101961	JENNY	1961	11	04	06	00	27	-48.9	30	0
AL101961	JENNY	1961	11	04	12	00	27	-47	30	0
AL101961	JENNY	1961	11	04	18	00	26	-46	30	0
AL101961	JENNY	1961	11	05	00	00	25.7	-45	30	0
AL101961	JENNY	1961	11	05	06	00	25.9	-43.8	30	0
AL101961	JENNY	1961	11	05	12	00	26.5	-43.2	30	0
AL101961	JENNY	1961	11	05	18	00	27.6	-43.5	30	0
AL101961	JENNY	1961	11	06	00	00	28.8	-47	45	0
AL101961	JENNY	1961	11	06	06	00	28.4	-49.1	55	0
AL101961	JENNY	1961	11	06	12	00	28	-51	65	1
AL101961	JENNY	1961	11	06	18	00	28.3	-52.3	70	1
AL101961	JENNY	1961	11	07	00	00	28.5	-52.4	70	1
AL101961	JENNY	1961	11	07	06	00	28.7	-52.5	65	1
AL101961	JENNY	1961	11	07	12	00	28.8	-52.8	60	0
AL101961	JENNY	1961	11	07	18	00	29.7	-51.9	60	0
AL101961	JENNY	1961	11	08	00	00	30.4	-51.7	55	0
AL101961	JENNY	1961	11	08	06	00	31.1	-50.9	50	0
AL101961	JENNY	1961	11	08	12	00	31.8	-50.4	50	0
AL101961	JENNY	1961	11	08	18	00	32.4	-49.3	45	0
AL101961	JENNY	1961	11	09	00	00	32.7	-48.6	40	0
AL101961	JENNY	1961	11	09	06	00	33.2	-47.5	40	0
AL101961	JENNY	1961	11	09	12	00	33.8	-46.5	35	0
AL101961	JENNY	1961	11	09	18	00	34.5	-45.8	35	0
