AL102002	ISIDORE	2002	09	14	18	00	10	-60.5	25	0
AL102002	ISIDORE	2002	09	15	00	00	10.2	-62.4	25	0
AL102002	ISIDORE	2002	09	15	06	00	10.6	-64.3	25	0
AL102002	ISIDORE	2002	09	15	12	00	11.2	-66.4	25	0
AL102002	ISIDORE	2002	09	15	18	00	12.3	-68.5	25	0
AL102002	ISIDORE	2002	09	16	00	00	14.2	-70.5	20	0
AL102002	ISIDORE	2002	09	16	06	00	15	-71.9	20	0
AL102002	ISIDORE	2002	09	16	12	00	15.5	-73.2	20	0
AL102002	ISIDORE	2002	09	16	18	00	15.7	-74.5	20	0
AL102002	ISIDORE	2002	09	17	00	00	15.8	-75.3	25	0
AL102002	ISIDORE	2002	09	17	06	00	15.8	-76.1	25	0
AL102002	ISIDORE	2002	09	17	12	00	15.9	-76.8	30	0
AL102002	ISIDORE	2002	09	17	18	00	16.3	-77.4	30	0
AL102002	ISIDORE	2002	09	18	00	00	16.7	-77.7	30	0
AL102002	ISIDORE	2002	09	18	06	00	17.1	-78.1	35	0
AL102002	ISIDORE	2002	09	18	12	00	17.7	-78.5	40	0
AL102002	ISIDORE	2002	09	18	18	00	18.7	-78.6	45	0
AL102002	ISIDORE	2002	09	19	00	00	19.3	-79.3	50	0
AL102002	ISIDORE	2002	09	19	06	00	19.7	-80.4	50	0
AL102002	ISIDORE	2002	09	19	12	00	19.9	-80.9	60	0
AL102002	ISIDORE	2002	09	19	18	00	20.4	-81.7	65	1
AL102002	ISIDORE	2002	09	20	00	00	20.7	-82.3	75	1
AL102002	ISIDORE	2002	09	20	06	00	21.1	-83	90	2
AL102002	ISIDORE	2002	09	20	12	00	21.5	-83.5	85	2
AL102002	ISIDORE	2002	09	20	18	00	21.8	-84	75	1
AL102002	ISIDORE	2002	09	20	21	00	22	-84.1	75	1
AL102002	ISIDORE	2002	09	21	00	00	22.1	-84.3	75	1
AL102002	ISIDORE	2002	09	21	06	00	22.3	-85.1	85	2
AL102002	ISIDORE	2002	09	21	12	00	22	-85.8	100	3
AL102002	ISIDORE	2002	09	21	18	00	21.9	-86.1	110	3
AL102002	ISIDORE	2002	09	22	00	00	22.1	-86.5	110	3
AL102002	ISIDORE	2002	09	22	06	00	22	-87.4	110	3
AL102002	ISIDORE	2002	09	22	12	00	21.9	-88.2	110	3
AL102002	ISIDORE	2002	09	22	18	00	21.6	-88.9	110	3
AL102002	ISIDORE	2002	09	22	21	00	21.3	-89.3	110	3
AL102002	ISIDORE	2002	09	23	00	00	21	-89.4	100	3
AL102002	ISIDORE	2002	09	23	06	00	20.6	-89.6	70	1
AL102002	ISIDORE	2002	09	23	12	00	20.1	-89.6	60	0
AL102002	ISIDORE	2002	09	23	18	00	20.3	-89.4	50	0
AL102002	ISIDORE	2002	09	24	00	00	20.5	-89.3	35	0
AL102002	ISIDORE	2002	09	24	06	00	21	-89.5	45	0
AL102002	ISIDORE	2002	09	24	12	00	21.7	-89.7	50	0
AL102002	ISIDORE	2002	09	24	18	00	22.1	-89.8	50	0
AL102002	ISIDORE	2002	09	25	00	00	23	-89.7	50	0
AL102002	ISIDORE	2002	09	25	06	00	24.2	-89.7	50	0
AL102002	ISIDORE	2002	09	25	12	00	25.4	-90.2	50	0
AL102002	ISIDORE	2002	09	25	18	00	26.3	-90.4	55	0
AL102002	ISIDORE	2002	09	26	00	00	27.5	-90.3	55	0
AL102002	ISIDORE	2002	09	26	06	00	29.1	-90.3	55	0
AL102002	ISIDORE	2002	09	26	12	00	30	-89.9	55	0
AL102002	ISIDORE	2002	09	26	18	00	32.2	-89.8	40	0
AL102002	ISIDORE	2002	09	27	00	00	33	-89	20	0
AL102002	ISIDORE	2002	09	27	06	00	35	-86.5	20	0
AL102002	ISIDORE	2002	09	27	12	00	39.1	-82.9	20	0
AL102002	ISIDORE	2002	09	27	18	00	40.9	-79.5	20	0
