AL101953	UNNAMED	1953	10	03	18	00	20.3	-79	35	0
AL101953	UNNAMED	1953	10	04	00	00	21.5	-80	35	0
AL101953	UNNAMED	1953	10	04	06	00	22.4	-80.2	35	0
AL101953	UNNAMED	1953	10	04	12	00	23.3	-80.3	35	0
AL101953	UNNAMED	1953	10	04	18	00	24.3	-80.1	35	0
AL101953	UNNAMED	1953	10	05	00	00	25.3	-79.7	35	0
AL101953	UNNAMED	1953	10	05	06	00	26.5	-79	35	0
AL101953	UNNAMED	1953	10	05	12	00	27.8	-78.1	40	0
AL101953	UNNAMED	1953	10	05	18	00	29	-76.9	40	0
AL101953	UNNAMED	1953	10	06	00	00	30.2	-75.4	40	0
AL101953	UNNAMED	1953	10	06	06	00	32	-73.3	40	0
AL101953	UNNAMED	1953	10	06	12	00	34	-71.2	45	0
AL101953	UNNAMED	1953	10	06	18	00	35.5	-69.6	50	0
AL101953	UNNAMED	1953	10	07	00	00	37.7	-68	55	0
AL101953	UNNAMED	1953	10	07	06	00	38.8	-66.5	60	0
AL101953	UNNAMED	1953	10	07	12	00	40.5	-65	60	0
AL101953	UNNAMED	1953	10	07	18	00	42	-63.7	60	0
AL101953	UNNAMED	1953	10	08	00	00	43.5	-62.5	60	0
AL101953	UNNAMED	1953	10	08	06	00	45.2	-61.6	60	0
AL101953	UNNAMED	1953	10	08	12	00	47	-60.2	60	0
AL101953	UNNAMED	1953	10	08	18	00	49.1	-57	60	0
AL101953	UNNAMED	1953	10	09	00	00	51	-53.1	55	0
AL101953	UNNAMED	1953	10	09	06	00	52.3	-49.7	55	0
AL101953	UNNAMED	1953	10	09	12	00	53.4	-46.2	50	0
AL101953	UNNAMED	1953	10	09	18	00	54.5	-41.7	50	0
AL101953	UNNAMED	1953	10	10	00	00	55.4	-37.2	50	0
AL101953	UNNAMED	1953	10	10	06	00	56.2	-33.8	50	0
AL101953	UNNAMED	1953	10	10	12	00	57	-30.3	50	0
AL101953	UNNAMED	1953	10	10	18	00	58.3	-27.7	45	0
