AL101948	UNNAMED	1948	11	08	18	00	25.8	-66	45	0
AL101948	UNNAMED	1948	11	09	00	00	26.2	-67.8	50	0
AL101948	UNNAMED	1948	11	09	06	00	26.6	-69.5	50	0
AL101948	UNNAMED	1948	11	09	12	00	27.1	-71.2	55	0
AL101948	UNNAMED	1948	11	09	18	00	27.8	-72.8	60	0
AL101948	UNNAMED	1948	11	10	00	00	28.9	-73.9	65	1
AL101948	UNNAMED	1948	11	10	06	00	30.1	-74.4	65	1
AL101948	UNNAMED	1948	11	10	12	00	31.4	-74.8	65	1
AL101948	UNNAMED	1948	11	10	18	00	33.6	-75	60	0
AL101948	UNNAMED	1948	11	11	00	00	35.7	-73.9	55	0
AL101948	UNNAMED	1948	11	11	06	00	36.8	-72.5	40	0
