id,name,year,month,day,hour,minute,lat,lon,max_sustained_wind_kts,sshws
AL111966,LOIS,1966,11,04,12,00,26.5,-50,25,0
AL111966,LOIS,1966,11,04,18,00,26.5,-52.2,25,0
AL111966,LOIS,1966,11,05,00,00,26.2,-54,25,0
AL111966,LOIS,1966,11,05,06,00,25.6,-55.4,25,0
AL111966,LOIS,1966,11,05,12,00,25,-56,25,0
AL111966,LOIS,1966,11,05,18,00,24.8,-55.7,25,0
AL111966,LOIS,1966,11,06,00,00,24.5,-55.2,25,0
AL111966,LOIS,1966,11,06,06,00,24.3,-54.6,30,0
AL111966,LOIS,1966,11,06,12,00,24,-54,30,0
AL111966,LOIS,1966,11,06,18,00,23.9,-53.5,50,0
AL111966,LOIS,1966,11,07,00,00,23.9,-53,50,0
AL111966,LOIS,1966,11,07,06,00,23.8,-52.6,50,0
AL111966,LOIS,1966,11,07,12,00,23.7,-52.3,55,0
AL111966,LOIS,1966,11,07,18,00,24,-51.4,60,0
AL111966,LOIS,1966,11,08,00,00,24.8,-49.8,70,1
AL111966,LOIS,1966,11,08,06,00,25.8,-47.7,70,1
AL111966,LOIS,1966,11,08,12,00,27.4,-45.6,70,1
AL111966,LOIS,1966,11,08,18,00,30.1,-43.4,70,1
AL111966,LOIS,1966,11,09,00,00,32.6,-41.3,70,1
AL111966,LOIS,1966,11,09,06,00,34.2,-39.8,70,1
AL111966,LOIS,1966,11,09,12,00,35.8,-38.4,70,1
AL111966,LOIS,1966,11,09,18,00,37.3,-36.8,70,1
AL111966,LOIS,1966,11,10,00,00,38.8,-35.2,70,1
AL111966,LOIS,1966,11,10,06,00,40,-33.7,70,1
AL111966,LOIS,1966,11,10,12,00,41.2,-32.2,65,1
AL111966,LOIS,1966,11,10,18,00,42.6,-30.5,65,1
AL111966,LOIS,1966,11,11,00,00,43.9,-28.8,65,1
AL111966,LOIS,1966,11,11,06,00,45,-27.2,65,1
AL111966,LOIS,1966,11,11,12,00,45.8,-25.7,65,1
AL111966,LOIS,1966,11,11,18,00,46.4,-23.9,65,1
AL111966,LOIS,1966,11,12,00,00,46.8,-22.1,65,1
AL111966,LOIS,1966,11,12,06,00,47,-21,60,0
AL111966,LOIS,1966,11,12,12,00,46.7,-20,55,0
AL111966,LOIS,1966,11,12,18,00,45.9,-18.6,45,0
AL111966,LOIS,1966,11,13,00,00,45,-17.2,45,0
AL111966,LOIS,1966,11,13,06,00,44.3,-16.3,45,0
AL111966,LOIS,1966,11,13,12,00,43.5,-15.5,45,0
AL111966,LOIS,1966,11,13,18,00,42.5,-14.8,45,0
AL111966,LOIS,1966,11,14,00,00,41.2,-14.3,45,0
