id,name,year,month,day,hour,minute,lat,lon,max_sustained_wind_kts,sshws
AL111932,UNNAMED,1932,10,07,00,00,15.6,-82.4,30,0
AL111932,UNNAMED,1932,10,07,06,00,15.8,-82.8,30,0
AL111932,UNNAMED,1932,10,07,12,00,16,-83.2,35,0
AL111932,UNNAMED,1932,10,07,18,00,16.2,-83.6,35,0
AL111932,UNNAMED,1932,10,08,00,00,16.4,-84,35,0
AL111932,UNNAMED,1932,10,08,06,00,16.7,-84.4,35,0
AL111932,UNNAMED,1932,10,08,12,00,17,-84.8,35,0
AL111932,UNNAMED,1932,10,08,18,00,17.2,-85.4,40,0
AL111932,UNNAMED,1932,10,09,00,00,17.3,-86,45,0
AL111932,UNNAMED,1932,10,09,06,00,17.5,-86.4,50,0
AL111932,UNNAMED,1932,10,09,12,00,17.7,-86.8,55,0
AL111932,UNNAMED,1932,10,09,18,00,17.9,-87.2,60,0
AL111932,UNNAMED,1932,10,10,00,00,18,-87.6,60,0
AL111932,UNNAMED,1932,10,10,06,00,18.2,-88,50,0
AL111932,UNNAMED,1932,10,10,12,00,18.3,-88.5,40,0
AL111932,UNNAMED,1932,10,10,18,00,18.2,-89,35,0
AL111932,UNNAMED,1932,10,11,00,00,18.1,-89.5,35,0
AL111932,UNNAMED,1932,10,11,06,00,18,-90,35,0
AL111932,UNNAMED,1932,10,11,12,00,18,-90.4,30,0
AL111932,UNNAMED,1932,10,11,18,00,18,-90.7,30,0
AL111932,UNNAMED,1932,10,12,00,00,18,-90.8,30,0
AL111932,UNNAMED,1932,10,12,06,00,18,-90.9,30,0
AL111932,UNNAMED,1932,10,12,12,00,18,-91,30,0
AL111932,UNNAMED,1932,10,12,18,00,18.2,-91.2,30,0
AL111932,UNNAMED,1932,10,13,00,00,18.6,-91.5,30,0
AL111932,UNNAMED,1932,10,13,06,00,19,-91.8,30,0
AL111932,UNNAMED,1932,10,13,12,00,19.5,-92.2,35,0
AL111932,UNNAMED,1932,10,13,18,00,20,-92.8,35,0
AL111932,UNNAMED,1932,10,14,00,00,20.6,-93.5,40,0
AL111932,UNNAMED,1932,10,14,06,00,21.2,-94,40,0
AL111932,UNNAMED,1932,10,14,12,00,22,-94.3,40,0
AL111932,UNNAMED,1932,10,14,18,00,23.1,-94.4,45,0
AL111932,UNNAMED,1932,10,15,00,00,24.6,-94,45,0
AL111932,UNNAMED,1932,10,15,06,00,26.1,-93.4,50,0
AL111932,UNNAMED,1932,10,15,12,00,27.5,-92.5,50,0
AL111932,UNNAMED,1932,10,15,18,00,28.7,-91.5,50,0
AL111932,UNNAMED,1932,10,16,00,00,29.8,-90.4,50,0
AL111932,UNNAMED,1932,10,16,06,00,30.8,-89.3,45,0
AL111932,UNNAMED,1932,10,16,12,00,31.8,-88.2,40,0
AL111932,UNNAMED,1932,10,16,18,00,32.5,-87.4,40,0
AL111932,UNNAMED,1932,10,17,00,00,33.2,-86.8,35,0
AL111932,UNNAMED,1932,10,17,06,00,33.8,-86.3,35,0
AL111932,UNNAMED,1932,10,17,12,00,34.4,-85.7,35,0
AL111932,UNNAMED,1932,10,17,18,00,35.1,-84.9,35,0
AL111932,UNNAMED,1932,10,18,00,00,35.9,-84,35,0
AL111932,UNNAMED,1932,10,18,06,00,36.6,-83,35,0
AL111932,UNNAMED,1932,10,18,12,00,37.3,-81.8,35,0
