AL111980	DANIELLE	1980	09	04	18	00	28.3	-90.6	25	0
AL111980	DANIELLE	1980	09	05	00	00	28.3	-91.3	25	0
AL111980	DANIELLE	1980	09	05	06	00	28.4	-91.8	25	0
AL111980	DANIELLE	1980	09	05	12	00	28.8	-92.4	30	0
AL111980	DANIELLE	1980	09	05	18	00	29.4	-93.4	50	0
AL111980	DANIELLE	1980	09	06	00	00	29.4	-94.9	40	0
AL111980	DANIELLE	1980	09	06	06	00	29.3	-96.3	35	0
AL111980	DANIELLE	1980	09	06	12	00	29.1	-97	30	0
AL111980	DANIELLE	1980	09	06	18	00	29	-97.8	25	0
AL111980	DANIELLE	1980	09	07	00	00	29	-98.3	20	0
AL111980	DANIELLE	1980	09	07	06	00	29	-99	20	0
AL111980	DANIELLE	1980	09	07	12	00	29	-100	20	0
