AL111945	UNNAMED	1945	10	10	12	00	14	-77.9	30	0
AL111945	UNNAMED	1945	10	10	18	00	14.9	-78	30	0
AL111945	UNNAMED	1945	10	11	00	00	15.8	-78.9	35	0
AL111945	UNNAMED	1945	10	11	06	00	16.8	-79.8	35	0
AL111945	UNNAMED	1945	10	11	12	00	17.8	-80.3	45	0
AL111945	UNNAMED	1945	10	11	18	00	18.8	-80.3	55	0
AL111945	UNNAMED	1945	10	12	00	00	19.6	-80.2	65	1
AL111945	UNNAMED	1945	10	12	06	00	20.5	-79.8	75	1
AL111945	UNNAMED	1945	10	12	12	00	21.6	-79.3	85	2
AL111945	UNNAMED	1945	10	12	18	00	22.9	-78.6	80	1
AL111945	UNNAMED	1945	10	13	00	00	24.2	-77.2	80	1
AL111945	UNNAMED	1945	10	13	06	00	25.6	-75.8	75	1
AL111945	UNNAMED	1945	10	13	12	00	27.2	-73.8	70	1
AL111945	UNNAMED	1945	10	13	18	00	28.5	-70.5	65	1
AL111945	UNNAMED	1945	10	14	00	00	29.9	-68	65	1
AL111945	UNNAMED	1945	10	14	06	00	31.2	-64.2	55	0
AL111945	UNNAMED	1945	10	14	12	00	32.4	-60.5	40	0
AL111945	UNNAMED	1945	10	14	18	00	33.2	-57.5	35	0
AL111945	UNNAMED	1945	10	15	00	00	34	-54.5	35	0
AL111945	UNNAMED	1945	10	15	06	00	34.9	-50.5	35	0
AL111945	UNNAMED	1945	10	15	12	00	35.8	-45.5	35	0
AL111945	UNNAMED	1945	10	15	18	00	36.7	-42.2	35	0
AL111945	UNNAMED	1945	10	16	00	00	37.2	-40	30	0
AL111945	UNNAMED	1945	10	16	06	00	37.8	-37.7	30	0
AL111945	UNNAMED	1945	10	16	12	00	38.3	-35	30	0
AL111945	UNNAMED	1945	10	16	18	00	39	-32.2	30	0
