AL111953	UNNAMED	1953	10	05	06	00	18.7	-40.2	50	0
AL111953	UNNAMED	1953	10	05	12	00	19.2	-40.7	55	0
AL111953	UNNAMED	1953	10	05	18	00	19.6	-41.2	60	0
AL111953	UNNAMED	1953	10	06	00	00	20	-41.9	55	0
AL111953	UNNAMED	1953	10	06	06	00	20.5	-42.9	50	0
AL111953	UNNAMED	1953	10	06	12	00	20.9	-44	50	0
AL111953	UNNAMED	1953	10	06	18	00	21.2	-44.8	45	0
AL111953	UNNAMED	1953	10	07	00	00	21.4	-45.7	45	0
AL111953	UNNAMED	1953	10	07	06	00	21.7	-47	45	0
AL111953	UNNAMED	1953	10	07	12	00	22	-48.2	40	0
AL111953	UNNAMED	1953	10	07	18	00	22.2	-49.5	40	0
AL111953	UNNAMED	1953	10	08	00	00	22.3	-50.7	35	0
AL111953	UNNAMED	1953	10	08	06	00	22.6	-52.1	35	0
AL111953	UNNAMED	1953	10	08	12	00	22.8	-53.8	35	0
AL111953	UNNAMED	1953	10	08	18	00	23	-55.6	30	0
AL111953	UNNAMED	1953	10	09	00	00	23	-57.4	25	0
