AL112013	JERRY	2013	09	28	00	00	21.1	-50	30	0
AL112013	JERRY	2013	09	28	06	00	22.2	-50.3	30	0
AL112013	JERRY	2013	09	28	12	00	23.3	-50.6	30	0
AL112013	JERRY	2013	09	28	18	00	24.2	-50.6	30	0
AL112013	JERRY	2013	09	29	00	00	24.9	-50.4	30	0
AL112013	JERRY	2013	09	29	06	00	25.6	-49.7	30	0
AL112013	JERRY	2013	09	29	12	00	26.2	-49	30	0
AL112013	JERRY	2013	09	29	18	00	26.7	-48.2	30	0
AL112013	JERRY	2013	09	30	00	00	27.1	-47.5	30	0
AL112013	JERRY	2013	09	30	06	00	27.2	-46.8	35	0
AL112013	JERRY	2013	09	30	12	00	27.3	-46	35	0
AL112013	JERRY	2013	09	30	18	00	27.3	-45	40	0
AL112013	JERRY	2013	10	01	00	00	27.5	-43.9	45	0
AL112013	JERRY	2013	10	01	06	00	27.7	-43.6	40	0
AL112013	JERRY	2013	10	01	12	00	28.1	-43.5	40	0
AL112013	JERRY	2013	10	01	18	00	28.1	-43.5	40	0
AL112013	JERRY	2013	10	02	00	00	28.1	-43.7	35	0
AL112013	JERRY	2013	10	02	06	00	28.1	-43.9	35	0
AL112013	JERRY	2013	10	02	12	00	28.6	-43.4	35	0
AL112013	JERRY	2013	10	02	18	00	29	-42.9	35	0
AL112013	JERRY	2013	10	03	00	00	29.4	-42.4	35	0
AL112013	JERRY	2013	10	03	06	00	30.1	-41.7	35	0
AL112013	JERRY	2013	10	03	12	00	30.8	-40.6	35	0
AL112013	JERRY	2013	10	03	18	00	31.5	-39.3	35	0
AL112013	JERRY	2013	10	04	00	00	32.5	-38	35	0
AL112013	JERRY	2013	10	04	06	00	33.1	-36.6	35	0
AL112013	JERRY	2013	10	04	12	00	33.7	-35	35	0
AL112013	JERRY	2013	10	04	18	00	34.2	-33.7	35	0
AL112013	JERRY	2013	10	05	00	00	34.5	-32.7	35	0
AL112013	JERRY	2013	10	05	06	00	35	-31.7	35	0
AL112013	JERRY	2013	10	05	12	00	35.9	-30.7	40	0
AL112013	JERRY	2013	10	05	18	00	36.7	-29.8	40	0
AL112013	JERRY	2013	10	06	00	00	38	-28.9	40	0
