AL111976	FRANCES	1976	08	27	12	00	12.5	-37.5	25	0
AL111976	FRANCES	1976	08	27	18	00	13	-39	25	0
AL111976	FRANCES	1976	08	28	00	00	13.5	-40.5	25	0
AL111976	FRANCES	1976	08	28	06	00	13.8	-42.1	25	0
AL111976	FRANCES	1976	08	28	12	00	14.3	-43.7	30	0
AL111976	FRANCES	1976	08	28	18	00	14.7	-45.3	50	0
AL111976	FRANCES	1976	08	29	00	00	15.4	-46.8	50	0
AL111976	FRANCES	1976	08	29	06	00	16.1	-48.4	50	0
AL111976	FRANCES	1976	08	29	12	00	16.6	-49.6	50	0
AL111976	FRANCES	1976	08	29	18	00	17.5	-50.5	60	0
AL111976	FRANCES	1976	08	30	00	00	18.3	-51.6	65	1
AL111976	FRANCES	1976	08	30	06	00	18.9	-52.3	65	1
AL111976	FRANCES	1976	08	30	12	00	19.4	-53.3	65	1
AL111976	FRANCES	1976	08	30	18	00	20.2	-54.2	65	1
AL111976	FRANCES	1976	08	31	00	00	21	-54.9	65	1
AL111976	FRANCES	1976	08	31	06	00	22	-55.1	65	1
AL111976	FRANCES	1976	08	31	12	00	23.1	-55.2	75	1
AL111976	FRANCES	1976	08	31	18	00	24.2	-55.2	75	1
AL111976	FRANCES	1976	09	01	00	00	25.3	-54.9	90	2
AL111976	FRANCES	1976	09	01	06	00	26.3	-54.3	100	3
AL111976	FRANCES	1976	09	01	12	00	27.2	-53.7	95	2
AL111976	FRANCES	1976	09	01	18	00	27.8	-52.6	95	2
AL111976	FRANCES	1976	09	02	00	00	28.2	-51.3	95	2
AL111976	FRANCES	1976	09	02	06	00	28.2	-50.1	95	2
AL111976	FRANCES	1976	09	02	12	00	28.3	-48.7	95	2
AL111976	FRANCES	1976	09	02	18	00	28.5	-47.1	85	2
AL111976	FRANCES	1976	09	03	00	00	28.9	-45.1	75	1
AL111976	FRANCES	1976	09	03	06	00	29	-42.9	65	1
AL111976	FRANCES	1976	09	03	12	00	29.7	-40.8	65	1
AL111976	FRANCES	1976	09	03	18	00	30.6	-39	65	1
AL111976	FRANCES	1976	09	04	00	00	32	-37.2	65	1
AL111976	FRANCES	1976	09	04	06	00	33.4	-35.6	65	1
AL111976	FRANCES	1976	09	04	12	00	34.9	-34.1	55	0
AL111976	FRANCES	1976	09	04	18	00	36.4	-32.5	55	0
AL111976	FRANCES	1976	09	05	00	00	37.8	-30.8	55	0
AL111976	FRANCES	1976	09	05	06	00	39.4	-29.3	55	0
AL111976	FRANCES	1976	09	05	12	00	41	-28	55	0
AL111976	FRANCES	1976	09	05	18	00	42.1	-27.2	55	0
AL111976	FRANCES	1976	09	06	00	00	43.5	-27.1	55	0
AL111976	FRANCES	1976	09	06	06	00	42.8	-28.6	55	0
AL111976	FRANCES	1976	09	06	12	00	42	-28.2	55	0
AL111976	FRANCES	1976	09	06	18	00	41.9	-27.6	45	0
AL111976	FRANCES	1976	09	07	00	00	41.8	-27	45	0
AL111976	FRANCES	1976	09	07	06	00	41.7	-26.3	45	0
AL111976	FRANCES	1976	09	07	12	00	41.6	-25.7	45	0
