id,name,year,month,day,hour,minute,lat,lon,max_sustained_wind_kts,sshws
AL111985,ISABEL,1985,10,07,00,00,17.8,-69.2,30,0
AL111985,ISABEL,1985,10,07,06,00,18.5,-70.5,35,0
AL111985,ISABEL,1985,10,07,12,00,19.8,-71.2,40,0
AL111985,ISABEL,1985,10,07,18,00,21.1,-71.5,40,0
AL111985,ISABEL,1985,10,08,00,00,22.4,-71.2,45,0
AL111985,ISABEL,1985,10,08,06,00,24.1,-71.1,50,0
AL111985,ISABEL,1985,10,08,12,00,25.2,-71.5,55,0
AL111985,ISABEL,1985,10,08,18,00,26.3,-72,60,0
AL111985,ISABEL,1985,10,09,00,00,27.3,-72.8,60,0
AL111985,ISABEL,1985,10,09,06,00,27.9,-73.9,60,0
AL111985,ISABEL,1985,10,09,12,00,28.1,-75.2,60,0
AL111985,ISABEL,1985,10,09,18,00,28.2,-76.6,60,0
AL111985,ISABEL,1985,10,10,00,00,29,-77.8,55,0
AL111985,ISABEL,1985,10,10,06,00,29.1,-79.2,45,0
AL111985,ISABEL,1985,10,10,12,00,29.6,-80.3,40,0
AL111985,ISABEL,1985,10,10,18,00,30.3,-81,35,0
AL111985,ISABEL,1985,10,10,21,00,30.6,-81.4,35,0
AL111985,ISABEL,1985,10,11,00,00,30.8,-81.7,30,0
AL111985,ISABEL,1985,10,11,06,00,31.3,-81.8,30,0
AL111985,ISABEL,1985,10,11,12,00,31.7,-81.6,25,0
AL111985,ISABEL,1985,10,11,18,00,31.8,-80.9,25,0
AL111985,ISABEL,1985,10,12,00,00,31.7,-80.6,25,0
AL111985,ISABEL,1985,10,12,06,00,31.6,-80.3,25,0
AL111985,ISABEL,1985,10,12,12,00,31.5,-79.9,25,0
AL111985,ISABEL,1985,10,12,18,00,31.5,-79.5,25,0
AL111985,ISABEL,1985,10,13,00,00,31.7,-79.1,25,0
AL111985,ISABEL,1985,10,13,06,00,32,-78.8,25,0
AL111985,ISABEL,1985,10,13,12,00,32.3,-78.4,25,0
AL111985,ISABEL,1985,10,13,18,00,32.6,-78,25,0
AL111985,ISABEL,1985,10,14,00,00,32.9,-77.7,25,0
AL111985,ISABEL,1985,10,14,06,00,33.2,-77.1,25,0
AL111985,ISABEL,1985,10,14,12,00,33.5,-76.6,25,0
AL111985,ISABEL,1985,10,14,18,00,33.7,-76,25,0
AL111985,ISABEL,1985,10,15,00,00,33.9,-75.2,25,0
AL111985,ISABEL,1985,10,15,06,00,34.7,-74,25,0
AL111985,ISABEL,1985,10,15,12,00,35.8,-72.7,25,0
