id,name,year,month,day,hour,minute,lat,lon,max_sustained_wind_kts,sshws
AL111926,UNNAMED,1926,11,12,06,00,11.2,-79.2,30,0
AL111926,UNNAMED,1926,11,12,12,00,11.5,-79.5,30,0
AL111926,UNNAMED,1926,11,12,18,00,11.8,-79.8,30,0
AL111926,UNNAMED,1926,11,13,00,00,12.1,-80.2,35,0
AL111926,UNNAMED,1926,11,13,06,00,12.5,-80.6,35,0
AL111926,UNNAMED,1926,11,13,12,00,13.2,-81.1,35,0
AL111926,UNNAMED,1926,11,13,18,00,14.2,-81.9,35,0
AL111926,UNNAMED,1926,11,14,00,00,15.4,-82.9,35,0
AL111926,UNNAMED,1926,11,14,06,00,16.6,-84,35,0
AL111926,UNNAMED,1926,11,14,12,00,17.5,-84.8,35,0
AL111926,UNNAMED,1926,11,14,18,00,18.2,-85.3,35,0
AL111926,UNNAMED,1926,11,15,00,00,18.8,-85.4,35,0
AL111926,UNNAMED,1926,11,15,06,00,19.4,-85.3,35,0
AL111926,UNNAMED,1926,11,15,12,00,20.1,-85,35,0
AL111926,UNNAMED,1926,11,15,18,00,20.8,-84.3,35,0
AL111926,UNNAMED,1926,11,16,00,00,21.6,-83.3,30,0
AL111926,UNNAMED,1926,11,16,06,00,22.4,-81.8,30,0
AL111926,UNNAMED,1926,11,16,12,00,23.2,-80.2,25,0
