id,name,year,month,day,hour,minute,lat,lon,max_sustained_wind_kts,sshws
AL111989,HUGO,1989,09,10,12,00,13.2,-20,25,0
AL111989,HUGO,1989,09,10,18,00,13.3,-21.8,25,0
AL111989,HUGO,1989,09,11,00,00,13.2,-23.7,30,0
AL111989,HUGO,1989,09,11,06,00,13,-25.5,30,0
AL111989,HUGO,1989,09,11,12,00,12.8,-27.3,30,0
AL111989,HUGO,1989,09,11,18,00,12.5,-29.2,35,0
AL111989,HUGO,1989,09,12,00,00,12.5,-31,40,0
AL111989,HUGO,1989,09,12,06,00,12.5,-32.9,45,0
AL111989,HUGO,1989,09,12,12,00,12.5,-34.8,45,0
AL111989,HUGO,1989,09,12,18,00,12.6,-36.7,50,0
AL111989,HUGO,1989,09,13,00,00,12.6,-38.2,55,0
AL111989,HUGO,1989,09,13,06,00,12.7,-40,55,0
AL111989,HUGO,1989,09,13,12,00,12.8,-41.8,60,0
AL111989,HUGO,1989,09,13,18,00,12.8,-43.5,65,1
AL111989,HUGO,1989,09,14,00,00,12.9,-44.9,70,1
AL111989,HUGO,1989,09,14,06,00,13,-46.3,80,1
AL111989,HUGO,1989,09,14,12,00,13.2,-47.8,85,2
AL111989,HUGO,1989,09,14,18,00,13.6,-49.1,90,2
AL111989,HUGO,1989,09,15,00,00,13.8,-50.5,100,3
AL111989,HUGO,1989,09,15,06,00,14,-51.9,110,3
AL111989,HUGO,1989,09,15,12,00,14.2,-53.3,125,4
AL111989,HUGO,1989,09,15,18,00,14.6,-54.6,140,5
AL111989,HUGO,1989,09,16,00,00,14.8,-56.1,135,4
AL111989,HUGO,1989,09,16,06,00,15.1,-57.3,130,4
AL111989,HUGO,1989,09,16,12,00,15.4,-58.4,120,4
AL111989,HUGO,1989,09,16,18,00,15.8,-59.4,120,4
AL111989,HUGO,1989,09,17,00,00,16.1,-60.4,120,4
AL111989,HUGO,1989,09,17,05,00,16.3,-61.3,120,4
AL111989,HUGO,1989,09,17,06,00,16.4,-61.5,120,4
AL111989,HUGO,1989,09,17,12,00,16.6,-62.5,125,4
AL111989,HUGO,1989,09,17,18,00,16.9,-63.5,125,4
AL111989,HUGO,1989,09,18,00,00,17.2,-64.1,130,4
AL111989,HUGO,1989,09,18,06,00,17.7,-64.8,120,4
AL111989,HUGO,1989,09,18,12,00,18.2,-65.5,110,3
AL111989,HUGO,1989,09,18,13,00,18.3,-65.6,110,3
AL111989,HUGO,1989,09,18,18,00,19.1,-66.4,105,3
AL111989,HUGO,1989,09,19,00,00,19.7,-66.8,100,3
AL111989,HUGO,1989,09,19,06,00,20.7,-67.3,90,2
AL111989,HUGO,1989,09,19,12,00,21.6,-68,90,2
AL111989,HUGO,1989,09,19,18,00,22.6,-68.6,90,2
AL111989,HUGO,1989,09,20,00,00,23.5,-69.3,90,2
AL111989,HUGO,1989,09,20,06,00,24.4,-70.1,90,2
AL111989,HUGO,1989,09,20,12,00,25.2,-71,95,2
AL111989,HUGO,1989,09,20,18,00,26.3,-72.2,95,2
AL111989,HUGO,1989,09,21,00,00,27.2,-73.4,100,3
AL111989,HUGO,1989,09,21,06,00,28,-74.9,100,3
AL111989,HUGO,1989,09,21,12,00,29,-76.1,110,3
AL111989,HUGO,1989,09,21,18,00,30.2,-77.5,120,4
AL111989,HUGO,1989,09,22,00,00,31.7,-78.8,120,4
AL111989,HUGO,1989,09,22,04,00,32.8,-79.8,120,4
AL111989,HUGO,1989,09,22,06,00,33.5,-80.3,85,2
AL111989,HUGO,1989,09,22,12,00,35.9,-81.7,55,0
AL111989,HUGO,1989,09,22,18,00,38.5,-81.8,40,0
AL111989,HUGO,1989,09,23,00,00,42.2,-80.2,35,0
AL111989,HUGO,1989,09,23,06,00,46,-74.5,40,0
AL111989,HUGO,1989,09,23,12,00,49,-69,40,0
AL111989,HUGO,1989,09,23,18,00,51,-65,40,0
AL111989,HUGO,1989,09,24,00,00,52,-62,40,0
AL111989,HUGO,1989,09,24,06,00,52.5,-60.5,40,0
AL111989,HUGO,1989,09,24,12,00,53,-59.5,40,0
AL111989,HUGO,1989,09,24,18,00,53.5,-58.5,40,0
AL111989,HUGO,1989,09,25,00,00,54,-57,40,0
AL111989,HUGO,1989,09,25,06,00,56,-52,40,0
AL111989,HUGO,1989,09,25,12,00,58,-46,40,0
