id,name,year,month,day,hour,minute,lat,lon,max_sustained_wind_kts,sshws
AL111916,UNNAMED,1916,09,17,12,00,13,-45.5,35,0
AL111916,UNNAMED,1916,09,17,18,00,13.5,-46.7,35,0
AL111916,UNNAMED,1916,09,18,00,00,14,-47.7,40,0
AL111916,UNNAMED,1916,09,18,06,00,14.5,-48.8,45,0
AL111916,UNNAMED,1916,09,18,12,00,15,-50,50,0
AL111916,UNNAMED,1916,09,18,18,00,15.5,-51.3,50,0
AL111916,UNNAMED,1916,09,19,00,00,16.1,-52.5,55,0
AL111916,UNNAMED,1916,09,19,06,00,16.8,-53.8,55,0
AL111916,UNNAMED,1916,09,19,12,00,17.5,-55,60,0
AL111916,UNNAMED,1916,09,19,18,00,18.1,-56.3,65,1
AL111916,UNNAMED,1916,09,20,00,00,18.7,-57.7,70,1
AL111916,UNNAMED,1916,09,20,06,00,19.3,-59.2,75,1
AL111916,UNNAMED,1916,09,20,12,00,20,-60.7,80,1
AL111916,UNNAMED,1916,09,20,18,00,20.7,-62.1,80,1
AL111916,UNNAMED,1916,09,21,00,00,21.3,-63.4,85,2
AL111916,UNNAMED,1916,09,21,06,00,21.9,-64.6,85,2
AL111916,UNNAMED,1916,09,21,12,00,22.5,-65.5,90,2
AL111916,UNNAMED,1916,09,21,18,00,23.2,-66.2,90,2
AL111916,UNNAMED,1916,09,22,00,00,24,-66.7,95,2
AL111916,UNNAMED,1916,09,22,06,00,24.9,-67.1,100,3
AL111916,UNNAMED,1916,09,22,12,00,25.8,-67.5,105,3
AL111916,UNNAMED,1916,09,22,18,00,26.8,-67.7,105,3
AL111916,UNNAMED,1916,09,23,00,00,27.9,-67.8,105,3
AL111916,UNNAMED,1916,09,23,06,00,29.1,-67.8,105,3
AL111916,UNNAMED,1916,09,23,12,00,30.5,-67.5,105,3
AL111916,UNNAMED,1916,09,23,18,00,32,-67,105,3
AL111916,UNNAMED,1916,09,24,00,00,33.7,-65.5,100,3
AL111916,UNNAMED,1916,09,24,06,00,35.5,-63.8,95,2
AL111916,UNNAMED,1916,09,24,12,00,37.5,-61.7,85,2
AL111916,UNNAMED,1916,09,24,18,00,39.5,-59.5,75,1
AL111916,UNNAMED,1916,09,25,00,00,42,-57,60,0
