AL111959	JUDITH	1959	10	17	12	00	21.2	-85.1	40	0
AL111959	JUDITH	1959	10	17	18	00	23.1	-85	55	0
AL111959	JUDITH	1959	10	18	00	00	24.7	-84	65	1
AL111959	JUDITH	1959	10	18	06	00	25.9	-83.3	55	0
AL111959	JUDITH	1959	10	18	12	00	26.7	-82.4	45	0
AL111959	JUDITH	1959	10	18	18	00	27	-80.4	40	0
AL111959	JUDITH	1959	10	19	00	00	27.3	-77.2	40	0
AL111959	JUDITH	1959	10	19	06	00	28.3	-73.6	50	0
AL111959	JUDITH	1959	10	19	12	00	29.4	-70	65	1
AL111959	JUDITH	1959	10	19	18	00	30.3	-66.4	65	1
AL111959	JUDITH	1959	10	20	00	00	30.9	-62.9	70	1
AL111959	JUDITH	1959	10	20	06	00	30.9	-60.6	70	1
AL111959	JUDITH	1959	10	20	12	00	30.9	-59.1	70	1
AL111959	JUDITH	1959	10	20	18	00	31.1	-57.3	70	1
AL111959	JUDITH	1959	10	21	00	00	31.3	-55.9	60	0
AL111959	JUDITH	1959	10	21	06	00	31.5	-55	60	0
AL111959	JUDITH	1959	10	21	12	00	31.7	-54.2	50	0
AL111959	JUDITH	1959	10	21	18	00	32.5	-52.3	40	0
