id,name,year,month,day,hour,minute,lat,lon,max_sustained_wind_kts,sshws
AL111909,UNNAMED,1909,10,06,12,00,10.7,-76,30,0
AL111909,UNNAMED,1909,10,06,18,00,11.2,-76.3,30,0
AL111909,UNNAMED,1909,10,07,00,00,12,-76.8,35,0
AL111909,UNNAMED,1909,10,07,06,00,12.8,-77.2,40,0
AL111909,UNNAMED,1909,10,07,12,00,13.7,-77.7,45,0
AL111909,UNNAMED,1909,10,07,18,00,14.5,-78.2,50,0
AL111909,UNNAMED,1909,10,08,00,00,15.4,-78.6,55,0
AL111909,UNNAMED,1909,10,08,06,00,16.4,-79.2,60,0
AL111909,UNNAMED,1909,10,08,12,00,17.2,-79.8,65,1
AL111909,UNNAMED,1909,10,08,18,00,17.7,-80.5,70,1
AL111909,UNNAMED,1909,10,09,00,00,18.2,-81.1,80,1
AL111909,UNNAMED,1909,10,09,06,00,18.6,-81.7,90,2
AL111909,UNNAMED,1909,10,09,12,00,19,-82.5,95,2
AL111909,UNNAMED,1909,10,09,18,00,19.3,-83.2,100,3
AL111909,UNNAMED,1909,10,10,00,00,19.6,-83.8,105,3
AL111909,UNNAMED,1909,10,10,06,00,20,-84.2,105,3
AL111909,UNNAMED,1909,10,10,12,00,20.5,-84.4,105,3
AL111909,UNNAMED,1909,10,10,18,00,21.1,-84.5,105,3
AL111909,UNNAMED,1909,10,11,00,00,21.8,-84.5,105,3
AL111909,UNNAMED,1909,10,11,06,00,22.6,-84.1,105,3
AL111909,UNNAMED,1909,10,11,12,00,23.7,-83,105,3
AL111909,UNNAMED,1909,10,11,18,00,24.7,-81,100,3
AL111909,UNNAMED,1909,10,12,00,00,26,-78.9,90,2
AL111909,UNNAMED,1909,10,12,06,00,27.5,-76.8,80,1
AL111909,UNNAMED,1909,10,12,12,00,29,-74.8,70,1
AL111909,UNNAMED,1909,10,12,18,00,30.3,-72.6,60,0
AL111909,UNNAMED,1909,10,13,00,00,31.6,-70,50,0
AL111909,UNNAMED,1909,10,13,06,00,32.9,-67.5,40,0
AL111909,UNNAMED,1909,10,13,12,00,34,-65,35,0
AL111909,UNNAMED,1909,10,13,18,00,34.9,-62.9,30,0
