AL111964	ISBELL	1964	10	08	12	00	13	-80	25	0
AL111964	ISBELL	1964	10	08	18	00	13.4	-80.6	25	0
AL111964	ISBELL	1964	10	09	00	00	14	-81.3	25	0
AL111964	ISBELL	1964	10	09	06	00	14.8	-82.2	25	0
AL111964	ISBELL	1964	10	09	12	00	15.5	-83	25	0
AL111964	ISBELL	1964	10	09	18	00	16.3	-83.5	25	0
AL111964	ISBELL	1964	10	10	00	00	17	-84	25	0
AL111964	ISBELL	1964	10	10	06	00	17.6	-84.5	25	0
AL111964	ISBELL	1964	10	10	12	00	18	-85	25	0
AL111964	ISBELL	1964	10	10	18	00	18.4	-85.2	25	0
AL111964	ISBELL	1964	10	11	00	00	18.9	-85.3	25	0
AL111964	ISBELL	1964	10	11	06	00	19.2	-85.5	25	0
AL111964	ISBELL	1964	10	11	12	00	19.4	-85.7	25	0
AL111964	ISBELL	1964	10	11	18	00	19.4	-86	25	0
AL111964	ISBELL	1964	10	12	00	00	19.3	-86.1	25	0
AL111964	ISBELL	1964	10	12	06	00	19.2	-85.9	30	0
AL111964	ISBELL	1964	10	12	12	00	19.2	-85.8	30	0
AL111964	ISBELL	1964	10	12	18	00	19.4	-85.7	30	0
AL111964	ISBELL	1964	10	13	00	00	20	-85	40	0
AL111964	ISBELL	1964	10	13	06	00	20.5	-84.8	50	0
AL111964	ISBELL	1964	10	13	12	00	21	-84.6	60	0
AL111964	ISBELL	1964	10	13	18	00	21.7	-84.5	80	1
AL111964	ISBELL	1964	10	14	00	00	22.5	-84.1	95	2
AL111964	ISBELL	1964	10	14	06	00	23.2	-83.6	100	3
AL111964	ISBELL	1964	10	14	12	00	24	-82.9	110	3
AL111964	ISBELL	1964	10	14	18	00	25.1	-82	110	3
AL111964	ISBELL	1964	10	15	00	00	26.4	-80.6	110	3
AL111964	ISBELL	1964	10	15	06	00	27.8	-79	100	3
AL111964	ISBELL	1964	10	15	12	00	29.6	-77.3	80	1
AL111964	ISBELL	1964	10	15	18	00	30.5	-76.5	70	1
AL111964	ISBELL	1964	10	16	00	00	31.9	-76.1	65	1
AL111964	ISBELL	1964	10	16	06	00	33.4	-76.2	65	1
AL111964	ISBELL	1964	10	16	12	00	34.9	-76.4	40	0
AL111964	ISBELL	1964	10	16	18	00	36	-76.5	35	0
AL111964	ISBELL	1964	10	17	00	00	36.5	-76.5	30	0
