id,name,year,month,day,hour,minute,lat,lon,max_sustained_wind_kts,sshws
AL111971,FERN,1971,09,03,12,00,27.5,-87.5,25,0
AL111971,FERN,1971,09,03,18,00,27.7,-87.7,25,0
AL111971,FERN,1971,09,04,00,00,28,-88,25,0
AL111971,FERN,1971,09,04,06,00,28.2,-88.6,25,0
AL111971,FERN,1971,09,04,12,00,28.6,-89,25,0
AL111971,FERN,1971,09,04,18,00,29,-89.3,25,0
AL111971,FERN,1971,09,05,00,00,29.5,-89.5,25,0
AL111971,FERN,1971,09,05,06,00,30.1,-89.6,25,0
AL111971,FERN,1971,09,05,12,00,30.7,-89.8,25,0
AL111971,FERN,1971,09,05,18,00,30.6,-89.9,25,0
AL111971,FERN,1971,09,06,00,00,30.3,-90,25,0
AL111971,FERN,1971,09,06,06,00,29.9,-90.3,25,0
AL111971,FERN,1971,09,06,12,00,29.5,-90.5,25,0
AL111971,FERN,1971,09,06,18,00,29,-91,25,0
AL111971,FERN,1971,09,07,00,00,28.6,-91.3,25,0
AL111971,FERN,1971,09,07,06,00,28.1,-91.6,25,0
AL111971,FERN,1971,09,07,12,00,27.7,-92,30,0
AL111971,FERN,1971,09,07,18,00,27.3,-92.3,30,0
AL111971,FERN,1971,09,08,00,00,26.9,-92.6,40,0
AL111971,FERN,1971,09,08,06,00,26.6,-92.8,45,0
AL111971,FERN,1971,09,08,12,00,26.4,-93.1,50,0
AL111971,FERN,1971,09,08,18,00,26.3,-93.4,55,0
AL111971,FERN,1971,09,09,00,00,26.4,-93.7,65,1
AL111971,FERN,1971,09,09,06,00,26.7,-94,80,1
AL111971,FERN,1971,09,09,12,00,27.1,-94.3,80,1
AL111971,FERN,1971,09,09,18,00,27.5,-94.5,75,1
AL111971,FERN,1971,09,10,00,00,28,-94.8,70,1
AL111971,FERN,1971,09,10,06,00,28.5,-95.3,65,1
AL111971,FERN,1971,09,10,12,00,28.5,-96,60,0
AL111971,FERN,1971,09,10,18,00,28.3,-96.5,60,0
AL111971,FERN,1971,09,11,00,00,28,-96.9,55,0
AL111971,FERN,1971,09,11,06,00,27.7,-97.3,55,0
AL111971,FERN,1971,09,11,12,00,27.5,-97.6,45,0
AL111971,FERN,1971,09,11,18,00,27.3,-98,40,0
AL111971,FERN,1971,09,12,00,00,27.1,-98.4,35,0
AL111971,FERN,1971,09,12,06,00,27.1,-98.8,35,0
AL111971,FERN,1971,09,12,12,00,27,-99.2,35,0
AL111971,FERN,1971,09,12,18,00,26.9,-99.7,30,0
AL111971,FERN,1971,09,13,00,00,26.9,-100.3,25,0
