AL111968	UNNAMED	1968	09	23	00	00	7.9	-43.1	25	0
AL111968	UNNAMED	1968	09	23	06	00	8	-45	25	0
AL111968	UNNAMED	1968	09	23	12	00	8.1	-47.1	25	0
AL111968	UNNAMED	1968	09	23	18	00	8.2	-49.1	25	0
AL111968	UNNAMED	1968	09	24	00	00	8.9	-51	30	0
AL111968	UNNAMED	1968	09	24	06	00	9.5	-53.1	30	0
AL111968	UNNAMED	1968	09	24	12	00	11	-55	30	0
AL111968	UNNAMED	1968	09	24	18	00	12	-56	25	0
AL111968	UNNAMED	1968	09	25	00	00	12.5	-58.1	25	0
AL111968	UNNAMED	1968	09	25	06	00	12.9	-60	25	0
AL111968	UNNAMED	1968	09	25	12	00	13.1	-61.9	25	0
