AL111954	ALICE	1954	12	30	06	00	22.1	-50.9	30	0
AL111954	ALICE	1954	12	30	12	00	22	-51.6	35	0
AL111954	ALICE	1954	12	30	18	00	21.6	-52.4	40	0
AL111954	ALICE	1954	12	31	00	00	21.3	-53.3	50	0
AL111954	ALICE	1954	12	31	06	00	21	-54.3	55	0
AL111954	ALICE	1954	12	31	12	00	20.6	-55.2	65	1
AL111954	ALICE	1954	12	31	18	00	20.3	-56	65	1
AL111954	ALICE	1955	01	01	00	00	20.1	-56.8	65	1
AL111954	ALICE	1955	01	01	06	00	19.9	-57.4	65	1
AL111954	ALICE	1955	01	01	12	00	19.7	-58.1	65	1
AL111954	ALICE	1955	01	01	18	00	19.3	-59.2	65	1
AL111954	ALICE	1955	01	02	00	00	18.8	-60.5	65	1
AL111954	ALICE	1955	01	02	06	00	18.4	-61.6	65	1
AL111954	ALICE	1955	01	02	12	00	18	-62.4	65	1
AL111954	ALICE	1955	01	02	18	00	17.8	-62.8	65	1
AL111954	ALICE	1955	01	03	00	00	17.6	-63.2	70	1
AL111954	ALICE	1955	01	03	06	00	17.3	-63.6	70	1
AL111954	ALICE	1955	01	03	12	00	17	-64	70	1
AL111954	ALICE	1955	01	03	18	00	16.5	-64.7	70	1
AL111954	ALICE	1955	01	04	00	00	16	-65.3	65	1
AL111954	ALICE	1955	01	04	06	00	15.5	-65.2	65	1
AL111954	ALICE	1955	01	04	12	00	15.1	-64.9	55	0
AL111954	ALICE	1955	01	04	18	00	14.7	-64.4	50	0
AL111954	ALICE	1955	01	05	00	00	14.4	-64	40	0
AL111954	ALICE	1955	01	05	06	00	14	-63.6	35	0
AL111954	ALICE	1955	01	05	12	00	13.6	-63.3	30	0
AL111954	ALICE	1955	01	05	18	00	13.3	-63.1	25	0
AL111954	ALICE	1955	01	06	00	00	13	-63	25	0
AL111954	ALICE	1955	01	06	06	00	12.8	-63	25	0
