id,name,year,month,day,hour,minute,lat,lon,max_sustained_wind_kts,sshws
AL111981,UNNAMED,1981,08,17,06,00,12.8,-33,20,0
AL111981,UNNAMED,1981,08,17,12,00,13,-34.5,25,0
AL111981,UNNAMED,1981,08,17,18,00,13.3,-36,25,0
AL111981,UNNAMED,1981,08,18,00,00,13.6,-37.4,30,0
AL111981,UNNAMED,1981,08,18,06,00,13.8,-38.9,30,0
AL111981,UNNAMED,1981,08,18,12,00,14,-40.5,30,0
AL111981,UNNAMED,1981,08,18,18,00,14,-42.2,30,0
AL111981,UNNAMED,1981,08,19,00,00,14,-44,30,0
AL111981,UNNAMED,1981,08,19,06,00,13.9,-46,30,0
AL111981,UNNAMED,1981,08,19,12,00,13.8,-47.7,30,0
AL111981,UNNAMED,1981,08,19,18,00,13.6,-49,25,0
AL111981,UNNAMED,1981,08,20,00,00,13.4,-50.3,25,0
AL111981,UNNAMED,1981,08,20,06,00,13.1,-51.9,25,0
AL111981,UNNAMED,1981,08,20,12,00,13,-53.1,25,0
AL111981,UNNAMED,1981,08,20,18,00,12.5,-54.5,25,0
AL111981,UNNAMED,1981,08,21,00,00,12,-55.7,20,0
AL111981,UNNAMED,1981,08,21,06,00,11.6,-56.9,20,0
AL111981,UNNAMED,1981,08,21,12,00,11,-58,20,0
AL111981,UNNAMED,1981,08,21,18,00,10.3,-59.1,15,0
