AL111987	UNNAMED	1987	09	13	12	00	14	-54	25	0
AL111987	UNNAMED	1987	09	13	18	00	14.7	-54.8	25	0
AL111987	UNNAMED	1987	09	14	00	00	15	-55.5	30	0
AL111987	UNNAMED	1987	09	14	06	00	15.5	-56.1	30	0
AL111987	UNNAMED	1987	09	14	12	00	16	-57	30	0
AL111987	UNNAMED	1987	09	14	18	00	16.5	-57.8	30	0
AL111987	UNNAMED	1987	09	15	00	00	17	-58.5	30	0
AL111987	UNNAMED	1987	09	15	06	00	17.5	-59.2	30	0
AL111987	UNNAMED	1987	09	15	12	00	18	-60	30	0
AL111987	UNNAMED	1987	09	15	18	00	18.5	-60.8	25	0
AL111987	UNNAMED	1987	09	16	00	00	19	-61.8	25	0
AL111987	UNNAMED	1987	09	16	06	00	19.5	-62.7	25	0
AL111987	UNNAMED	1987	09	16	12	00	20	-63.5	25	0
AL111987	UNNAMED	1987	09	16	18	00	20.5	-63.9	20	0
AL111987	UNNAMED	1987	09	17	00	00	21	-64	20	0
AL111987	UNNAMED	1987	09	17	06	00	21.5	-64	20	0
AL111987	UNNAMED	1987	09	17	12	00	22	-64	15	0
