AL112003	GRACE	2003	08	30	12	00	24.3	-92.4	30	0
AL112003	GRACE	2003	08	30	18	00	24.9	-93.3	35	0
AL112003	GRACE	2003	08	31	00	00	25.8	-94.3	35	0
AL112003	GRACE	2003	08	31	06	00	27.2	-94.9	35	0
AL112003	GRACE	2003	08	31	11	00	29.4	-95.1	35	0
AL112003	GRACE	2003	08	31	12	00	29.4	-95.2	35	0
AL112003	GRACE	2003	08	31	18	00	30.1	-95.6	30	0
AL112003	GRACE	2003	09	01	00	00	30.9	-96.4	25	0
AL112003	GRACE	2003	09	01	06	00	31.9	-96.6	20	0
AL112003	GRACE	2003	09	01	12	00	32.6	-96.5	20	0
AL112003	GRACE	2003	09	01	18	00	33.6	-95.7	20	0
AL112003	GRACE	2003	09	02	00	00	34.1	-95	15	0
AL112003	GRACE	2003	09	02	06	00	34.6	-94.5	15	0
