id,name,year,month,day,hour,minute,lat,lon,max_sustained_wind_kts,sshws
AL111999,UNNAMED,1999,10,04,06,00,20.1,-94.1,30,0
AL111999,UNNAMED,1999,10,04,12,00,19.5,-94,30,0
AL111999,UNNAMED,1999,10,04,18,00,19,-94,30,0
AL111999,UNNAMED,1999,10,05,00,00,18.9,-93.8,30,0
AL111999,UNNAMED,1999,10,05,06,00,19.1,-94.2,30,0
AL111999,UNNAMED,1999,10,05,12,00,19.4,-94.5,30,0
AL111999,UNNAMED,1999,10,05,18,00,19.6,-94.8,30,0
AL111999,UNNAMED,1999,10,06,00,00,19.6,-95,30,0
AL111999,UNNAMED,1999,10,06,06,00,19.5,-95.4,30,0
AL111999,UNNAMED,1999,10,06,12,00,20.4,-96.4,30,0
