id,name,year,month,day,hour,minute,lat,lon,max_sustained_wind_kts,sshws
AL111998,KARL,1998,09,23,12,00,33.3,-65.4,25,0
AL111998,KARL,1998,09,23,18,00,33.2,-62.8,30,0
AL111998,KARL,1998,09,24,00,00,33.2,-60.7,35,0
AL111998,KARL,1998,09,24,06,00,32.9,-59.2,35,0
AL111998,KARL,1998,09,24,12,00,32.5,-58.1,40,0
AL111998,KARL,1998,09,24,18,00,32,-57.2,45,0
AL111998,KARL,1998,09,25,00,00,31.4,-56.2,50,0
AL111998,KARL,1998,09,25,06,00,30.8,-55.1,55,0
AL111998,KARL,1998,09,25,12,00,30.4,-54,65,1
AL111998,KARL,1998,09,25,18,00,30.3,-52.9,70,1
AL111998,KARL,1998,09,26,00,00,30.5,-51.8,75,1
AL111998,KARL,1998,09,26,06,00,31.1,-51,75,1
AL111998,KARL,1998,09,26,12,00,31.8,-49.9,75,1
AL111998,KARL,1998,09,26,18,00,32.6,-48.8,80,1
AL111998,KARL,1998,09,27,00,00,33.9,-47.3,90,2
AL111998,KARL,1998,09,27,06,00,35.5,-45.2,90,2
AL111998,KARL,1998,09,27,12,00,37.4,-42.5,80,1
AL111998,KARL,1998,09,27,18,00,39.1,-39,70,1
AL111998,KARL,1998,09,28,00,00,40.4,-34.7,55,0
AL111998,KARL,1998,09,28,06,00,41.5,-30,40,0
AL111998,KARL,1998,09,28,12,00,42,-25,35,0
AL111998,KARL,1998,09,28,18,00,43,-20,35,0
AL111998,KARL,1998,09,29,00,00,46,-16,35,0
AL111998,KARL,1998,09,29,06,00,48,-14,35,0
AL111998,KARL,1998,09,29,12,00,49,-11,35,0
AL111998,KARL,1998,09,29,18,00,49,-8,35,0
