id,name,year,month,day,hour,minute,lat,lon,max_sustained_wind_kts,sshws
AL111887,UNNAMED,1887,10,06,12,00,19.7,-84.7,35,0
AL111887,UNNAMED,1887,10,06,18,00,19.7,-86,45,0
AL111887,UNNAMED,1887,10,07,00,00,19.7,-87.3,50,0
AL111887,UNNAMED,1887,10,07,06,00,19.7,-88.6,45,0
AL111887,UNNAMED,1887,10,07,12,00,19.8,-89.9,40,0
AL111887,UNNAMED,1887,10,07,18,00,19.8,-91.2,40,0
AL111887,UNNAMED,1887,10,08,00,00,19.8,-92.5,45,0
AL111887,UNNAMED,1887,10,08,06,00,19.9,-93.7,50,0
AL111887,UNNAMED,1887,10,08,12,00,20,-95,50,0
AL111887,UNNAMED,1887,10,08,18,00,20.1,-96.3,50,0
AL111887,UNNAMED,1887,10,09,00,00,20.2,-97.6,30,0
