AL111893	UNNAMED	1893	10	20	12	00	18	-82	30	0
AL111893	UNNAMED	1893	10	20	18	00	19.5	-80.6	30	0
AL111893	UNNAMED	1893	10	21	00	00	21	-79.4	30	0
AL111893	UNNAMED	1893	10	21	06	00	22.5	-78.5	30	0
AL111893	UNNAMED	1893	10	21	12	00	24	-78	35	0
AL111893	UNNAMED	1893	10	21	18	00	25.6	-77.7	40	0
AL111893	UNNAMED	1893	10	22	00	00	27.2	-77.8	45	0
AL111893	UNNAMED	1893	10	22	06	00	28.8	-77.8	50	0
AL111893	UNNAMED	1893	10	22	12	00	30.5	-77.6	50	0
AL111893	UNNAMED	1893	10	22	18	00	32.3	-77.1	50	0
AL111893	UNNAMED	1893	10	23	00	00	34.2	-76	50	0
AL111893	UNNAMED	1893	10	23	03	00	35.2	-75.6	50	0
AL111893	UNNAMED	1893	10	23	06	00	36.3	-75.1	45	0
AL111893	UNNAMED	1893	10	23	11	00	38.1	-75.6	45	0
AL111893	UNNAMED	1893	10	23	12	00	38.4	-75.9	40	0
AL111893	UNNAMED	1893	10	23	18	00	40	-78	35	0
