AL111880	UNNAMED	1880	10	20	12	00	27.1	-75.3	40	0
AL111880	UNNAMED	1880	10	20	18	00	28.2	-74.6	40	0
AL111880	UNNAMED	1880	10	21	00	00	29.3	-74.5	40	0
AL111880	UNNAMED	1880	10	21	06	00	30.2	-74.1	40	0
AL111880	UNNAMED	1880	10	21	12	00	31	-74	40	0
AL111880	UNNAMED	1880	10	21	18	00	31.7	-73.8	40	0
AL111880	UNNAMED	1880	10	22	00	00	32.4	-73.6	50	0
AL111880	UNNAMED	1880	10	22	06	00	33.2	-73.3	50	0
AL111880	UNNAMED	1880	10	22	12	00	34	-73	50	0
AL111880	UNNAMED	1880	10	22	18	00	35.3	-72.6	50	0
AL111880	UNNAMED	1880	10	23	00	00	37.5	-71.8	60	0
AL111880	UNNAMED	1880	10	23	06	00	40.2	-70.5	60	0
AL111880	UNNAMED	1880	10	23	08	00	41.3	-70	60	0
AL111880	UNNAMED	1880	10	23	12	00	43.5	-69	60	0
AL111880	UNNAMED	1880	10	23	13	00	44	-68.8	60	0
AL111880	UNNAMED	1880	10	23	18	00	46	-68	50	0
AL111880	UNNAMED	1880	10	24	00	00	47.8	-67.3	50	0
AL111880	UNNAMED	1880	10	24	06	00	49	-66.3	50	0
AL111880	UNNAMED	1880	10	24	12	00	50	-65	50	0
AL111880	UNNAMED	1880	10	24	18	00	50.8	-63.5	50	0
