AL112004	JEANNE	2004	09	13	18	00	15.9	-60	25	0
AL112004	JEANNE	2004	09	14	00	00	16	-60.7	25	0
AL112004	JEANNE	2004	09	14	04	00	16.2	-61.3	30	0
AL112004	JEANNE	2004	09	14	06	00	16.3	-61.5	30	0
AL112004	JEANNE	2004	09	14	12	00	16.4	-62.6	35	0
AL112004	JEANNE	2004	09	14	18	00	16.7	-63.5	50	0
AL112004	JEANNE	2004	09	15	00	00	17.1	-64	55	0
AL112004	JEANNE	2004	09	15	06	00	17.2	-64.8	55	0
AL112004	JEANNE	2004	09	15	12	00	17.6	-65.4	60	0
AL112004	JEANNE	2004	09	15	16	00	18	-66	60	0
AL112004	JEANNE	2004	09	15	18	00	18.1	-66.2	60	0
AL112004	JEANNE	2004	09	16	00	00	18.5	-67.1	60	0
AL112004	JEANNE	2004	09	16	06	00	18.6	-67.8	60	0
AL112004	JEANNE	2004	09	16	11	00	18.6	-68.3	70	1
AL112004	JEANNE	2004	09	16	12	00	18.6	-68.5	70	1
AL112004	JEANNE	2004	09	16	18	00	18.8	-69	65	1
AL112004	JEANNE	2004	09	17	00	00	19.2	-69.4	60	0
AL112004	JEANNE	2004	09	17	06	00	19.4	-69.9	55	0
AL112004	JEANNE	2004	09	17	12	00	19.7	-70.7	50	0
AL112004	JEANNE	2004	09	17	18	00	20	-71.6	30	0
AL112004	JEANNE	2004	09	18	00	00	20.2	-72	40	0
AL112004	JEANNE	2004	09	18	06	00	20.4	-72.5	45	0
AL112004	JEANNE	2004	09	18	12	00	21.2	-72.8	45	0
AL112004	JEANNE	2004	09	18	18	00	21.7	-72.3	40	0
AL112004	JEANNE	2004	09	19	00	00	22.2	-72.2	40	0
AL112004	JEANNE	2004	09	19	06	00	22.8	-72.3	40	0
AL112004	JEANNE	2004	09	19	12	00	23.5	-72.5	40	0
AL112004	JEANNE	2004	09	19	18	00	24.2	-72.3	45	0
AL112004	JEANNE	2004	09	20	00	00	24.8	-72.1	50	0
AL112004	JEANNE	2004	09	20	06	00	25.5	-72	55	0
AL112004	JEANNE	2004	09	20	12	00	26.6	-71.7	60	0
AL112004	JEANNE	2004	09	20	18	00	27.2	-71.4	75	1
AL112004	JEANNE	2004	09	21	00	00	27.4	-70.8	75	1
AL112004	JEANNE	2004	09	21	06	00	27.6	-70.2	75	1
AL112004	JEANNE	2004	09	21	12	00	27.6	-69.5	75	1
AL112004	JEANNE	2004	09	21	18	00	27.4	-69.2	75	1
AL112004	JEANNE	2004	09	22	00	00	27.2	-68.9	80	1
AL112004	JEANNE	2004	09	22	06	00	26.8	-68.7	85	2
AL112004	JEANNE	2004	09	22	12	00	26.5	-68.5	85	2
AL112004	JEANNE	2004	09	22	18	00	26.2	-68.8	85	2
AL112004	JEANNE	2004	09	23	00	00	25.7	-69	85	2
AL112004	JEANNE	2004	09	23	06	00	25.5	-69.3	85	2
AL112004	JEANNE	2004	09	23	12	00	25.5	-69.6	80	1
AL112004	JEANNE	2004	09	23	18	00	25.8	-70	75	1
AL112004	JEANNE	2004	09	24	00	00	26	-70.4	70	1
AL112004	JEANNE	2004	09	24	06	00	26.1	-71.2	75	1
AL112004	JEANNE	2004	09	24	12	00	26.2	-72.2	80	1
AL112004	JEANNE	2004	09	24	18	00	26.4	-73.1	85	2
AL112004	JEANNE	2004	09	25	00	00	26.4	-74.3	85	2
AL112004	JEANNE	2004	09	25	06	00	26.5	-75.6	90	2
AL112004	JEANNE	2004	09	25	12	00	26.6	-76.9	100	3
AL112004	JEANNE	2004	09	25	14	00	26.7	-77.3	100	3
AL112004	JEANNE	2004	09	25	18	00	26.9	-78.2	105	3
AL112004	JEANNE	2004	09	26	00	00	27.1	-79.4	105	3
AL112004	JEANNE	2004	09	26	04	00	27.2	-80.2	105	3
AL112004	JEANNE	2004	09	26	06	00	27.3	-80.6	95	2
AL112004	JEANNE	2004	09	26	12	00	27.7	-81.6	75	1
AL112004	JEANNE	2004	09	26	18	00	28.3	-82.3	55	0
AL112004	JEANNE	2004	09	27	00	00	29.3	-82.7	45	0
AL112004	JEANNE	2004	09	27	06	00	30.1	-83.3	40	0
AL112004	JEANNE	2004	09	27	12	00	31.1	-83.9	35	0
AL112004	JEANNE	2004	09	27	18	00	32.5	-83.6	30	0
AL112004	JEANNE	2004	09	28	00	00	33.2	-83.2	25	0
AL112004	JEANNE	2004	09	28	06	00	34.1	-82.4	20	0
AL112004	JEANNE	2004	09	28	12	00	35.4	-81	20	0
AL112004	JEANNE	2004	09	28	18	00	37.3	-78.4	25	0
AL112004	JEANNE	2004	09	29	00	00	38.3	-76.4	25	0
AL112004	JEANNE	2004	09	29	06	00	38.8	-74.7	35	0
AL112004	JEANNE	2004	09	29	12	00	38.5	-72.5	35	0
