AL111990	UNNAMED	1990	09	18	12	00	15	-45	30	0
AL111990	UNNAMED	1990	09	18	18	00	15.3	-45.5	30	0
AL111990	UNNAMED	1990	09	19	00	00	15.5	-46	30	0
AL111990	UNNAMED	1990	09	19	06	00	15.7	-46.9	30	0
AL111990	UNNAMED	1990	09	19	12	00	16	-47.5	30	0
AL111990	UNNAMED	1990	09	19	18	00	16	-47.5	30	0
AL111990	UNNAMED	1990	09	20	00	00	16	-47.9	30	0
AL111990	UNNAMED	1990	09	20	06	00	16.2	-48	30	0
AL111990	UNNAMED	1990	09	20	12	00	16.4	-48.3	30	0
AL111990	UNNAMED	1990	09	20	18	00	16.7	-48.7	30	0
AL111990	UNNAMED	1990	09	21	00	00	16.8	-48.9	30	0
AL111990	UNNAMED	1990	09	21	06	00	16.9	-49.1	30	0
AL111990	UNNAMED	1990	09	21	12	00	17	-49.5	30	0
AL111990	UNNAMED	1990	09	21	18	00	17.1	-49.8	30	0
AL111990	UNNAMED	1990	09	22	00	00	17.2	-50	30	0
AL111990	UNNAMED	1990	09	22	06	00	17.3	-50.2	30	0
AL111990	UNNAMED	1990	09	22	12	00	17.4	-50.5	30	0
AL111990	UNNAMED	1990	09	22	18	00	17.7	-50.8	30	0
AL111990	UNNAMED	1990	09	23	00	00	17.8	-51	30	0
AL111990	UNNAMED	1990	09	23	06	00	17.8	-51.2	30	0
AL111990	UNNAMED	1990	09	23	12	00	17.8	-51.2	30	0
AL111990	UNNAMED	1990	09	23	18	00	17.9	-51.5	30	0
AL111990	UNNAMED	1990	09	24	00	00	18	-51.9	30	0
AL111990	UNNAMED	1990	09	24	06	00	18.1	-52	30	0
AL111990	UNNAMED	1990	09	24	12	00	18.2	-52.2	30	0
AL111990	UNNAMED	1990	09	24	18	00	18.3	-52.4	30	0
AL111990	UNNAMED	1990	09	25	00	00	18.4	-52.8	30	0
AL111990	UNNAMED	1990	09	25	06	00	18.5	-53	30	0
AL111990	UNNAMED	1990	09	25	12	00	18.6	-53.2	30	0
AL111990	UNNAMED	1990	09	25	18	00	18.7	-53.4	30	0
AL111990	UNNAMED	1990	09	26	00	00	18.9	-53.8	30	0
AL111990	UNNAMED	1990	09	26	06	00	19	-54	30	0
AL111990	UNNAMED	1990	09	26	12	00	19.1	-54.2	30	0
AL111990	UNNAMED	1990	09	26	18	00	19.4	-54.4	30	0
AL111990	UNNAMED	1990	09	27	00	00	19.8	-54.8	30	0
AL111990	UNNAMED	1990	09	27	06	00	19.8	-54.8	30	0
AL111990	UNNAMED	1990	09	27	12	00	19.8	-55	30	0
