id,name,year,month,day,hour,minute,lat,lon,max_sustained_wind_kts,sshws
AL111944,UNNAMED,1944,09,30,06,00,14.4,-59.3,35,0
AL111944,UNNAMED,1944,09,30,12,00,14.5,-59.5,40,0
AL111944,UNNAMED,1944,09,30,18,00,14.6,-59.7,40,0
AL111944,UNNAMED,1944,10,01,00,00,14.8,-59.9,40,0
AL111944,UNNAMED,1944,10,01,06,00,15,-60.2,40,0
AL111944,UNNAMED,1944,10,01,12,00,15.3,-60.7,40,0
AL111944,UNNAMED,1944,10,01,18,00,15.8,-61.1,40,0
AL111944,UNNAMED,1944,10,02,00,00,16.6,-61,40,0
AL111944,UNNAMED,1944,10,02,06,00,17.8,-60.5,40,0
AL111944,UNNAMED,1944,10,02,12,00,18.9,-59.7,40,0
AL111944,UNNAMED,1944,10,02,18,00,19.8,-59.2,35,0
AL111944,UNNAMED,1944,10,03,00,00,20.3,-59,35,0
AL111944,UNNAMED,1944,10,03,06,00,20.5,-59,30,0
