id,name,year,month,day,hour,minute,lat,lon,max_sustained_wind_kts,sshws
AL111991,GRACE,1991,10,25,18,00,27.1,-64.9,25,0
AL111991,GRACE,1991,10,26,00,00,27.1,-65.2,30,0
AL111991,GRACE,1991,10,26,06,00,27.2,-65.5,35,0
AL111991,GRACE,1991,10,26,12,00,27.3,-66,35,0
AL111991,GRACE,1991,10,26,18,00,27.5,-66.5,40,0
AL111991,GRACE,1991,10,27,00,00,28.1,-67.1,45,0
AL111991,GRACE,1991,10,27,06,00,28.9,-66.9,50,0
AL111991,GRACE,1991,10,27,12,00,29.8,-66.4,55,0
AL111991,GRACE,1991,10,27,18,00,30.8,-67.2,60,0
AL111991,GRACE,1991,10,28,00,00,31.6,-68.1,65,1
AL111991,GRACE,1991,10,28,06,00,32.2,-68.5,65,1
AL111991,GRACE,1991,10,28,12,00,32.3,-68.5,65,1
AL111991,GRACE,1991,10,28,18,00,32.4,-67.8,65,1
AL111991,GRACE,1991,10,29,00,00,31.8,-66.8,70,1
AL111991,GRACE,1991,10,29,06,00,31.6,-65.3,75,1
AL111991,GRACE,1991,10,29,12,00,31.5,-63.2,85,2
AL111991,GRACE,1991,10,29,14,00,31.5,-61.8,90,2
AL111991,GRACE,1991,10,29,18,00,32.5,-59,75,1
