id,name,year,month,day,hour,minute,lat,lon,max_sustained_wind_kts,sshws
AL111870,UNNAMED,1870,10,30,00,00,17,-85.5,60,0
AL111870,UNNAMED,1870,10,30,06,00,17.1,-85.6,60,0
AL111870,UNNAMED,1870,10,30,12,00,17.2,-86,60,0
AL111870,UNNAMED,1870,10,30,18,00,17.2,-86.1,60,0
AL111870,UNNAMED,1870,10,31,00,00,17.4,-86.4,70,1
AL111870,UNNAMED,1870,10,31,06,00,17.5,-86.6,70,1
AL111870,UNNAMED,1870,10,31,12,00,17.7,-86.9,70,1
AL111870,UNNAMED,1870,10,31,18,00,17.7,-87.1,70,1
AL111870,UNNAMED,1870,11,01,00,00,18,-87.6,70,1
AL111870,UNNAMED,1870,11,01,06,00,18.2,-87.8,70,1
AL111870,UNNAMED,1870,11,01,12,00,18.5,-88,70,1
AL111870,UNNAMED,1870,11,01,18,00,18.7,-88,60,0
AL111870,UNNAMED,1870,11,02,00,00,19.2,-87.9,50,0
AL111870,UNNAMED,1870,11,02,06,00,19.7,-87.6,40,0
AL111870,UNNAMED,1870,11,02,12,00,20.4,-87.4,40,0
AL111870,UNNAMED,1870,11,02,18,00,21.4,-86.9,50,0
AL111870,UNNAMED,1870,11,03,00,00,22.2,-86.3,60,0
AL111870,UNNAMED,1870,11,03,06,00,23,-85.6,60,0
AL111870,UNNAMED,1870,11,03,12,00,23.7,-85,70,1
AL111870,UNNAMED,1870,11,03,18,00,24.2,-84,70,1
