AL111995	JERRY	1995	08	22	18	00	23.7	-78.7	20	0
AL111995	JERRY	1995	08	23	00	00	24.2	-78.9	25	0
AL111995	JERRY	1995	08	23	06	00	25.2	-79.2	30	0
AL111995	JERRY	1995	08	23	12	00	26.4	-79.7	35	0
AL111995	JERRY	1995	08	23	18	00	27	-80.2	35	0
AL111995	JERRY	1995	08	24	00	00	27.3	-80.5	35	0
AL111995	JERRY	1995	08	24	06	00	27.7	-81.1	35	0
AL111995	JERRY	1995	08	24	12	00	28.4	-81.8	35	0
AL111995	JERRY	1995	08	24	18	00	28.8	-82.6	30	0
AL111995	JERRY	1995	08	25	00	00	29	-82.9	30	0
AL111995	JERRY	1995	08	25	06	00	29.2	-83.3	30	0
AL111995	JERRY	1995	08	25	12	00	29.8	-83.3	25	0
AL111995	JERRY	1995	08	25	18	00	30.4	-83.2	25	0
AL111995	JERRY	1995	08	26	00	00	30.7	-83.4	25	0
AL111995	JERRY	1995	08	26	06	00	31.3	-83.7	20	0
AL111995	JERRY	1995	08	26	12	00	31.8	-83.9	20	0
AL111995	JERRY	1995	08	26	18	00	32.4	-84	20	0
AL111995	JERRY	1995	08	27	00	00	33	-84	20	0
AL111995	JERRY	1995	08	27	06	00	33.5	-83.9	20	0
AL111995	JERRY	1995	08	27	12	00	33.8	-83.6	20	0
AL111995	JERRY	1995	08	27	18	00	33.9	-83	20	0
AL111995	JERRY	1995	08	28	00	00	33.8	-82.4	20	0
