id,name,year,month,day,hour,minute,lat,lon,max_sustained_wind_kts,sshws
AL111973,UNNAMED,1973,09,06,12,00,18,-86,20,0
AL111973,UNNAMED,1973,09,06,18,00,18.6,-86.4,25,0
AL111973,UNNAMED,1973,09,07,00,00,19.3,-86.8,25,0
AL111973,UNNAMED,1973,09,07,06,00,19.9,-87.1,25,0
AL111973,UNNAMED,1973,09,07,12,00,20.5,-87.5,25,0
AL111973,UNNAMED,1973,09,07,18,00,21.6,-88.7,25,0
AL111973,UNNAMED,1973,09,08,00,00,22.7,-89,25,0
AL111973,UNNAMED,1973,09,08,06,00,23.9,-89.7,30,0
AL111973,UNNAMED,1973,09,08,12,00,25,-90.5,30,0
AL111973,UNNAMED,1973,09,08,18,00,25.7,-90.5,30,0
AL111973,UNNAMED,1973,09,09,00,00,26.5,-90.5,30,0
AL111973,UNNAMED,1973,09,09,06,00,27.2,-90.5,-99,0
AL111973,UNNAMED,1973,09,09,12,00,28,-90.5,-99,0
AL111973,UNNAMED,1973,09,09,18,00,28,-90.8,30,0
AL111973,UNNAMED,1973,09,10,00,00,28,-91.2,30,0
AL111973,UNNAMED,1973,09,10,06,00,28,-91.6,30,0
AL111973,UNNAMED,1973,09,10,12,00,28,-92,30,0
AL111973,UNNAMED,1973,09,10,18,00,28,-93,30,0
AL111973,UNNAMED,1973,09,11,00,00,28,-94,30,0
AL111973,UNNAMED,1973,09,11,06,00,28,-95,30,0
AL111973,UNNAMED,1973,09,11,12,00,28,-96,30,0
AL111973,UNNAMED,1973,09,11,18,00,28.5,-95.7,30,0
AL111973,UNNAMED,1973,09,12,00,00,29,-95.5,30,0
AL111973,UNNAMED,1973,09,12,06,00,29.5,-95.2,30,0
AL111973,UNNAMED,1973,09,12,12,00,30,-95,-99,0
