id,name,year,month,day,hour,minute,lat,lon,max_sustained_wind_kts,sshws
AL111994,FLORENCE,1994,11,02,00,00,22.7,-47,30,0
AL111994,FLORENCE,1994,11,02,06,00,23.2,-47.7,35,0
AL111994,FLORENCE,1994,11,02,12,00,23.8,-48.2,35,0
AL111994,FLORENCE,1994,11,02,18,00,24.2,-48.9,35,0
AL111994,FLORENCE,1994,11,03,00,00,24.5,-49.9,35,0
AL111994,FLORENCE,1994,11,03,06,00,24.7,-50.7,30,0
AL111994,FLORENCE,1994,11,03,12,00,25,-51.4,30,0
AL111994,FLORENCE,1994,11,03,18,00,25.3,-52.2,30,0
AL111994,FLORENCE,1994,11,04,00,00,26,-52.6,35,0
AL111994,FLORENCE,1994,11,04,06,00,26.7,-52.9,40,0
AL111994,FLORENCE,1994,11,04,12,00,27.3,-53.4,50,0
AL111994,FLORENCE,1994,11,04,18,00,28.1,-54,65,1
AL111994,FLORENCE,1994,11,05,00,00,28.8,-54.6,65,1
AL111994,FLORENCE,1994,11,05,06,00,29.4,-55.1,65,1
AL111994,FLORENCE,1994,11,05,12,00,30,-55.7,70,1
AL111994,FLORENCE,1994,11,05,18,00,30.6,-56.2,75,1
AL111994,FLORENCE,1994,11,06,00,00,31.3,-56.7,75,1
AL111994,FLORENCE,1994,11,06,06,00,32,-56.9,75,1
AL111994,FLORENCE,1994,11,06,12,00,32.6,-57,75,1
AL111994,FLORENCE,1994,11,06,18,00,33,-56.9,65,1
AL111994,FLORENCE,1994,11,07,00,00,33.3,-56.5,65,1
AL111994,FLORENCE,1994,11,07,06,00,33.7,-56,70,1
AL111994,FLORENCE,1994,11,07,12,00,34.4,-54.8,80,1
AL111994,FLORENCE,1994,11,07,18,00,35.4,-53.1,90,2
AL111994,FLORENCE,1994,11,08,00,00,37,-49.9,95,2
AL111994,FLORENCE,1994,11,08,06,00,39.2,-45.5,95,2
AL111994,FLORENCE,1994,11,08,12,00,41.8,-40.7,85,2
AL111994,FLORENCE,1994,11,08,18,00,44.2,-36.2,75,1
