id,name,year,month,day,hour,minute,lat,lon,max_sustained_wind_kts,sshws
AL111988,JOAN,1988,10,10,18,00,8.9,-42.2,25,0
AL111988,JOAN,1988,10,11,00,00,9.5,-43.6,30,0
AL111988,JOAN,1988,10,11,06,00,10.1,-45,35,0
AL111988,JOAN,1988,10,11,12,00,10.7,-46.4,40,0
AL111988,JOAN,1988,10,11,18,00,11.2,-47.9,45,0
AL111988,JOAN,1988,10,12,00,00,11.5,-49,50,0
AL111988,JOAN,1988,10,12,06,00,11.8,-50.1,45,0
AL111988,JOAN,1988,10,12,12,00,12.1,-51.3,45,0
AL111988,JOAN,1988,10,12,18,00,12.3,-52.5,40,0
AL111988,JOAN,1988,10,13,00,00,12.4,-53.8,40,0
AL111988,JOAN,1988,10,13,06,00,12.5,-54.9,40,0
AL111988,JOAN,1988,10,13,12,00,12.6,-56,40,0
AL111988,JOAN,1988,10,13,18,00,12.7,-57.1,40,0
AL111988,JOAN,1988,10,14,00,00,12.6,-58.3,40,0
AL111988,JOAN,1988,10,14,06,00,12.4,-59.4,40,0
AL111988,JOAN,1988,10,14,12,00,12.2,-60,45,0
AL111988,JOAN,1988,10,14,18,00,12,-60.8,45,0
AL111988,JOAN,1988,10,15,00,00,12.1,-61.5,45,0
AL111988,JOAN,1988,10,15,01,00,12.1,-61.8,45,0
AL111988,JOAN,1988,10,15,06,00,12.1,-62.8,45,0
AL111988,JOAN,1988,10,15,12,00,12,-63.8,45,0
AL111988,JOAN,1988,10,15,18,00,11.9,-64.9,45,0
AL111988,JOAN,1988,10,16,00,00,12,-66.1,45,0
AL111988,JOAN,1988,10,16,06,00,12,-67.2,50,0
AL111988,JOAN,1988,10,16,12,00,11.9,-68.2,50,0
AL111988,JOAN,1988,10,16,18,00,12,-69.2,50,0
AL111988,JOAN,1988,10,17,00,00,12,-70.2,55,0
AL111988,JOAN,1988,10,17,06,00,12,-71.2,55,0
AL111988,JOAN,1988,10,17,12,00,11.9,-72.1,60,0
AL111988,JOAN,1988,10,17,18,00,11.8,-73,60,0
AL111988,JOAN,1988,10,18,00,00,11.8,-74,65,1
AL111988,JOAN,1988,10,18,06,00,11.7,-75,70,1
AL111988,JOAN,1988,10,18,12,00,11.5,-75.8,75,1
AL111988,JOAN,1988,10,18,18,00,11.3,-76.5,80,1
AL111988,JOAN,1988,10,19,00,00,11.2,-77.2,90,2
AL111988,JOAN,1988,10,19,06,00,11.3,-77.8,95,2
AL111988,JOAN,1988,10,19,12,00,11.4,-78.3,105,3
AL111988,JOAN,1988,10,19,18,00,11.3,-78.9,110,3
AL111988,JOAN,1988,10,20,00,00,11.3,-79.3,105,3
AL111988,JOAN,1988,10,20,06,00,11.1,-79.8,85,2
AL111988,JOAN,1988,10,20,12,00,11.1,-79.5,70,1
AL111988,JOAN,1988,10,20,18,00,11.3,-79.9,70,1
AL111988,JOAN,1988,10,21,00,00,11.5,-80.3,75,1
AL111988,JOAN,1988,10,21,06,00,11.5,-80.7,90,2
AL111988,JOAN,1988,10,21,12,00,11.6,-81.2,100,3
AL111988,JOAN,1988,10,21,18,00,11.8,-81.8,110,3
AL111988,JOAN,1988,10,22,00,00,11.9,-82.5,120,4
AL111988,JOAN,1988,10,22,06,00,11.9,-83.2,125,4
AL111988,JOAN,1988,10,22,10,00,11.9,-83.7,125,4
AL111988,JOAN,1988,10,22,12,00,11.9,-83.9,120,4
AL111988,JOAN,1988,10,22,18,00,12,-85,70,1
AL111988,JOAN,1988,10,23,00,00,12.1,-85.9,55,0
AL111988,JOAN,1988,10,23,06,00,12.2,-86.8,45,0
