AL111937	UNNAMED	1937	10	18	12	00	35.4	-45.3	45	0
AL111937	UNNAMED	1937	10	18	18	00	36.1	-47.1	55	0
AL111937	UNNAMED	1937	10	19	00	00	36.8	-48.8	65	1
AL111937	UNNAMED	1937	10	19	06	00	37.5	-50.4	70	1
AL111937	UNNAMED	1937	10	19	12	00	37.8	-51.8	70	1
AL111937	UNNAMED	1937	10	19	18	00	38	-53	65	1
AL111937	UNNAMED	1937	10	20	00	00	38.2	-54	60	0
AL111937	UNNAMED	1937	10	20	06	00	38.4	-55	55	0
AL111937	UNNAMED	1937	10	20	12	00	38.6	-56	50	0
AL111937	UNNAMED	1937	10	20	18	00	39	-57.4	45	0
AL111937	UNNAMED	1937	10	21	00	00	39.8	-58.8	40	0
