id,name,year,month,day,hour,minute,lat,lon,max_sustained_wind_kts,sshws
AL111933,UNNAMED,1933,08,31,06,00,18.1,-56.4,55,0
AL111933,UNNAMED,1933,08,31,12,00,18.5,-58.3,60,0
AL111933,UNNAMED,1933,08,31,18,00,18.9,-60.2,65,1
AL111933,UNNAMED,1933,09,01,00,00,19.3,-62,70,1
AL111933,UNNAMED,1933,09,01,06,00,19.9,-63.8,75,1
AL111933,UNNAMED,1933,09,01,12,00,20.5,-65.5,80,1
AL111933,UNNAMED,1933,09,01,18,00,21.1,-67,85,2
AL111933,UNNAMED,1933,09,02,00,00,21.8,-68.2,90,2
AL111933,UNNAMED,1933,09,02,06,00,22.3,-69.4,95,2
AL111933,UNNAMED,1933,09,02,12,00,22.7,-70.7,100,3
AL111933,UNNAMED,1933,09,02,18,00,23.2,-72.2,105,3
AL111933,UNNAMED,1933,09,03,00,00,23.8,-73.8,110,3
AL111933,UNNAMED,1933,09,03,06,00,24.5,-75.4,115,4
AL111933,UNNAMED,1933,09,03,12,00,25.4,-76.8,120,4
AL111933,UNNAMED,1933,09,03,18,00,25.8,-77.9,115,4
AL111933,UNNAMED,1933,09,04,00,00,26.3,-79,110,3
AL111933,UNNAMED,1933,09,04,05,00,26.9,-80.1,110,3
AL111933,UNNAMED,1933,09,04,06,00,27,-80.3,110,3
AL111933,UNNAMED,1933,09,04,12,00,27.7,-81.6,65,1
AL111933,UNNAMED,1933,09,04,18,00,28.3,-82.3,55,0
AL111933,UNNAMED,1933,09,05,00,00,28.8,-82.7,55,0
AL111933,UNNAMED,1933,09,05,04,00,29.2,-82.9,55,0
AL111933,UNNAMED,1933,09,05,06,00,29.4,-83.1,55,0
AL111933,UNNAMED,1933,09,05,12,00,30,-83.4,50,0
AL111933,UNNAMED,1933,09,05,18,00,30.5,-83.5,50,0
AL111933,UNNAMED,1933,09,06,00,00,30.9,-83.3,50,0
AL111933,UNNAMED,1933,09,06,06,00,31.3,-82.9,50,0
AL111933,UNNAMED,1933,09,06,12,00,31.7,-82.5,50,0
AL111933,UNNAMED,1933,09,06,18,00,32.1,-82.5,40,0
AL111933,UNNAMED,1933,09,07,00,00,32.4,-82.5,35,0
AL111933,UNNAMED,1933,09,07,06,00,32.7,-82.5,30,0
AL111933,UNNAMED,1933,09,07,12,00,33,-82.5,25,0
AL111933,UNNAMED,1933,09,07,18,00,33.4,-82.5,20,0
