id,name,year,month,day,hour,minute,lat,lon,max_sustained_wind_kts,sshws
AL111898,UNNAMED,1898,10,27,06,00,17.9,-61.2,50,0
AL111898,UNNAMED,1898,10,27,12,00,17.7,-62.6,50,0
AL111898,UNNAMED,1898,10,27,18,00,17.6,-63.7,50,0
AL111898,UNNAMED,1898,10,28,00,00,17.5,-64.8,50,0
AL111898,UNNAMED,1898,10,28,06,00,17.4,-65.9,50,0
AL111898,UNNAMED,1898,10,28,12,00,17.4,-67,50,0
AL111898,UNNAMED,1898,10,28,18,00,17.4,-68.1,50,0
AL111898,UNNAMED,1898,10,29,00,00,17.4,-69.2,50,0
AL111898,UNNAMED,1898,10,29,06,00,17.4,-70.3,50,0
AL111898,UNNAMED,1898,10,29,12,00,17.4,-71.3,50,0
AL111898,UNNAMED,1898,10,29,18,00,17.4,-72.3,50,0
AL111898,UNNAMED,1898,10,30,00,00,17.4,-73.2,50,0
AL111898,UNNAMED,1898,10,30,06,00,17.4,-74.1,50,0
AL111898,UNNAMED,1898,10,30,12,00,17.4,-74.9,50,0
AL111898,UNNAMED,1898,10,30,18,00,17.4,-75.7,50,0
AL111898,UNNAMED,1898,10,31,00,00,17.4,-76.6,50,0
AL111898,UNNAMED,1898,10,31,06,00,17.4,-77.4,50,0
AL111898,UNNAMED,1898,10,31,12,00,17.4,-78.2,50,0
AL111898,UNNAMED,1898,10,31,18,00,17.4,-79.1,50,0
AL111898,UNNAMED,1898,11,01,00,00,17.5,-80,50,0
AL111898,UNNAMED,1898,11,01,06,00,17.6,-80.8,50,0
AL111898,UNNAMED,1898,11,01,12,00,17.7,-81.7,50,0
AL111898,UNNAMED,1898,11,01,18,00,17.7,-82.4,50,0
AL111898,UNNAMED,1898,11,02,00,00,17.7,-83,50,0
AL111898,UNNAMED,1898,11,02,06,00,17.8,-83.6,50,0
AL111898,UNNAMED,1898,11,02,12,00,17.8,-84.3,50,0
AL111898,UNNAMED,1898,11,02,18,00,17.9,-85.1,50,0
AL111898,UNNAMED,1898,11,03,00,00,18,-85.9,50,0
AL111898,UNNAMED,1898,11,03,06,00,18,-86.8,50,0
AL111898,UNNAMED,1898,11,03,12,00,18.1,-87.8,40,0
AL111898,UNNAMED,1898,11,03,18,00,18.1,-88.9,35,0
AL111898,UNNAMED,1898,11,04,00,00,18.2,-90.1,30,0
AL111898,UNNAMED,1898,11,04,06,00,18.2,-91.3,30,0
AL111898,UNNAMED,1898,11,04,12,00,18.2,-92.7,25,0
AL111898,UNNAMED,1898,11,04,18,00,18.3,-93.8,20,0
