id,name,year,month,day,hour,minute,lat,lon,max_sustained_wind_kts,sshws
AL111934,UNNAMED,1934,10,01,12,00,20.6,-84,25,0
AL111934,UNNAMED,1934,10,01,18,00,21,-84.6,25,0
AL111934,UNNAMED,1934,10,02,00,00,21.4,-85.1,25,0
AL111934,UNNAMED,1934,10,02,06,00,21.8,-85.7,25,0
AL111934,UNNAMED,1934,10,02,12,00,22.2,-86.3,30,0
AL111934,UNNAMED,1934,10,02,18,00,22.6,-86.8,30,0
AL111934,UNNAMED,1934,10,03,00,00,23,-87.3,35,0
AL111934,UNNAMED,1934,10,03,06,00,23.4,-87.8,35,0
AL111934,UNNAMED,1934,10,03,12,00,23.8,-88.2,35,0
AL111934,UNNAMED,1934,10,03,18,00,24.2,-88.6,40,0
AL111934,UNNAMED,1934,10,04,00,00,24.6,-88.9,40,0
AL111934,UNNAMED,1934,10,04,06,00,25,-89.1,45,0
AL111934,UNNAMED,1934,10,04,12,00,25.5,-89.2,45,0
AL111934,UNNAMED,1934,10,04,18,00,26.1,-89.1,45,0
AL111934,UNNAMED,1934,10,05,00,00,26.8,-88.7,45,0
AL111934,UNNAMED,1934,10,05,06,00,27.7,-88.3,50,0
AL111934,UNNAMED,1934,10,05,12,00,28.6,-87.9,50,0
AL111934,UNNAMED,1934,10,05,18,00,29.5,-87.7,50,0
AL111934,UNNAMED,1934,10,06,00,00,30.2,-87.5,45,0
AL111934,UNNAMED,1934,10,06,01,00,30.3,-87.4,45,0
AL111934,UNNAMED,1934,10,06,06,00,30.7,-87.2,35,0
AL111934,UNNAMED,1934,10,06,12,00,31.1,-86.7,30,0
AL111934,UNNAMED,1934,10,06,18,00,31.5,-86,30,0
