id,name,year,month,day,hour,minute,lat,lon,max_sustained_wind_kts,sshws
AL111949,UNNAMED,1949,09,27,06,00,13.2,-90,30,0
AL111949,UNNAMED,1949,09,27,12,00,13.3,-90.1,30,0
AL111949,UNNAMED,1949,09,27,18,00,13.4,-90.2,30,0
AL111949,UNNAMED,1949,09,28,00,00,13.5,-90.2,30,0
AL111949,UNNAMED,1949,09,28,06,00,13.7,-90.2,30,0
AL111949,UNNAMED,1949,09,28,12,00,14,-90.2,30,0
AL111949,UNNAMED,1949,09,28,18,00,14.2,-90.3,30,0
AL111949,UNNAMED,1949,09,29,00,00,14.4,-90.5,30,0
AL111949,UNNAMED,1949,09,29,06,00,14.6,-90.7,30,0
AL111949,UNNAMED,1949,09,29,12,00,15,-91.1,30,0
AL111949,UNNAMED,1949,09,29,18,00,15.5,-90.9,30,0
AL111949,UNNAMED,1949,09,30,00,00,16,-90.9,30,0
AL111949,UNNAMED,1949,09,30,06,00,16.5,-90.8,30,0
AL111949,UNNAMED,1949,09,30,12,00,17,-90.6,30,0
AL111949,UNNAMED,1949,09,30,18,00,17.5,-90.5,30,0
AL111949,UNNAMED,1949,10,01,00,00,18,-90.7,30,0
AL111949,UNNAMED,1949,10,01,06,00,18.6,-91.5,30,0
AL111949,UNNAMED,1949,10,01,12,00,19.1,-92,35,0
AL111949,UNNAMED,1949,10,01,18,00,19.5,-92.3,40,0
AL111949,UNNAMED,1949,10,02,00,00,20,-92.7,50,0
AL111949,UNNAMED,1949,10,02,06,00,20.6,-93.5,55,0
AL111949,UNNAMED,1949,10,02,12,00,21.3,-93.9,60,0
AL111949,UNNAMED,1949,10,02,18,00,22,-94.3,65,1
AL111949,UNNAMED,1949,10,03,00,00,22.7,-94.6,75,1
AL111949,UNNAMED,1949,10,03,06,00,23.5,-95,85,2
AL111949,UNNAMED,1949,10,03,12,00,24.7,-95.4,95,2
AL111949,UNNAMED,1949,10,03,18,00,26.3,-95.5,95,2
AL111949,UNNAMED,1949,10,04,00,00,27.8,-95.6,95,2
AL111949,UNNAMED,1949,10,04,05,00,28.8,-95.6,95,2
AL111949,UNNAMED,1949,10,04,06,00,29.1,-95.6,95,2
AL111949,UNNAMED,1949,10,04,12,00,30.1,-95.2,55,0
AL111949,UNNAMED,1949,10,04,18,00,31,-95,40,0
AL111949,UNNAMED,1949,10,05,00,00,31.6,-94.8,35,0
AL111949,UNNAMED,1949,10,05,06,00,32.1,-94.4,30,0
AL111949,UNNAMED,1949,10,05,12,00,33,-93.9,25,0
AL111949,UNNAMED,1949,10,05,18,00,34.1,-92.9,25,0
AL111949,UNNAMED,1949,10,06,00,00,35.4,-91.7,25,0
AL111949,UNNAMED,1949,10,06,06,00,37.7,-90.7,25,0
AL111949,UNNAMED,1949,10,06,12,00,39.8,-89.6,25,0
AL111949,UNNAMED,1949,10,06,18,00,41.9,-88.6,25,0
AL111949,UNNAMED,1949,10,07,00,00,43.9,-87.5,25,0
