AL111961	INGA	1961	11	05	00	00	20.8	-94.7	40	0
AL111961	INGA	1961	11	05	06	00	21.5	-95.5	45	0
AL111961	INGA	1961	11	05	12	00	22.1	-95.9	45	0
AL111961	INGA	1961	11	05	18	00	22.5	-96	50	0
AL111961	INGA	1961	11	06	00	00	22.5	-95.9	50	0
AL111961	INGA	1961	11	06	06	00	21.9	-95.8	55	0
AL111961	INGA	1961	11	06	12	00	21.2	-95.5	55	0
AL111961	INGA	1961	11	06	18	00	20.2	-94.7	60	0
AL111961	INGA	1961	11	07	00	00	19.5	-94	60	0
AL111961	INGA	1961	11	07	06	00	19.5	-93.9	60	0
AL111961	INGA	1961	11	07	12	00	19.5	-93.8	60	0
AL111961	INGA	1961	11	07	18	00	19.5	-93.8	60	0
AL111961	INGA	1961	11	08	00	00	19.5	-93.8	60	0
AL111961	INGA	1961	11	08	06	00	19.5	-93.8	55	0
AL111961	INGA	1961	11	08	12	00	19.4	-93.7	50	0
