id,name,year,month,day,hour,minute,lat,lon,max_sustained_wind_kts,sshws
AL121978,UNNAMED,1978,09,03,12,00,14,-16,20,0
AL121978,UNNAMED,1978,09,03,18,00,13.9,-17.1,20,0
AL121978,UNNAMED,1978,09,04,00,00,13.7,-18.2,25,0
AL121978,UNNAMED,1978,09,04,06,00,13.6,-19.3,25,0
AL121978,UNNAMED,1978,09,04,12,00,13.5,-20.5,25,0
AL121978,UNNAMED,1978,09,04,18,00,13.5,-22.1,30,0
AL121978,UNNAMED,1978,09,05,00,00,13.4,-23.7,30,0
AL121978,UNNAMED,1978,09,05,06,00,13.3,-25.3,30,0
AL121978,UNNAMED,1978,09,05,12,00,13.2,-27,30,0
AL121978,UNNAMED,1978,09,05,18,00,13.4,-28.1,30,0
AL121978,UNNAMED,1978,09,06,00,00,13.6,-29.3,30,0
AL121978,UNNAMED,1978,09,06,06,00,13.8,-30.9,30,0
AL121978,UNNAMED,1978,09,06,12,00,14,-32.5,30,0
AL121978,UNNAMED,1978,09,06,18,00,14.6,-33.3,30,0
AL121978,UNNAMED,1978,09,07,00,00,15.2,-34.2,30,0
AL121978,UNNAMED,1978,09,07,06,00,15.8,-35.1,30,0
AL121978,UNNAMED,1978,09,07,12,00,16.5,-36,30,0
AL121978,UNNAMED,1978,09,07,18,00,17.3,-37,30,0
AL121978,UNNAMED,1978,09,08,00,00,18.2,-38,30,0
AL121978,UNNAMED,1978,09,08,06,00,19.1,-39,30,0
AL121978,UNNAMED,1978,09,08,12,00,20,-40,25,0
AL121978,UNNAMED,1978,09,08,18,00,21,-40.5,25,0
AL121978,UNNAMED,1978,09,09,00,00,22,-41,25,0
AL121978,UNNAMED,1978,09,09,06,00,23,-41.5,25,0
AL121978,UNNAMED,1978,09,09,12,00,24,-42,25,0
AL121978,UNNAMED,1978,09,09,18,00,25.1,-42,25,0
AL121978,UNNAMED,1978,09,10,00,00,26.2,-42,25,0
AL121978,UNNAMED,1978,09,10,06,00,27.3,-42,25,0
AL121978,UNNAMED,1978,09,10,12,00,28.5,-42,20,0
AL121978,UNNAMED,1978,09,10,18,00,29.8,-41.3,20,0
AL121978,UNNAMED,1978,09,11,00,00,31,-40.5,20,0
AL121978,UNNAMED,1978,09,11,06,00,32.3,-39.7,20,0
AL121978,UNNAMED,1978,09,11,12,00,37.5,-39,20,0
