id,name,year,month,day,hour,minute,lat,lon,max_sustained_wind_kts,sshws
AL121973,ELLEN,1973,09,14,12,00,10.5,-22.4,30,0
AL121973,ELLEN,1973,09,14,18,00,11.3,-23.2,30,0
AL121973,ELLEN,1973,09,15,00,00,12.2,-24.3,30,0
AL121973,ELLEN,1973,09,15,06,00,13.1,-25,30,0
AL121973,ELLEN,1973,09,15,12,00,14,-25.7,40,0
AL121973,ELLEN,1973,09,15,18,00,15.1,-26.8,40,0
AL121973,ELLEN,1973,09,16,00,00,16.2,-28.1,40,0
AL121973,ELLEN,1973,09,16,06,00,17.2,-29.4,40,0
AL121973,ELLEN,1973,09,16,12,00,18.2,-30.7,40,0
AL121973,ELLEN,1973,09,16,18,00,19.2,-32.2,40,0
AL121973,ELLEN,1973,09,17,00,00,20.2,-33.8,45,0
AL121973,ELLEN,1973,09,17,06,00,21.1,-35.3,45,0
AL121973,ELLEN,1973,09,17,12,00,22.6,-36.8,50,0
AL121973,ELLEN,1973,09,17,18,00,24.5,-38.3,50,0
AL121973,ELLEN,1973,09,18,00,00,25.3,-39.8,50,0
AL121973,ELLEN,1973,09,18,06,00,26,-41.7,50,0
AL121973,ELLEN,1973,09,18,12,00,26.5,-43.5,55,0
AL121973,ELLEN,1973,09,18,18,00,26.7,-45.2,60,0
AL121973,ELLEN,1973,09,19,00,00,26.9,-47,65,1
AL121973,ELLEN,1973,09,19,06,00,27.1,-48.7,65,1
AL121973,ELLEN,1973,09,19,12,00,27.1,-50.1,70,1
AL121973,ELLEN,1973,09,19,18,00,27.2,-51.5,75,1
AL121973,ELLEN,1973,09,20,00,00,27.8,-52.4,75,1
AL121973,ELLEN,1973,09,20,06,00,28.7,-53,75,1
AL121973,ELLEN,1973,09,20,12,00,29.6,-53.5,80,1
AL121973,ELLEN,1973,09,20,18,00,30.7,-53.9,80,1
AL121973,ELLEN,1973,09,21,00,00,32,-54,80,1
AL121973,ELLEN,1973,09,21,06,00,33.3,-53.9,80,1
AL121973,ELLEN,1973,09,21,12,00,34.6,-53.4,80,1
AL121973,ELLEN,1973,09,21,18,00,36,-52.5,90,2
AL121973,ELLEN,1973,09,22,00,00,37.5,-50.9,90,2
AL121973,ELLEN,1973,09,22,06,00,39.5,-48.5,95,2
AL121973,ELLEN,1973,09,22,12,00,42.1,-45.2,100,3
AL121973,ELLEN,1973,09,22,18,00,44.7,-41.5,95,2
AL121973,ELLEN,1973,09,23,00,00,48.6,-37,80,1
AL121973,ELLEN,1973,09,23,06,00,52.3,-31.6,60,0
AL121973,ELLEN,1973,09,23,12,00,55.5,-25,50,0
