id,name,year,month,day,hour,minute,lat,lon,max_sustained_wind_kts,sshws
AL121999,UNNAMED,1999,10,06,00,00,14.4,-44.8,30,0
AL121999,UNNAMED,1999,10,06,06,00,14.8,-45.4,30,0
AL121999,UNNAMED,1999,10,06,12,00,15,-45.8,30,0
AL121999,UNNAMED,1999,10,06,18,00,15.2,-46,30,0
AL121999,UNNAMED,1999,10,07,00,00,15.4,-46.2,30,0
AL121999,UNNAMED,1999,10,07,06,00,15.6,-46.5,30,0
AL121999,UNNAMED,1999,10,07,12,00,15.8,-46.7,30,0
AL121999,UNNAMED,1999,10,07,18,00,16,-47.1,30,0
AL121999,UNNAMED,1999,10,08,00,00,16.4,-47.5,30,0
AL121999,UNNAMED,1999,10,08,06,00,16.6,-47.7,30,0
AL121999,UNNAMED,1999,10,08,12,00,16.8,-47.9,30,0
AL121999,UNNAMED,1999,10,08,18,00,17.3,-48.5,25,0
