AL121970	ELLA	1970	09	08	12	00	15.3	-83.5	25	0
AL121970	ELLA	1970	09	08	18	00	16	-83.8	25	0
AL121970	ELLA	1970	09	09	00	00	16.6	-84.2	20	0
AL121970	ELLA	1970	09	09	06	00	17.2	-84.6	25	0
AL121970	ELLA	1970	09	09	12	00	17.7	-85	25	0
AL121970	ELLA	1970	09	09	18	00	18.6	-85.7	30	0
AL121970	ELLA	1970	09	10	00	00	19.4	-86.3	30	0
AL121970	ELLA	1970	09	10	06	00	20	-86.8	30	0
AL121970	ELLA	1970	09	10	12	00	20.8	-87.6	30	0
AL121970	ELLA	1970	09	10	18	00	22	-89	50	0
AL121970	ELLA	1970	09	11	00	00	23	-90.8	65	1
AL121970	ELLA	1970	09	11	06	00	23.6	-92.6	70	1
AL121970	ELLA	1970	09	11	12	00	23.9	-94.2	75	1
AL121970	ELLA	1970	09	11	18	00	24	-95.5	80	1
AL121970	ELLA	1970	09	12	00	00	23.9	-96.5	85	2
AL121970	ELLA	1970	09	12	06	00	23.8	-97.4	105	3
AL121970	ELLA	1970	09	12	12	00	23.9	-97.9	110	3
AL121970	ELLA	1970	09	12	18	00	24	-98.5	65	1
AL121970	ELLA	1970	09	13	00	00	23.9	-99.6	40	0
AL121970	ELLA	1970	09	13	06	00	24.2	-100.5	40	0
