AL122013	KAREN	2013	10	03	06	00	21.5	-86.8	45	0
AL122013	KAREN	2013	10	03	12	00	22.1	-87.4	55	0
AL122013	KAREN	2013	10	03	18	00	22.8	-88.1	55	0
AL122013	KAREN	2013	10	03	21	00	23.3	-88.5	55	0
AL122013	KAREN	2013	10	04	00	00	23.9	-89	50	0
AL122013	KAREN	2013	10	04	06	00	24.5	-89.5	45	0
AL122013	KAREN	2013	10	04	12	00	25.2	-89.9	45	0
AL122013	KAREN	2013	10	04	18	00	25.8	-90.2	45	0
AL122013	KAREN	2013	10	05	00	00	26.1	-90.5	40	0
AL122013	KAREN	2013	10	05	06	00	26.7	-91	40	0
AL122013	KAREN	2013	10	05	12	00	27.6	-91.6	40	0
AL122013	KAREN	2013	10	05	18	00	27.9	-91.8	35	0
AL122013	KAREN	2013	10	06	00	00	28.1	-91.9	30	0
AL122013	KAREN	2013	10	06	06	00	28.1	-91.9	25	0
