AL121964	UNNAMED	1964	11	05	00	00	11.3	-80.1	25	0
AL121964	UNNAMED	1964	11	05	06	00	11.8	-80.5	25	0
AL121964	UNNAMED	1964	11	05	12	00	12.2	-80.8	25	0
AL121964	UNNAMED	1964	11	05	18	00	12.6	-81	25	0
AL121964	UNNAMED	1964	11	06	00	00	13	-81.1	25	0
AL121964	UNNAMED	1964	11	06	06	00	13.5	-81.3	30	0
AL121964	UNNAMED	1964	11	06	12	00	13.9	-81.4	35	0
AL121964	UNNAMED	1964	11	06	18	00	14.1	-81.8	35	0
AL121964	UNNAMED	1964	11	07	00	00	14.2	-82.4	35	0
AL121964	UNNAMED	1964	11	07	06	00	14.2	-82.8	35	0
AL121964	UNNAMED	1964	11	07	12	00	14.2	-83.3	35	0
AL121964	UNNAMED	1964	11	07	18	00	14.5	-84	35	0
AL121964	UNNAMED	1964	11	08	00	00	15	-84.7	35	0
AL121964	UNNAMED	1964	11	08	06	00	15.5	-85	30	0
AL121964	UNNAMED	1964	11	08	12	00	16	-85.4	25	0
AL121964	UNNAMED	1964	11	08	18	00	16.4	-85.8	25	0
AL121964	UNNAMED	1964	11	09	00	00	16.8	-86.1	25	0
AL121964	UNNAMED	1964	11	09	06	00	17.3	-86.7	25	0
AL121964	UNNAMED	1964	11	09	12	00	17.8	-87.6	25	0
AL121964	UNNAMED	1964	11	09	18	00	18.2	-88.3	25	0
AL121964	UNNAMED	1964	11	10	00	00	18.5	-88.9	25	0
