AL121995	KAREN	1995	08	26	12	00	15.4	-32.7	30	0
AL121995	KAREN	1995	08	26	18	00	15.5	-34	30	0
AL121995	KAREN	1995	08	27	00	00	15.6	-35.4	30	0
AL121995	KAREN	1995	08	27	06	00	15.8	-36.7	30	0
AL121995	KAREN	1995	08	27	12	00	16.1	-38	30	0
AL121995	KAREN	1995	08	27	18	00	16.3	-39.3	30	0
AL121995	KAREN	1995	08	28	00	00	16.5	-40.4	30	0
AL121995	KAREN	1995	08	28	06	00	16.6	-41.5	35	0
AL121995	KAREN	1995	08	28	12	00	16.9	-42.6	40	0
AL121995	KAREN	1995	08	28	18	00	17.4	-43.6	45	0
AL121995	KAREN	1995	08	29	00	00	17.7	-44.6	45	0
AL121995	KAREN	1995	08	29	06	00	17.8	-45.5	45	0
AL121995	KAREN	1995	08	29	12	00	18.1	-46.4	45	0
AL121995	KAREN	1995	08	29	18	00	18.5	-47.3	45	0
AL121995	KAREN	1995	08	30	00	00	19	-48.2	45	0
AL121995	KAREN	1995	08	30	06	00	19.2	-49.1	40	0
AL121995	KAREN	1995	08	30	12	00	19.4	-49.9	40	0
AL121995	KAREN	1995	08	30	18	00	19.6	-50.6	40	0
AL121995	KAREN	1995	08	31	00	00	20	-51.1	40	0
AL121995	KAREN	1995	08	31	06	00	20.3	-51.6	40	0
AL121995	KAREN	1995	08	31	12	00	20.4	-51.9	40	0
AL121995	KAREN	1995	08	31	18	00	20.8	-52.1	40	0
AL121995	KAREN	1995	09	01	00	00	21.6	-52.3	40	0
AL121995	KAREN	1995	09	01	06	00	22.9	-52.7	40	0
AL121995	KAREN	1995	09	01	12	00	24.6	-53.3	35	0
AL121995	KAREN	1995	09	01	18	00	26.6	-54.3	35	0
AL121995	KAREN	1995	09	02	00	00	28.4	-55.6	35	0
AL121995	KAREN	1995	09	02	06	00	29.9	-57.1	35	0
AL121995	KAREN	1995	09	02	12	00	31.2	-59.2	30	0
AL121995	KAREN	1995	09	02	18	00	32.4	-61.9	30	0
AL121995	KAREN	1995	09	03	00	00	33	-61.5	30	0
