AL121971	UNNAMED	1971	09	03	12	00	13.5	-17.5	20	0
AL121971	UNNAMED	1971	09	03	18	00	13.5	-18.5	20	0
AL121971	UNNAMED	1971	09	04	00	00	13.5	-19.5	25	0
AL121971	UNNAMED	1971	09	04	06	00	13.5	-20	25	0
AL121971	UNNAMED	1971	09	04	12	00	13.5	-21	30	0
AL121971	UNNAMED	1971	09	04	18	00	13.6	-21.6	30	0
AL121971	UNNAMED	1971	09	05	00	00	13.7	-22.3	30	0
AL121971	UNNAMED	1971	09	05	06	00	13.8	-24.1	30	0
AL121971	UNNAMED	1971	09	05	12	00	14	-25.5	30	0
AL121971	UNNAMED	1971	09	05	18	00	14.4	-26.9	30	0
AL121971	UNNAMED	1971	09	06	00	00	14.8	-28.3	30	0
AL121971	UNNAMED	1971	09	06	06	00	15.1	-29.6	30	0
AL121971	UNNAMED	1971	09	06	12	00	15.5	-31	25	0
AL121971	UNNAMED	1971	09	06	18	00	15.8	-32.2	25	0
AL121971	UNNAMED	1971	09	07	00	00	16.2	-33.5	25	0
AL121971	UNNAMED	1971	09	07	06	00	16.6	-33.5	25	0
AL121971	UNNAMED	1971	09	07	12	00	17	-36	25	0
AL121971	UNNAMED	1971	09	07	18	00	17	-37.2	25	0
AL121971	UNNAMED	1971	09	08	00	00	17	-38.5	20	0
AL121971	UNNAMED	1971	09	08	06	00	17	-39.7	20	0
AL121971	UNNAMED	1971	09	08	12	00	17	-41	20	0
AL121971	UNNAMED	1971	09	08	18	00	17	-42.5	20	0
