id,name,year,month,day,hour,minute,lat,lon,max_sustained_wind_kts,sshws
AL121909,UNNAMED,1909,11,08,12,00,10.5,-81,35,0
AL121909,UNNAMED,1909,11,08,18,00,10.7,-80.8,35,0
AL121909,UNNAMED,1909,11,09,00,00,10.9,-80.6,35,0
AL121909,UNNAMED,1909,11,09,06,00,11.1,-80.4,35,0
AL121909,UNNAMED,1909,11,09,12,00,11.3,-80.2,35,0
AL121909,UNNAMED,1909,11,09,18,00,11.6,-80,35,0
AL121909,UNNAMED,1909,11,10,00,00,12.1,-79.7,35,0
AL121909,UNNAMED,1909,11,10,06,00,12.7,-79.4,40,0
AL121909,UNNAMED,1909,11,10,12,00,13.3,-79.1,40,0
AL121909,UNNAMED,1909,11,10,18,00,13.9,-78.8,45,0
AL121909,UNNAMED,1909,11,11,00,00,14.5,-78.5,45,0
AL121909,UNNAMED,1909,11,11,06,00,15.1,-78,50,0
AL121909,UNNAMED,1909,11,11,12,00,15.7,-77.4,50,0
AL121909,UNNAMED,1909,11,11,18,00,16.5,-76.7,55,0
AL121909,UNNAMED,1909,11,12,00,00,17.4,-76,60,0
AL121909,UNNAMED,1909,11,12,06,00,18.2,-75.3,65,1
AL121909,UNNAMED,1909,11,12,12,00,19,-74.5,70,1
AL121909,UNNAMED,1909,11,12,18,00,19.6,-73.5,75,1
AL121909,UNNAMED,1909,11,13,00,00,20.1,-72.1,80,1
AL121909,UNNAMED,1909,11,13,06,00,20.6,-70.4,85,2
AL121909,UNNAMED,1909,11,13,12,00,21,-68.5,90,2
AL121909,UNNAMED,1909,11,13,18,00,21.3,-66.3,90,2
AL121909,UNNAMED,1909,11,14,00,00,21.4,-64,90,2
AL121909,UNNAMED,1909,11,14,06,00,21.5,-61.5,85,2
AL121909,UNNAMED,1909,11,14,12,00,21.5,-59,80,1
AL121909,UNNAMED,1909,11,14,18,00,21.5,-56.5,75,1
