AL121933	UNNAMED	1933	09	08	00	00	15.4	-56.6	30	0
AL121933	UNNAMED	1933	09	08	06	00	15.6	-57.3	35	0
AL121933	UNNAMED	1933	09	08	12	00	15.9	-58	35	0
AL121933	UNNAMED	1933	09	08	18	00	16.4	-58.4	40	0
AL121933	UNNAMED	1933	09	09	00	00	16.9	-58.7	45	0
AL121933	UNNAMED	1933	09	09	06	00	17.4	-59	50	0
AL121933	UNNAMED	1933	09	09	12	00	17.9	-59.2	55	0
AL121933	UNNAMED	1933	09	09	18	00	18.5	-59.3	60	0
AL121933	UNNAMED	1933	09	10	00	00	19.1	-59.4	65	1
AL121933	UNNAMED	1933	09	10	06	00	19.8	-59.5	70	1
AL121933	UNNAMED	1933	09	10	12	00	20.5	-59.7	75	1
AL121933	UNNAMED	1933	09	10	18	00	21.2	-60.1	80	1
AL121933	UNNAMED	1933	09	11	00	00	21.9	-60.4	90	2
AL121933	UNNAMED	1933	09	11	06	00	22.3	-60.7	95	2
AL121933	UNNAMED	1933	09	11	12	00	22.6	-61	105	3
AL121933	UNNAMED	1933	09	11	18	00	22.9	-61.3	115	4
AL121933	UNNAMED	1933	09	12	00	00	23.3	-61.6	120	4
AL121933	UNNAMED	1933	09	12	06	00	23.9	-62.5	120	4
AL121933	UNNAMED	1933	09	12	12	00	24.6	-63.5	120	4
AL121933	UNNAMED	1933	09	12	18	00	25.2	-64.6	120	4
AL121933	UNNAMED	1933	09	13	00	00	25.8	-65.7	120	4
AL121933	UNNAMED	1933	09	13	06	00	26.4	-66.7	120	4
AL121933	UNNAMED	1933	09	13	12	00	27	-67.8	120	4
AL121933	UNNAMED	1933	09	13	18	00	27.5	-69	115	4
AL121933	UNNAMED	1933	09	14	00	00	28	-70.2	115	4
AL121933	UNNAMED	1933	09	14	06	00	28.4	-71.4	115	4
AL121933	UNNAMED	1933	09	14	12	00	28.8	-72.6	110	3
AL121933	UNNAMED	1933	09	14	18	00	29.4	-73.4	110	3
AL121933	UNNAMED	1933	09	15	00	00	30.2	-74	110	3
AL121933	UNNAMED	1933	09	15	06	00	31.1	-74.5	105	3
AL121933	UNNAMED	1933	09	15	12	00	32	-74.9	105	3
AL121933	UNNAMED	1933	09	15	18	00	32.8	-75.1	105	3
AL121933	UNNAMED	1933	09	16	00	00	33.6	-75.2	105	3
AL121933	UNNAMED	1933	09	16	06	00	34.4	-75.3	95	2
AL121933	UNNAMED	1933	09	16	12	00	35.2	-75.4	90	2
AL121933	UNNAMED	1933	09	16	18	00	36.1	-75	85	2
AL121933	UNNAMED	1933	09	17	00	00	37	-74.5	80	1
AL121933	UNNAMED	1933	09	17	06	00	37.9	-73.1	80	1
AL121933	UNNAMED	1933	09	17	12	00	38.9	-71.5	75	1
AL121933	UNNAMED	1933	09	17	18	00	39.9	-69.6	75	1
AL121933	UNNAMED	1933	09	18	00	00	41.5	-67.2	70	1
AL121933	UNNAMED	1933	09	18	06	00	43.2	-64.7	70	1
AL121933	UNNAMED	1933	09	18	12	00	44.8	-62.7	65	1
AL121933	UNNAMED	1933	09	18	18	00	46.6	-61	60	0
AL121933	UNNAMED	1933	09	19	00	00	48.1	-59.9	60	0
AL121933	UNNAMED	1933	09	19	06	00	49.3	-58.9	60	0
AL121933	UNNAMED	1933	09	19	12	00	50.5	-58	60	0
AL121933	UNNAMED	1933	09	19	18	00	51.5	-57	55	0
AL121933	UNNAMED	1933	09	20	00	00	52.3	-56	55	0
AL121933	UNNAMED	1933	09	20	06	00	53.1	-54.9	50	0
AL121933	UNNAMED	1933	09	20	12	00	53.8	-53.8	50	0
AL121933	UNNAMED	1933	09	20	18	00	54.8	-52	50	0
AL121933	UNNAMED	1933	09	21	00	00	55.8	-49.6	50	0
AL121933	UNNAMED	1933	09	21	06	00	56.9	-46.8	50	0
AL121933	UNNAMED	1933	09	21	12	00	58	-44	50	0
AL121933	UNNAMED	1933	09	21	18	00	58.9	-41.2	50	0
AL121933	UNNAMED	1933	09	22	00	00	59.8	-38.4	50	0
AL121933	UNNAMED	1933	09	22	06	00	60.7	-35.6	50	0
AL121933	UNNAMED	1933	09	22	12	00	61.5	-33	50	0
AL121933	UNNAMED	1933	09	22	18	00	62.1	-31.2	45	0
