id,name,year,month,day,hour,minute,lat,lon,max_sustained_wind_kts,sshws
AL121988,KEITH,1988,11,17,18,00,14.9,-74.3,30,0
AL121988,KEITH,1988,11,18,00,00,15,-75.5,30,0
AL121988,KEITH,1988,11,18,06,00,15,-76.5,30,0
AL121988,KEITH,1988,11,18,12,00,15,-77.7,30,0
AL121988,KEITH,1988,11,18,18,00,15,-79,30,0
AL121988,KEITH,1988,11,19,00,00,15,-79.9,30,0
AL121988,KEITH,1988,11,19,06,00,15.1,-80.4,30,0
AL121988,KEITH,1988,11,19,12,00,15.2,-81.2,30,0
AL121988,KEITH,1988,11,19,18,00,15.5,-81.8,30,0
AL121988,KEITH,1988,11,20,00,00,15.8,-82.6,30,0
AL121988,KEITH,1988,11,20,06,00,16.3,-83.4,35,0
AL121988,KEITH,1988,11,20,12,00,17.8,-84.5,40,0
AL121988,KEITH,1988,11,20,18,00,19.1,-85.4,45,0
AL121988,KEITH,1988,11,21,00,00,19.8,-86.1,60,0
AL121988,KEITH,1988,11,21,06,00,20.7,-86.6,60,0
AL121988,KEITH,1988,11,21,08,00,21.2,-86.8,60,0
AL121988,KEITH,1988,11,21,12,00,21.8,-87,60,0
AL121988,KEITH,1988,11,21,18,00,22.4,-87.2,60,0
AL121988,KEITH,1988,11,22,00,00,23.1,-87,60,0
AL121988,KEITH,1988,11,22,06,00,23.8,-86.8,55,0
AL121988,KEITH,1988,11,22,12,00,24.4,-86.2,55,0
AL121988,KEITH,1988,11,22,18,00,25.5,-85.1,55,0
AL121988,KEITH,1988,11,23,00,00,26.5,-84.2,55,0
AL121988,KEITH,1988,11,23,06,00,27.3,-82.8,55,0
AL121988,KEITH,1988,11,23,07,00,27.3,-82.6,55,0
AL121988,KEITH,1988,11,23,12,00,27.9,-81.3,35,0
AL121988,KEITH,1988,11,23,18,00,28.9,-79.8,40,0
AL121988,KEITH,1988,11,24,00,00,29.7,-77.7,50,0
AL121988,KEITH,1988,11,24,06,00,31,-75.2,55,0
AL121988,KEITH,1988,11,24,12,00,32.5,-70.5,60,0
AL121988,KEITH,1988,11,24,18,00,34,-66,55,0
AL121988,KEITH,1988,11,25,00,00,36,-60,50,0
AL121988,KEITH,1988,11,25,06,00,39,-54,50,0
AL121988,KEITH,1988,11,25,12,00,40,-49,50,0
AL121988,KEITH,1988,11,25,18,00,44,-45,55,0
AL121988,KEITH,1988,11,26,00,00,48,-43,65,1
AL121988,KEITH,1988,11,26,06,00,52,-42,65,1
AL121988,KEITH,1988,11,26,12,00,52.5,-44,65,1
AL121988,KEITH,1988,11,26,18,00,52,-46,65,1
