id,name,year,month,day,hour,minute,lat,lon,max_sustained_wind_kts,sshws
AL121901,UNNAMED,1901,10,15,00,00,21,-80,30,0
AL121901,UNNAMED,1901,10,15,06,00,21.5,-79.3,30,0
AL121901,UNNAMED,1901,10,15,12,00,22,-78.5,30,0
AL121901,UNNAMED,1901,10,15,18,00,22.5,-77.7,35,0
AL121901,UNNAMED,1901,10,16,00,00,22.9,-76.7,40,0
AL121901,UNNAMED,1901,10,16,06,00,23.3,-75.8,45,0
AL121901,UNNAMED,1901,10,16,12,00,23.7,-75,50,0
AL121901,UNNAMED,1901,10,16,18,00,24.3,-73.7,50,0
AL121901,UNNAMED,1901,10,17,00,00,25.2,-72.4,50,0
AL121901,UNNAMED,1901,10,17,06,00,25.8,-71.1,50,0
AL121901,UNNAMED,1901,10,17,12,00,26.5,-69.5,45,0
AL121901,UNNAMED,1901,10,17,18,00,26.9,-68.4,40,0
AL121901,UNNAMED,1901,10,18,00,00,27.3,-67.2,40,0
AL121901,UNNAMED,1901,10,18,06,00,27.6,-66.1,40,0
AL121901,UNNAMED,1901,10,18,12,00,28,-65,40,0
AL121901,UNNAMED,1901,10,18,18,00,28.4,-63.7,40,0
