AL122005	KATRINA	2005	08	23	18	00	23.1	-75.1	30	0
AL122005	KATRINA	2005	08	24	00	00	23.4	-75.7	30	0
AL122005	KATRINA	2005	08	24	06	00	23.8	-76.2	30	0
AL122005	KATRINA	2005	08	24	12	00	24.5	-76.5	35	0
AL122005	KATRINA	2005	08	24	18	00	25.4	-76.9	40	0
AL122005	KATRINA	2005	08	25	00	00	26	-77.7	45	0
AL122005	KATRINA	2005	08	25	06	00	26.1	-78.4	50	0
AL122005	KATRINA	2005	08	25	12	00	26.2	-79	55	0
AL122005	KATRINA	2005	08	25	18	00	26.2	-79.6	60	0
AL122005	KATRINA	2005	08	25	22	30	26	-80.1	70	1
AL122005	KATRINA	2005	08	26	00	00	25.9	-80.3	70	1
AL122005	KATRINA	2005	08	26	06	00	25.4	-81.3	65	1
AL122005	KATRINA	2005	08	26	12	00	25.1	-82	75	1
AL122005	KATRINA	2005	08	26	18	00	24.9	-82.6	85	2
AL122005	KATRINA	2005	08	27	00	00	24.6	-83.3	90	2
AL122005	KATRINA	2005	08	27	06	00	24.4	-84	95	2
AL122005	KATRINA	2005	08	27	12	00	24.4	-84.7	100	3
AL122005	KATRINA	2005	08	27	18	00	24.5	-85.3	100	3
AL122005	KATRINA	2005	08	28	00	00	24.8	-85.9	100	3
AL122005	KATRINA	2005	08	28	06	00	25.2	-86.7	125	4
AL122005	KATRINA	2005	08	28	12	00	25.7	-87.7	145	5
AL122005	KATRINA	2005	08	28	18	00	26.3	-88.6	150	5
AL122005	KATRINA	2005	08	29	00	00	27.2	-89.2	140	5
AL122005	KATRINA	2005	08	29	06	00	28.2	-89.6	125	4
AL122005	KATRINA	2005	08	29	11	10	29.3	-89.6	110	3
AL122005	KATRINA	2005	08	29	12	00	29.5	-89.6	110	3
AL122005	KATRINA	2005	08	29	14	45	30.2	-89.6	105	3
AL122005	KATRINA	2005	08	29	18	00	31.1	-89.6	80	1
AL122005	KATRINA	2005	08	30	00	00	32.6	-89.1	50	0
AL122005	KATRINA	2005	08	30	06	00	34.1	-88.6	40	0
AL122005	KATRINA	2005	08	30	12	00	35.6	-88	30	0
AL122005	KATRINA	2005	08	30	18	00	37	-87	30	0
AL122005	KATRINA	2005	08	31	00	00	38.6	-85.3	30	0
AL122005	KATRINA	2005	08	31	06	00	40.1	-82.9	25	0
