AL121987	EMILY	1987	09	20	00	00	9.8	-51.3	25	0
AL121987	EMILY	1987	09	20	06	00	10.4	-53	25	0
AL121987	EMILY	1987	09	20	12	00	10.9	-54.7	30	0
AL121987	EMILY	1987	09	20	18	00	11.4	-56.4	35	0
AL121987	EMILY	1987	09	21	00	00	12	-58	40	0
AL121987	EMILY	1987	09	21	06	00	12.4	-59.7	40	0
AL121987	EMILY	1987	09	21	12	00	13.1	-61.3	45	0
AL121987	EMILY	1987	09	21	18	00	13.7	-63.1	50	0
AL121987	EMILY	1987	09	22	00	00	14.5	-64.7	60	0
AL121987	EMILY	1987	09	22	06	00	15.1	-66.3	80	1
AL121987	EMILY	1987	09	22	12	00	15.9	-67.7	90	2
AL121987	EMILY	1987	09	22	18	00	16.7	-69.1	110	3
AL121987	EMILY	1987	09	23	00	00	17.8	-70.4	105	3
AL121987	EMILY	1987	09	23	03	00	18.3	-71	95	2
AL121987	EMILY	1987	09	23	06	00	19	-71.5	70	1
AL121987	EMILY	1987	09	23	12	00	20	-72.3	55	0
AL121987	EMILY	1987	09	23	18	00	20.9	-72.8	40	0
AL121987	EMILY	1987	09	24	00	00	22	-73	40	0
AL121987	EMILY	1987	09	24	06	00	23.2	-73	45	0
AL121987	EMILY	1987	09	24	12	00	24.4	-72.7	45	0
AL121987	EMILY	1987	09	24	18	00	26	-72	45	0
AL121987	EMILY	1987	09	25	00	00	28	-70.5	45	0
AL121987	EMILY	1987	09	25	06	00	30.2	-68	70	1
AL121987	EMILY	1987	09	25	11	45	32.3	-64.7	75	1
AL121987	EMILY	1987	09	25	12	00	32.4	-64.6	80	1
AL121987	EMILY	1987	09	25	18	00	35	-60	80	1
AL121987	EMILY	1987	09	26	00	00	38	-55	75	1
AL121987	EMILY	1987	09	26	06	00	41.2	-49	70	1
AL121987	EMILY	1987	09	26	12	00	44.8	-42.5	65	1
AL121987	EMILY	1987	09	26	18	00	49	-36	55	0
