AL121985	JUAN	1985	10	26	00	00	24.5	-90.5	30	0
AL121985	JUAN	1985	10	26	06	00	24.2	-91.5	30	0
AL121985	JUAN	1985	10	26	12	00	23.8	-92.5	35	0
AL121985	JUAN	1985	10	26	18	00	24.4	-92.8	40	0
AL121985	JUAN	1985	10	27	00	00	24.6	-92	45	0
AL121985	JUAN	1985	10	27	06	00	25.3	-92.2	50	0
AL121985	JUAN	1985	10	27	12	00	25.7	-91.5	55	0
AL121985	JUAN	1985	10	27	18	00	26.4	-91.1	60	0
AL121985	JUAN	1985	10	28	00	00	27.8	-91.2	65	1
AL121985	JUAN	1985	10	28	06	00	28.6	-91.5	70	1
AL121985	JUAN	1985	10	28	12	00	29.4	-92	75	1
AL121985	JUAN	1985	10	28	18	00	29.3	-93	75	1
AL121985	JUAN	1985	10	29	00	00	28.9	-92.5	75	1
AL121985	JUAN	1985	10	29	06	00	29	-91.9	70	1
AL121985	JUAN	1985	10	29	11	00	29.5	-91.4	65	1
AL121985	JUAN	1985	10	29	12	00	29.6	-91.3	65	1
AL121985	JUAN	1985	10	29	18	00	30.3	-91.9	60	0
AL121985	JUAN	1985	10	30	00	00	30.1	-92.3	60	0
AL121985	JUAN	1985	10	30	06	00	29.8	-92.2	55	0
AL121985	JUAN	1985	10	30	12	00	29.6	-92.1	55	0
AL121985	JUAN	1985	10	30	18	00	29.3	-91.8	55	0
AL121985	JUAN	1985	10	31	00	00	29.1	-91.3	55	0
AL121985	JUAN	1985	10	31	06	00	28.9	-90.3	55	0
AL121985	JUAN	1985	10	31	12	00	29.3	-89.1	60	0
AL121985	JUAN	1985	10	31	18	00	30.3	-87.7	55	0
AL121985	JUAN	1985	11	01	00	00	31.8	-87	40	0
AL121985	JUAN	1985	11	01	06	00	33.5	-86.7	35	0
AL121985	JUAN	1985	11	01	12	00	35.2	-86.6	30	0
AL121985	JUAN	1985	11	01	18	00	36.8	-87.1	25	0
