id,name,year,month,day,hour,minute,lat,lon,max_sustained_wind_kts,sshws
AL121953,HAZEL,1953,10,07,06,00,20.5,-86.4,35,0
AL121953,HAZEL,1953,10,07,12,00,21,-86.3,35,0
AL121953,HAZEL,1953,10,07,18,00,21.3,-86.2,35,0
AL121953,HAZEL,1953,10,08,00,00,21.7,-86.1,40,0
AL121953,HAZEL,1953,10,08,06,00,22.2,-86.1,40,0
AL121953,HAZEL,1953,10,08,12,00,22.7,-86,45,0
AL121953,HAZEL,1953,10,08,18,00,23.3,-85.8,55,0
AL121953,HAZEL,1953,10,09,00,00,24,-85.3,55,0
AL121953,HAZEL,1953,10,09,06,00,25,-84.4,60,0
AL121953,HAZEL,1953,10,09,12,00,26.2,-83,60,0
AL121953,HAZEL,1953,10,09,18,00,27.4,-81.2,55,0
AL121953,HAZEL,1953,10,10,00,00,28.8,-79,55,0
AL121953,HAZEL,1953,10,10,06,00,30.7,-76.2,60,0
AL121953,HAZEL,1953,10,10,12,00,32.4,-73.6,60,0
AL121953,HAZEL,1953,10,10,18,00,33.5,-71.5,60,0
AL121953,HAZEL,1953,10,11,00,00,34.5,-69.4,55,0
AL121953,HAZEL,1953,10,11,06,00,35.4,-67.3,50,0
AL121953,HAZEL,1953,10,11,12,00,36.4,-65.1,45,0
AL121953,HAZEL,1953,10,11,18,00,37.8,-62.2,45,0
AL121953,HAZEL,1953,10,12,00,00,39.4,-59,40,0
AL121953,HAZEL,1953,10,12,06,00,41,-56.1,40,0
AL121953,HAZEL,1953,10,12,12,00,42.7,-53.2,35,0
AL121953,HAZEL,1953,10,12,18,00,44.7,-51,35,0
