id,name,year,month,day,hour,minute,lat,lon,max_sustained_wind_kts,sshws
AL121979,ELENA,1979,08,30,00,00,25.5,-89.1,25,0
AL121979,ELENA,1979,08,30,06,00,26,-89.9,25,0
AL121979,ELENA,1979,08,30,12,00,26.4,-90.7,30,0
AL121979,ELENA,1979,08,30,18,00,26.8,-91.8,35,0
AL121979,ELENA,1979,08,31,00,00,26.5,-93,35,0
AL121979,ELENA,1979,08,31,06,00,26.8,-93.8,35,0
AL121979,ELENA,1979,08,31,12,00,27,-94.2,35,0
AL121979,ELENA,1979,08,31,18,00,27.3,-94.7,35,0
AL121979,ELENA,1979,09,01,00,00,27.6,-95.1,35,0
AL121979,ELENA,1979,09,01,06,00,27.9,-95.5,35,0
AL121979,ELENA,1979,09,01,12,00,28.5,-95.8,35,0
AL121979,ELENA,1979,09,01,18,00,29,-95.8,30,0
AL121979,ELENA,1979,09,02,00,00,29.6,-95.8,25,0
