id,name,year,month,day,hour,minute,lat,lon,max_sustained_wind_kts,sshws
AL121886,UNNAMED,1886,10,21,18,00,17.8,-73,35,0
AL121886,UNNAMED,1886,10,22,00,00,18.7,-72.7,35,0
AL121886,UNNAMED,1886,10,22,06,00,19.6,-72.4,35,0
AL121886,UNNAMED,1886,10,22,12,00,20.5,-72,35,0
AL121886,UNNAMED,1886,10,22,18,00,21.2,-71.5,40,0
AL121886,UNNAMED,1886,10,23,00,00,21.9,-70.8,45,0
AL121886,UNNAMED,1886,10,23,06,00,22.7,-69.9,50,0
AL121886,UNNAMED,1886,10,23,12,00,23.7,-68.7,55,0
AL121886,UNNAMED,1886,10,23,18,00,24.4,-67.5,60,0
AL121886,UNNAMED,1886,10,24,00,00,24.9,-66.6,60,0
AL121886,UNNAMED,1886,10,24,06,00,25.3,-65.7,60,0
AL121886,UNNAMED,1886,10,24,12,00,25.7,-64.5,60,0
AL121886,UNNAMED,1886,10,24,18,00,26,-63.4,60,0
AL121886,UNNAMED,1886,10,25,00,00,26.4,-62.6,55,0
AL121886,UNNAMED,1886,10,25,06,00,26.7,-61.7,50,0
AL121886,UNNAMED,1886,10,25,12,00,27,-60.7,45,0
AL121886,UNNAMED,1886,10,25,18,00,27.2,-59.7,45,0
AL121886,UNNAMED,1886,10,26,00,00,27.4,-58.9,40,0
AL121886,UNNAMED,1886,10,26,06,00,27.5,-58.1,40,0
AL121886,UNNAMED,1886,10,26,12,00,27.7,-57,35,0
AL121886,UNNAMED,1886,10,26,18,00,27.9,-56,35,0
