id,name,year,month,day,hour,minute,lat,lon,max_sustained_wind_kts,sshws
AL121969,EVE,1969,08,25,00,00,29.5,-78.5,30,0
AL121969,EVE,1969,08,25,06,00,29.6,-77.8,30,0
AL121969,EVE,1969,08,25,12,00,29.7,-76.9,30,0
AL121969,EVE,1969,08,25,18,00,29.8,-76,40,0
AL121969,EVE,1969,08,26,00,00,30,-75.1,50,0
AL121969,EVE,1969,08,26,06,00,30.3,-74.3,45,0
AL121969,EVE,1969,08,26,12,00,30.8,-73.6,45,0
AL121969,EVE,1969,08,26,18,00,31.4,-72.7,40,0
AL121969,EVE,1969,08,27,00,00,32,-71.5,30,0
AL121969,EVE,1969,08,27,06,00,32.5,-70,30,0
AL121969,EVE,1969,08,27,12,00,32.7,-68.8,30,0
AL121969,EVE,1969,08,27,18,00,32.8,-67.5,25,0
