AL121944	UNNAMED	1944	10	11	00	00	35.5	-40.4	35	0
AL121944	UNNAMED	1944	10	11	06	00	35.5	-40.2	35	0
AL121944	UNNAMED	1944	10	11	12	00	35.5	-40	40	0
AL121944	UNNAMED	1944	10	11	18	00	35.5	-39.8	45	0
AL121944	UNNAMED	1944	10	12	00	00	35.6	-39.6	50	0
AL121944	UNNAMED	1944	10	12	06	00	35.7	-39.3	60	0
AL121944	UNNAMED	1944	10	12	12	00	36	-39	70	1
AL121944	UNNAMED	1944	10	12	18	00	36.6	-38.6	70	1
AL121944	UNNAMED	1944	10	13	00	00	37.5	-38.1	70	1
AL121944	UNNAMED	1944	10	13	06	00	38.3	-37.4	60	0
AL121944	UNNAMED	1944	10	13	12	00	39	-36.5	50	0
AL121944	UNNAMED	1944	10	13	18	00	39.7	-35.3	50	0
AL121944	UNNAMED	1944	10	14	00	00	40.4	-33.5	45	0
AL121944	UNNAMED	1944	10	14	06	00	41	-29.5	45	0
AL121944	UNNAMED	1944	10	14	12	00	41.5	-25.5	45	0
AL121944	UNNAMED	1944	10	14	18	00	41.2	-23	45	0
AL121944	UNNAMED	1944	10	15	00	00	40.5	-21	45	0
AL121944	UNNAMED	1944	10	15	06	00	39.7	-19.5	50	0
AL121944	UNNAMED	1944	10	15	12	00	39	-18	55	0
AL121944	UNNAMED	1944	10	15	18	00	38.5	-16	55	0
