AL121932	UNNAMED	1932	10	08	00	00	23.6	-57	30	0
AL121932	UNNAMED	1932	10	08	06	00	23.8	-57.7	35	0
AL121932	UNNAMED	1932	10	08	12	00	24	-58.5	35	0
AL121932	UNNAMED	1932	10	08	18	00	24.2	-59.3	35	0
AL121932	UNNAMED	1932	10	09	00	00	24.5	-60.1	35	0
AL121932	UNNAMED	1932	10	09	06	00	24.9	-60.8	35	0
AL121932	UNNAMED	1932	10	09	12	00	25.5	-61.5	40	0
AL121932	UNNAMED	1932	10	09	18	00	26.5	-62	40	0
AL121932	UNNAMED	1932	10	10	00	00	28	-62.3	40	0
AL121932	UNNAMED	1932	10	10	06	00	29.8	-62.6	45	0
AL121932	UNNAMED	1932	10	10	12	00	31.4	-62.9	45	0
AL121932	UNNAMED	1932	10	10	18	00	32.4	-63.2	50	0
AL121932	UNNAMED	1932	10	11	00	00	33.2	-63.5	50	0
AL121932	UNNAMED	1932	10	11	06	00	33.9	-63.7	50	0
AL121932	UNNAMED	1932	10	11	12	00	34.8	-63.5	50	0
AL121932	UNNAMED	1932	10	11	18	00	36.3	-62.5	45	0
AL121932	UNNAMED	1932	10	12	00	00	38.5	-60.7	45	0
AL121932	UNNAMED	1932	10	12	06	00	41.5	-57.5	40	0
