id,name,year,month,day,hour,minute,lat,lon,max_sustained_wind_kts,sshws
AL121972,UNNAMED,1972,09,03,12,00,30.5,-51.5,20,0
AL121972,UNNAMED,1972,09,03,18,00,30.8,-50.6,25,0
AL121972,UNNAMED,1972,09,04,00,00,31.2,-49.7,25,0
AL121972,UNNAMED,1972,09,04,06,00,31.6,-48.8,25,0
AL121972,UNNAMED,1972,09,04,12,00,32,-48,25,0
AL121972,UNNAMED,1972,09,04,18,00,32.5,-46.8,25,0
AL121972,UNNAMED,1972,09,05,00,00,33,-45.5,25,0
AL121972,UNNAMED,1972,09,05,06,00,33.5,-44.3,20,0
AL121972,UNNAMED,1972,09,05,12,00,34,-43,20,0
