id,name,year,month,day,hour,minute,lat,lon,max_sustained_wind_kts,sshws
AL121984,FRAN,1984,09,15,12,00,13.7,-21.3,25,0
AL121984,FRAN,1984,09,15,18,00,13.8,-22,25,0
AL121984,FRAN,1984,09,16,00,00,13.9,-22.7,30,0
AL121984,FRAN,1984,09,16,06,00,14,-23.4,30,0
AL121984,FRAN,1984,09,16,12,00,14.3,-24.1,30,0
AL121984,FRAN,1984,09,16,18,00,14.8,-24.8,35,0
AL121984,FRAN,1984,09,17,00,00,15.3,-25.3,45,0
AL121984,FRAN,1984,09,17,06,00,16.3,-26,50,0
AL121984,FRAN,1984,09,17,12,00,17.3,-26.5,50,0
AL121984,FRAN,1984,09,17,18,00,18.4,-27.1,55,0
AL121984,FRAN,1984,09,18,00,00,19.5,-28,55,0
AL121984,FRAN,1984,09,18,06,00,20.2,-29.6,55,0
AL121984,FRAN,1984,09,18,12,00,20.9,-31,55,0
AL121984,FRAN,1984,09,18,18,00,21.1,-32.8,50,0
AL121984,FRAN,1984,09,19,00,00,21.1,-34.3,50,0
AL121984,FRAN,1984,09,19,06,00,21,-36,50,0
AL121984,FRAN,1984,09,19,12,00,20.9,-37.9,45,0
AL121984,FRAN,1984,09,19,18,00,20.8,-39.5,40,0
AL121984,FRAN,1984,09,20,00,00,20.5,-40.7,35,0
AL121984,FRAN,1984,09,20,06,00,20.2,-42,30,0
AL121984,FRAN,1984,09,20,12,00,20,-43,25,0
