AL121967	CHLOE	1967	09	05	00	00	15.4	-20.3	30	0
AL121967	CHLOE	1967	09	05	06	00	15.7	-21.7	30	0
AL121967	CHLOE	1967	09	05	12	00	15.9	-23.1	30	0
AL121967	CHLOE	1967	09	05	18	00	16.1	-24.5	30	0
AL121967	CHLOE	1967	09	06	00	00	16.4	-26	30	0
AL121967	CHLOE	1967	09	06	06	00	16.8	-27.5	30	0
AL121967	CHLOE	1967	09	06	12	00	17.1	-29	30	0
AL121967	CHLOE	1967	09	06	18	00	17.5	-30.7	30	0
AL121967	CHLOE	1967	09	07	00	00	18	-32.1	30	0
AL121967	CHLOE	1967	09	07	06	00	18.6	-33.5	30	0
AL121967	CHLOE	1967	09	07	12	00	19.3	-34.7	30	0
AL121967	CHLOE	1967	09	07	18	00	20	-35.8	30	0
AL121967	CHLOE	1967	09	08	00	00	20.7	-36.8	30	0
AL121967	CHLOE	1967	09	08	06	00	21.7	-37.6	30	0
AL121967	CHLOE	1967	09	08	12	00	22.7	-38	35	0
AL121967	CHLOE	1967	09	08	18	00	23.7	-38.3	40	0
AL121967	CHLOE	1967	09	09	00	00	24.8	-38.8	45	0
AL121967	CHLOE	1967	09	09	06	00	25.8	-39.1	60	0
AL121967	CHLOE	1967	09	09	12	00	26.3	-39.4	65	1
AL121967	CHLOE	1967	09	09	18	00	26.7	-39.6	75	1
AL121967	CHLOE	1967	09	10	00	00	26.6	-40.4	65	1
AL121967	CHLOE	1967	09	10	06	00	26.5	-41.4	70	1
AL121967	CHLOE	1967	09	10	12	00	26.4	-42.7	70	1
AL121967	CHLOE	1967	09	10	18	00	26.3	-43.9	70	1
AL121967	CHLOE	1967	09	11	00	00	26.2	-45	70	1
AL121967	CHLOE	1967	09	11	06	00	26.1	-46.2	75	1
AL121967	CHLOE	1967	09	11	12	00	26	-47.3	80	1
AL121967	CHLOE	1967	09	11	18	00	26.2	-48.7	85	2
AL121967	CHLOE	1967	09	12	00	00	26.5	-49.3	85	2
AL121967	CHLOE	1967	09	12	06	00	26.8	-49.7	85	2
AL121967	CHLOE	1967	09	12	12	00	27.3	-50.2	90	2
AL121967	CHLOE	1967	09	12	18	00	27.7	-50.7	90	2
AL121967	CHLOE	1967	09	13	00	00	27.9	-50.9	95	2
AL121967	CHLOE	1967	09	13	06	00	28.2	-51.2	95	2
AL121967	CHLOE	1967	09	13	12	00	28.4	-51.5	95	2
AL121967	CHLOE	1967	09	13	18	00	28.8	-51.9	95	2
AL121967	CHLOE	1967	09	14	00	00	29	-52.2	95	2
AL121967	CHLOE	1967	09	14	06	00	29.4	-52.6	95	2
AL121967	CHLOE	1967	09	14	12	00	30	-53.3	90	2
AL121967	CHLOE	1967	09	14	18	00	30.8	-54.1	90	2
AL121967	CHLOE	1967	09	15	00	00	31.7	-54.9	85	2
AL121967	CHLOE	1967	09	15	06	00	32.6	-55.8	80	1
AL121967	CHLOE	1967	09	15	12	00	33.5	-56.6	80	1
AL121967	CHLOE	1967	09	15	18	00	34.5	-57.2	80	1
AL121967	CHLOE	1967	09	16	00	00	35.6	-57.6	80	1
AL121967	CHLOE	1967	09	16	06	00	36.7	-57.8	80	1
AL121967	CHLOE	1967	09	16	12	00	37.8	-57.8	80	1
AL121967	CHLOE	1967	09	16	18	00	38.9	-57.8	80	1
AL121967	CHLOE	1967	09	17	00	00	40	-56.9	80	1
AL121967	CHLOE	1967	09	17	06	00	40.8	-55.1	80	1
AL121967	CHLOE	1967	09	17	12	00	41.4	-53	80	1
AL121967	CHLOE	1967	09	17	18	00	41.9	-50.7	80	1
AL121967	CHLOE	1967	09	18	00	00	42.3	-47.8	80	1
AL121967	CHLOE	1967	09	18	06	00	42.7	-44.8	75	1
AL121967	CHLOE	1967	09	18	12	00	43	-41.8	75	1
AL121967	CHLOE	1967	09	18	18	00	43.4	-38.5	75	1
AL121967	CHLOE	1967	09	19	00	00	44	-35	75	1
AL121967	CHLOE	1967	09	19	06	00	44.5	-31.5	75	1
AL121967	CHLOE	1967	09	19	12	00	44.9	-28	75	1
AL121967	CHLOE	1967	09	19	18	00	44.8	-24.8	75	1
AL121967	CHLOE	1967	09	20	00	00	44.6	-21.5	70	1
AL121967	CHLOE	1967	09	20	06	00	44.3	-18.1	70	1
AL121967	CHLOE	1967	09	20	12	00	44	-15	60	0
AL121967	CHLOE	1967	09	20	18	00	44.2	-11.8	55	0
AL121967	CHLOE	1967	09	21	00	00	44.3	-8.5	45	0
AL121967	CHLOE	1967	09	21	06	00	44.6	-5.1	40	0
AL121967	CHLOE	1967	09	21	12	00	44.8	-1.8	40	0
AL121967	CHLOE	1967	09	21	18	00	45.1	1.5	35	0
