id,name,year,month,day,hour,minute,lat,lon,max_sustained_wind_kts,sshws
AL122000,HELENE,2000,09,15,12,00,14.9,-52.2,25,0
AL122000,HELENE,2000,09,15,18,00,15.3,-53,25,0
AL122000,HELENE,2000,09,16,00,00,15.6,-53.6,25,0
AL122000,HELENE,2000,09,16,06,00,15.8,-54.4,25,0
AL122000,HELENE,2000,09,16,12,00,16.1,-55.9,30,0
AL122000,HELENE,2000,09,16,18,00,16.4,-58,30,0
AL122000,HELENE,2000,09,17,00,00,16.6,-59.9,30,0
AL122000,HELENE,2000,09,17,06,00,16.6,-61.7,30,0
AL122000,HELENE,2000,09,17,12,00,16.4,-63.6,30,0
AL122000,HELENE,2000,09,17,18,00,16.7,-65.6,30,0
AL122000,HELENE,2000,09,18,00,00,17,-67.1,30,0
AL122000,HELENE,2000,09,18,06,00,17.1,-68.7,30,0
AL122000,HELENE,2000,09,18,12,00,17.2,-70.6,30,0
AL122000,HELENE,2000,09,18,18,00,17.4,-72.5,30,0
AL122000,HELENE,2000,09,19,00,00,17.6,-74.4,30,0
AL122000,HELENE,2000,09,19,06,00,18.3,-76.3,30,0
AL122000,HELENE,2000,09,19,12,00,18.9,-78.3,30,0
AL122000,HELENE,2000,09,19,18,00,19.4,-79.6,30,0
AL122000,HELENE,2000,09,20,00,00,19.9,-81,30,0
AL122000,HELENE,2000,09,20,06,00,20.7,-82.6,25,0
AL122000,HELENE,2000,09,20,12,00,21.8,-84.3,25,0
AL122000,HELENE,2000,09,20,18,00,23,-85.4,25,0
AL122000,HELENE,2000,09,21,00,00,23.9,-86.1,25,0
AL122000,HELENE,2000,09,21,06,00,24.9,-86.6,35,0
AL122000,HELENE,2000,09,21,12,00,26.1,-87,45,0
AL122000,HELENE,2000,09,21,18,00,27.1,-87.1,60,0
AL122000,HELENE,2000,09,22,00,00,28.4,-87.2,60,0
AL122000,HELENE,2000,09,22,06,00,29.5,-87.2,50,0
AL122000,HELENE,2000,09,22,12,00,30.5,-86.6,35,0
AL122000,HELENE,2000,09,22,18,00,31.6,-85.4,25,0
AL122000,HELENE,2000,09,23,00,00,32.9,-83.5,25,0
AL122000,HELENE,2000,09,23,06,00,33.6,-81.7,25,0
AL122000,HELENE,2000,09,23,12,00,34.4,-80,25,0
AL122000,HELENE,2000,09,23,18,00,35.4,-78,35,0
AL122000,HELENE,2000,09,24,00,00,36.4,-76.1,40,0
AL122000,HELENE,2000,09,24,06,00,37.2,-74.7,45,0
AL122000,HELENE,2000,09,24,12,00,38,-72.5,45,0
AL122000,HELENE,2000,09,24,18,00,39.2,-70.1,45,0
AL122000,HELENE,2000,09,25,00,00,40.1,-66.8,55,0
AL122000,HELENE,2000,09,25,06,00,41.6,-62.2,60,0
AL122000,HELENE,2000,09,25,12,00,44,-55.5,55,0
AL122000,HELENE,2000,09,25,18,00,46.1,-48.8,45,0
