id,name,year,month,day,hour,minute,lat,lon,max_sustained_wind_kts,sshws
AL121998,LISA,1998,10,05,00,00,13.9,-46.4,30,0
AL121998,LISA,1998,10,05,06,00,14.2,-47.1,35,0
AL121998,LISA,1998,10,05,12,00,14.8,-47.8,35,0
AL121998,LISA,1998,10,05,18,00,15.7,-48.5,40,0
AL121998,LISA,1998,10,06,00,00,16.5,-49.2,40,0
AL121998,LISA,1998,10,06,06,00,17.1,-49.3,45,0
AL121998,LISA,1998,10,06,12,00,17.6,-48.9,45,0
AL121998,LISA,1998,10,06,18,00,18.2,-48.5,45,0
AL121998,LISA,1998,10,07,00,00,18.9,-48,50,0
AL121998,LISA,1998,10,07,06,00,19.6,-47.5,50,0
AL121998,LISA,1998,10,07,12,00,20.4,-46.6,50,0
AL121998,LISA,1998,10,07,18,00,21.5,-45.3,50,0
AL121998,LISA,1998,10,08,00,00,22.9,-43.9,55,0
AL121998,LISA,1998,10,08,06,00,24.6,-42.1,55,0
AL121998,LISA,1998,10,08,12,00,26.9,-40.1,55,0
AL121998,LISA,1998,10,08,18,00,29.6,-38.6,60,0
AL121998,LISA,1998,10,09,00,00,32.9,-37.8,60,0
AL121998,LISA,1998,10,09,06,00,36.8,-37.9,60,0
AL121998,LISA,1998,10,09,12,00,41.6,-38.7,65,1
AL121998,LISA,1998,10,09,18,00,47.1,-39.3,65,1
AL121998,LISA,1998,10,10,00,00,52.1,-32,60,0
