AL122010	JULIA	2010	09	12	06	00	12.9	-20.5	30	0
AL122010	JULIA	2010	09	12	12	00	13	-21.3	30	0
AL122010	JULIA	2010	09	12	18	00	13.1	-22.1	35	0
AL122010	JULIA	2010	09	13	00	00	13.5	-23.1	40	0
AL122010	JULIA	2010	09	13	06	00	14	-24.2	40	0
AL122010	JULIA	2010	09	13	12	00	14.5	-25.4	40	0
AL122010	JULIA	2010	09	13	18	00	15	-26.5	45	0
AL122010	JULIA	2010	09	14	00	00	15.3	-27.5	45	0
AL122010	JULIA	2010	09	14	06	00	15.6	-28.4	60	0
AL122010	JULIA	2010	09	14	12	00	15.9	-29.2	70	1
AL122010	JULIA	2010	09	14	18	00	16.1	-29.9	80	1
AL122010	JULIA	2010	09	15	00	00	16.4	-30.6	90	2
AL122010	JULIA	2010	09	15	06	00	16.9	-31.4	110	3
AL122010	JULIA	2010	09	15	12	00	17.7	-32.2	120	4
AL122010	JULIA	2010	09	15	18	00	18.8	-33	115	4
AL122010	JULIA	2010	09	16	00	00	19.9	-34.1	105	3
AL122010	JULIA	2010	09	16	06	00	20.9	-35.8	100	3
AL122010	JULIA	2010	09	16	12	00	21.8	-37.7	90	2
AL122010	JULIA	2010	09	16	18	00	22.7	-40	80	1
AL122010	JULIA	2010	09	17	00	00	23.1	-42	75	1
AL122010	JULIA	2010	09	17	06	00	23.5	-44	75	1
AL122010	JULIA	2010	09	17	12	00	23.9	-45.8	70	1
AL122010	JULIA	2010	09	17	18	00	24.6	-47.4	65	1
AL122010	JULIA	2010	09	18	00	00	25.6	-48.7	60	0
AL122010	JULIA	2010	09	18	06	00	26.9	-49.8	55	0
AL122010	JULIA	2010	09	18	12	00	28.3	-50.7	50	0
AL122010	JULIA	2010	09	18	18	00	29.8	-51.4	50	0
AL122010	JULIA	2010	09	19	00	00	31.4	-51.8	55	0
AL122010	JULIA	2010	09	19	06	00	32.8	-52	50	0
AL122010	JULIA	2010	09	19	12	00	33.9	-51.4	45	0
AL122010	JULIA	2010	09	19	18	00	34.6	-50.2	45	0
AL122010	JULIA	2010	09	20	00	00	34.9	-49.2	45	0
AL122010	JULIA	2010	09	20	06	00	34.9	-48	40	0
AL122010	JULIA	2010	09	20	12	00	34.7	-46.9	40	0
AL122010	JULIA	2010	09	20	18	00	34.6	-46	40	0
AL122010	JULIA	2010	09	21	00	00	34.4	-45.1	40	0
AL122010	JULIA	2010	09	21	06	00	34.4	-44.1	35	0
AL122010	JULIA	2010	09	21	12	00	34.5	-43	35	0
AL122010	JULIA	2010	09	21	18	00	34.5	-41.9	30	0
AL122010	JULIA	2010	09	22	00	00	34.3	-40.9	30	0
AL122010	JULIA	2010	09	22	06	00	33.9	-39.9	30	0
AL122010	JULIA	2010	09	22	12	00	33.6	-38.8	30	0
AL122010	JULIA	2010	09	22	18	00	33.2	-38	30	0
AL122010	JULIA	2010	09	23	00	00	33	-37.8	30	0
AL122010	JULIA	2010	09	23	06	00	32.7	-37.7	30	0
AL122010	JULIA	2010	09	23	12	00	32.4	-37.8	30	0
AL122010	JULIA	2010	09	23	18	00	32	-38.6	30	0
AL122010	JULIA	2010	09	24	00	00	31.5	-40	30	0
AL122010	JULIA	2010	09	24	06	00	31.2	-41.6	30	0
AL122010	JULIA	2010	09	24	12	00	30.9	-43.1	30	0
AL122010	JULIA	2010	09	24	18	00	30.6	-44.3	30	0
