AL122003	HENRI	2003	09	03	18	00	27.4	-87.7	25	0
AL122003	HENRI	2003	09	04	00	00	27.6	-87.8	25	0
AL122003	HENRI	2003	09	04	06	00	27.8	-87.6	25	0
AL122003	HENRI	2003	09	04	12	00	27.8	-87.2	30	0
AL122003	HENRI	2003	09	04	18	00	27.8	-86.3	30	0
AL122003	HENRI	2003	09	05	00	00	27.6	-85.8	30	0
AL122003	HENRI	2003	09	05	06	00	27.7	-85.1	35	0
AL122003	HENRI	2003	09	05	12	00	28.1	-84.4	40	0
AL122003	HENRI	2003	09	05	18	00	28.3	-84.2	50	0
AL122003	HENRI	2003	09	06	00	00	27.9	-83.9	30	0
AL122003	HENRI	2003	09	06	06	00	27.7	-83.5	30	0
AL122003	HENRI	2003	09	06	09	00	27.9	-82.8	30	0
AL122003	HENRI	2003	09	06	12	00	28.4	-81.8	25	0
AL122003	HENRI	2003	09	06	18	00	29.2	-80.4	25	0
AL122003	HENRI	2003	09	07	00	00	30	-79.5	30	0
AL122003	HENRI	2003	09	07	06	00	30.5	-79.2	30	0
AL122003	HENRI	2003	09	07	12	00	30.8	-78.5	30	0
AL122003	HENRI	2003	09	07	18	00	31.3	-77.9	30	0
AL122003	HENRI	2003	09	08	00	00	31.7	-77.1	30	0
AL122003	HENRI	2003	09	08	06	00	32.1	-76.5	30	0
AL122003	HENRI	2003	09	08	12	00	32.5	-75.9	30	0
AL122003	HENRI	2003	09	08	18	00	32.9	-75.3	25	0
