id,name,year,month,day,hour,minute,lat,lon,max_sustained_wind_kts,sshws
AL121980,FRANCES,1980,09,06,00,00,12.5,-19,25,0
AL121980,FRANCES,1980,09,06,06,00,12.5,-20,25,0
AL121980,FRANCES,1980,09,06,12,00,12.6,-21,30,0
AL121980,FRANCES,1980,09,06,18,00,12.7,-21.8,35,0
AL121980,FRANCES,1980,09,07,00,00,12.8,-22.5,40,0
AL121980,FRANCES,1980,09,07,06,00,12.9,-23.2,45,0
AL121980,FRANCES,1980,09,07,12,00,13,-24,55,0
AL121980,FRANCES,1980,09,07,18,00,13,-24.8,60,0
AL121980,FRANCES,1980,09,08,00,00,13,-25.6,65,1
AL121980,FRANCES,1980,09,08,06,00,13,-26.8,70,1
AL121980,FRANCES,1980,09,08,12,00,12.9,-28,80,1
AL121980,FRANCES,1980,09,08,18,00,12.8,-29,90,2
AL121980,FRANCES,1980,09,09,00,00,12.8,-29.8,100,3
AL121980,FRANCES,1980,09,09,06,00,12.9,-30.5,100,3
AL121980,FRANCES,1980,09,09,12,00,13,-31.3,100,3
AL121980,FRANCES,1980,09,09,18,00,13.2,-32.1,90,2
AL121980,FRANCES,1980,09,10,00,00,13.4,-32.9,90,2
AL121980,FRANCES,1980,09,10,06,00,13.8,-33.5,90,2
AL121980,FRANCES,1980,09,10,12,00,14.2,-34.1,85,2
AL121980,FRANCES,1980,09,10,18,00,14.9,-34.6,80,1
AL121980,FRANCES,1980,09,11,00,00,15.4,-34.9,85,2
AL121980,FRANCES,1980,09,11,06,00,16,-35,90,2
AL121980,FRANCES,1980,09,11,12,00,16.3,-35.3,90,2
AL121980,FRANCES,1980,09,11,18,00,16.6,-35.9,85,2
AL121980,FRANCES,1980,09,12,00,00,17,-36.1,80,1
AL121980,FRANCES,1980,09,12,06,00,17.2,-36.9,80,1
AL121980,FRANCES,1980,09,12,12,00,17.8,-37.8,80,1
AL121980,FRANCES,1980,09,12,18,00,18.3,-38.5,80,1
AL121980,FRANCES,1980,09,13,00,00,18.6,-39.6,80,1
AL121980,FRANCES,1980,09,13,06,00,18.8,-40.6,85,2
AL121980,FRANCES,1980,09,13,12,00,18.9,-42,90,2
AL121980,FRANCES,1980,09,13,18,00,19.3,-43.4,90,2
AL121980,FRANCES,1980,09,14,00,00,19.8,-44.7,90,2
AL121980,FRANCES,1980,09,14,06,00,20.2,-45.9,90,2
AL121980,FRANCES,1980,09,14,12,00,20.8,-46.9,90,2
AL121980,FRANCES,1980,09,14,18,00,21.6,-48,90,2
AL121980,FRANCES,1980,09,15,00,00,22.5,-48.8,90,2
AL121980,FRANCES,1980,09,15,06,00,23.3,-49.6,90,2
AL121980,FRANCES,1980,09,15,12,00,24.6,-50.2,90,2
AL121980,FRANCES,1980,09,15,18,00,25.8,-50.8,90,2
AL121980,FRANCES,1980,09,16,00,00,27.4,-50.8,90,2
AL121980,FRANCES,1980,09,16,06,00,28.8,-50.6,90,2
AL121980,FRANCES,1980,09,16,12,00,30.2,-50,90,2
AL121980,FRANCES,1980,09,16,18,00,31.8,-49.2,90,2
AL121980,FRANCES,1980,09,17,00,00,33,-48,90,2
AL121980,FRANCES,1980,09,17,06,00,33.9,-47.2,85,2
AL121980,FRANCES,1980,09,17,12,00,34.7,-46.4,80,1
AL121980,FRANCES,1980,09,17,18,00,35.7,-45.9,80,1
AL121980,FRANCES,1980,09,18,00,00,36.7,-45.8,80,1
AL121980,FRANCES,1980,09,18,06,00,37.8,-45.8,80,1
AL121980,FRANCES,1980,09,18,12,00,39,-46.2,80,1
AL121980,FRANCES,1980,09,18,18,00,40,-46.5,80,1
AL121980,FRANCES,1980,09,19,00,00,41.2,-46.4,75,1
AL121980,FRANCES,1980,09,19,06,00,42.4,-45.8,70,1
AL121980,FRANCES,1980,09,19,12,00,43.6,-44.9,65,1
AL121980,FRANCES,1980,09,19,18,00,44.5,-43.2,65,1
AL121980,FRANCES,1980,09,20,00,00,45.7,-41,65,1
AL121980,FRANCES,1980,09,20,06,00,47,-39,60,0
AL121980,FRANCES,1980,09,20,12,00,49.4,-35.5,55,0
AL121980,FRANCES,1980,09,20,18,00,51.2,-32,50,0
AL121980,FRANCES,1980,09,21,00,00,54,-29,45,0
