id,name,year,month,day,hour,minute,lat,lon,max_sustained_wind_kts,sshws
AL121931,UNNAMED,1931,11,11,12,00,11.5,-79,30,0
AL121931,UNNAMED,1931,11,11,18,00,11.5,-79.3,30,0
AL121931,UNNAMED,1931,11,12,00,00,11.5,-79.5,30,0
AL121931,UNNAMED,1931,11,12,06,00,11.6,-79.7,30,0
AL121931,UNNAMED,1931,11,12,12,00,11.7,-80,30,0
AL121931,UNNAMED,1931,11,12,18,00,11.8,-80.2,30,0
AL121931,UNNAMED,1931,11,13,00,00,12,-80.5,35,0
AL121931,UNNAMED,1931,11,13,06,00,12.2,-80.8,35,0
AL121931,UNNAMED,1931,11,13,12,00,12.5,-81,35,0
AL121931,UNNAMED,1931,11,13,18,00,13,-81.2,35,0
AL121931,UNNAMED,1931,11,14,00,00,13.6,-81.4,40,0
AL121931,UNNAMED,1931,11,14,06,00,14.3,-81.7,40,0
AL121931,UNNAMED,1931,11,14,12,00,15,-82,45,0
AL121931,UNNAMED,1931,11,14,18,00,15.5,-82.4,45,0
AL121931,UNNAMED,1931,11,15,00,00,16,-82.9,40,0
AL121931,UNNAMED,1931,11,15,06,00,16.5,-83.6,40,0
AL121931,UNNAMED,1931,11,15,12,00,17,-84.5,35,0
AL121931,UNNAMED,1931,11,15,18,00,17.5,-85.6,35,0
AL121931,UNNAMED,1931,11,16,00,00,18,-86.9,35,0
AL121931,UNNAMED,1931,11,16,06,00,18.5,-88.4,30,0
AL121931,UNNAMED,1931,11,16,12,00,19,-90,25,0
AL121931,UNNAMED,1931,11,16,18,00,19.5,-91.8,25,0
