id,name,year,month,day,hour,minute,lat,lon,max_sustained_wind_kts,sshws
AL122008,LAURA,2008,09,26,00,00,39,-35,40,0
AL122008,LAURA,2008,09,26,06,00,37.9,-35,45,0
AL122008,LAURA,2008,09,26,12,00,37,-35.5,50,0
AL122008,LAURA,2008,09,26,18,00,36.5,-36,55,0
AL122008,LAURA,2008,09,27,00,00,37,-36.5,60,0
AL122008,LAURA,2008,09,27,06,00,37.4,-37.2,65,1
AL122008,LAURA,2008,09,27,12,00,37.5,-38,70,1
AL122008,LAURA,2008,09,27,18,00,37.4,-39,70,1
AL122008,LAURA,2008,09,28,00,00,37.3,-40,60,0
AL122008,LAURA,2008,09,28,06,00,37.2,-41.2,55,0
AL122008,LAURA,2008,09,28,12,00,37,-42.5,50,0
AL122008,LAURA,2008,09,28,18,00,36.8,-44.1,50,0
AL122008,LAURA,2008,09,29,00,00,36.7,-45.7,50,0
AL122008,LAURA,2008,09,29,06,00,37,-47,50,0
AL122008,LAURA,2008,09,29,12,00,37.2,-47.7,50,0
AL122008,LAURA,2008,09,29,18,00,37.8,-48.2,50,0
AL122008,LAURA,2008,09,30,00,00,38.6,-48.5,50,0
AL122008,LAURA,2008,09,30,06,00,39.6,-48.8,50,0
AL122008,LAURA,2008,09,30,12,00,40.6,-48.9,50,0
AL122008,LAURA,2008,09,30,18,00,41.7,-48.8,50,0
AL122008,LAURA,2008,10,01,00,00,42.9,-48.3,45,0
AL122008,LAURA,2008,10,01,06,00,44.2,-47.7,45,0
AL122008,LAURA,2008,10,01,12,00,45.7,-46.9,40,0
AL122008,LAURA,2008,10,01,18,00,47.5,-46.3,40,0
AL122008,LAURA,2008,10,02,00,00,49.5,-46,35,0
AL122008,LAURA,2008,10,02,06,00,51.5,-46,35,0
AL122008,LAURA,2008,10,02,12,00,53.5,-46,40,0
AL122008,LAURA,2008,10,02,18,00,55.6,-45.5,40,0
AL122008,LAURA,2008,10,03,00,00,56.9,-44,50,0
AL122008,LAURA,2008,10,03,06,00,57,-42,65,1
AL122008,LAURA,2008,10,03,12,00,57,-40,60,0
AL122008,LAURA,2008,10,03,18,00,57,-37,55,0
AL122008,LAURA,2008,10,04,00,00,56.5,-31.4,45,0
AL122008,LAURA,2008,10,04,06,00,56,-26,40,0
