id,name,year,month,day,hour,minute,lat,lon,max_sustained_wind_kts,sshws
AL121974,DOLLY,1974,09,02,18,00,27.2,-67.9,30,0
AL121974,DOLLY,1974,09,03,00,00,27.7,-69,30,0
AL121974,DOLLY,1974,09,03,06,00,28.3,-70.1,30,0
AL121974,DOLLY,1974,09,03,12,00,29.1,-71.1,30,0
AL121974,DOLLY,1974,09,03,18,00,30.2,-72,45,0
AL121974,DOLLY,1974,09,04,00,00,31.8,-72.6,45,0
AL121974,DOLLY,1974,09,04,06,00,33.6,-72.6,45,0
AL121974,DOLLY,1974,09,04,12,00,35.5,-72.1,45,0
AL121974,DOLLY,1974,09,04,18,00,37.8,-70.6,40,0
AL121974,DOLLY,1974,09,05,00,00,40.8,-67.5,40,0
AL121974,DOLLY,1974,09,05,06,00,43,-63.8,40,0
AL121974,DOLLY,1974,09,05,12,00,44.2,-60.3,35,0
