id,name,year,month,day,hour,minute,lat,lon,max_sustained_wind_kts,sshws
AL121975,UNNAMED,1975,09,11,12,00,32,-62,20,0
AL121975,UNNAMED,1975,09,11,18,00,32.1,-61.6,25,0
AL121975,UNNAMED,1975,09,12,00,00,32.2,-61.2,25,0
AL121975,UNNAMED,1975,09,12,06,00,32.3,-61.3,30,0
AL121975,UNNAMED,1975,09,12,12,00,32.5,-60.5,30,0
AL121975,UNNAMED,1975,09,12,18,00,32.4,-60,30,0
AL121975,UNNAMED,1975,09,13,00,00,32.3,-59.5,30,0
AL121975,UNNAMED,1975,09,13,06,00,32.2,-58,30,0
AL121975,UNNAMED,1975,09,13,12,00,36,-58.5,30,0
AL121975,UNNAMED,1975,09,13,18,00,36.8,-56.9,30,0
AL121975,UNNAMED,1975,09,14,00,00,37.5,-55.2,30,0
AL121975,UNNAMED,1975,09,14,06,00,38.2,-53.8,25,0
AL121975,UNNAMED,1975,09,14,12,00,39,-52,25,0
AL121975,UNNAMED,1975,09,14,18,00,40,-54,20,0
