id,name,year,month,day,hour,minute,lat,lon,max_sustained_wind_kts,sshws
AL131932,UNNAMED,1932,10,18,00,00,25.5,-42,35,0
AL131932,UNNAMED,1932,10,18,06,00,27.2,-42.5,40,0
AL131932,UNNAMED,1932,10,18,12,00,29,-43,45,0
AL131932,UNNAMED,1932,10,18,18,00,31,-43.5,50,0
AL131932,UNNAMED,1932,10,19,00,00,32.6,-43.6,55,0
AL131932,UNNAMED,1932,10,19,06,00,34,-43.4,60,0
AL131932,UNNAMED,1932,10,19,12,00,35,-43,60,0
AL131932,UNNAMED,1932,10,19,18,00,35.5,-42.2,55,0
AL131932,UNNAMED,1932,10,20,00,00,35.7,-41,50,0
AL131932,UNNAMED,1932,10,20,06,00,35.9,-39.6,45,0
AL131932,UNNAMED,1932,10,20,12,00,36,-38,40,0
AL131932,UNNAMED,1932,10,20,18,00,35.8,-36.4,35,0
AL131932,UNNAMED,1932,10,21,00,00,35.3,-35,30,0
