id,name,year,month,day,hour,minute,lat,lon,max_sustained_wind_kts,sshws
AL131981,EMILY,1981,08,31,12,00,29.8,-72.7,30,0
AL131981,EMILY,1981,08,31,18,00,29.9,-71.2,30,0
AL131981,EMILY,1981,09,01,00,00,29.9,-69.7,35,0
AL131981,EMILY,1981,09,01,06,00,30.1,-68.4,40,0
AL131981,EMILY,1981,09,01,12,00,30.4,-67.3,40,0
AL131981,EMILY,1981,09,01,18,00,31.3,-66.6,45,0
AL131981,EMILY,1981,09,02,00,00,31.9,-65.9,50,0
AL131981,EMILY,1981,09,02,06,00,32.6,-65.1,50,0
AL131981,EMILY,1981,09,02,12,00,33.3,-64.4,50,0
AL131981,EMILY,1981,09,02,18,00,34.1,-64.1,55,0
AL131981,EMILY,1981,09,03,00,00,35,-64,55,0
AL131981,EMILY,1981,09,03,06,00,36,-65,60,0
AL131981,EMILY,1981,09,03,12,00,35,-65.8,60,0
AL131981,EMILY,1981,09,03,18,00,34.2,-65,60,0
AL131981,EMILY,1981,09,04,00,00,34.6,-63.6,65,1
AL131981,EMILY,1981,09,04,06,00,35.3,-62.7,70,1
AL131981,EMILY,1981,09,04,12,00,36.2,-61.9,70,1
AL131981,EMILY,1981,09,04,18,00,37.1,-61.2,70,1
AL131981,EMILY,1981,09,05,00,00,38.2,-60.9,75,1
AL131981,EMILY,1981,09,05,06,00,38.6,-60.8,75,1
AL131981,EMILY,1981,09,05,12,00,39,-60.8,75,1
AL131981,EMILY,1981,09,05,18,00,39.4,-59.9,80,1
AL131981,EMILY,1981,09,06,00,00,39.9,-59,80,1
AL131981,EMILY,1981,09,06,06,00,40.3,-58.4,80,1
AL131981,EMILY,1981,09,06,12,00,40.8,-58,80,1
AL131981,EMILY,1981,09,06,18,00,41.2,-57.4,75,1
AL131981,EMILY,1981,09,07,00,00,41.6,-56.8,75,1
AL131981,EMILY,1981,09,07,06,00,41.9,-55.9,70,1
AL131981,EMILY,1981,09,07,12,00,42,-55,70,1
AL131981,EMILY,1981,09,07,18,00,42.3,-54.1,65,1
AL131981,EMILY,1981,09,08,00,00,42.7,-53.4,60,0
AL131981,EMILY,1981,09,08,06,00,42.9,-52.5,60,0
AL131981,EMILY,1981,09,08,12,00,42.2,-51.9,55,0
AL131981,EMILY,1981,09,08,18,00,41.7,-51.2,55,0
AL131981,EMILY,1981,09,09,00,00,41,-50.2,55,0
AL131981,EMILY,1981,09,09,06,00,40.9,-49.1,50,0
AL131981,EMILY,1981,09,09,12,00,40.9,-47.9,50,0
AL131981,EMILY,1981,09,09,18,00,41,-46.9,50,0
AL131981,EMILY,1981,09,10,00,00,41.2,-45.9,45,0
AL131981,EMILY,1981,09,10,06,00,41.9,-45.1,40,0
AL131981,EMILY,1981,09,10,12,00,42.5,-44.8,40,0
AL131981,EMILY,1981,09,10,18,00,42.7,-44,40,0
AL131981,EMILY,1981,09,11,00,00,42.2,-43.3,40,0
AL131981,EMILY,1981,09,11,06,00,42.1,-42.7,35,0
AL131981,EMILY,1981,09,11,12,00,42.2,-42,35,0
AL131981,EMILY,1981,09,11,18,00,42.3,-41.5,30,0
AL131981,EMILY,1981,09,12,00,00,42.7,-41,30,0
