id,name,year,month,day,hour,minute,lat,lon,max_sustained_wind_kts,sshws
AL131936,UNNAMED,1936,09,08,06,00,13.1,-48.5,30,0
AL131936,UNNAMED,1936,09,08,12,00,13.6,-49.1,30,0
AL131936,UNNAMED,1936,09,08,18,00,14.1,-49.8,35,0
AL131936,UNNAMED,1936,09,09,00,00,14.6,-50.4,35,0
AL131936,UNNAMED,1936,09,09,06,00,15,-51,40,0
AL131936,UNNAMED,1936,09,09,12,00,15.4,-51.7,40,0
AL131936,UNNAMED,1936,09,09,18,00,16,-52.4,40,0
AL131936,UNNAMED,1936,09,10,00,00,16.6,-53.1,45,0
AL131936,UNNAMED,1936,09,10,06,00,17.2,-53.8,45,0
AL131936,UNNAMED,1936,09,10,12,00,17.8,-54.6,50,0
AL131936,UNNAMED,1936,09,10,18,00,18.1,-55.5,50,0
AL131936,UNNAMED,1936,09,11,00,00,18.4,-56.3,55,0
AL131936,UNNAMED,1936,09,11,06,00,18.7,-57.2,55,0
AL131936,UNNAMED,1936,09,11,12,00,19,-58,60,0
AL131936,UNNAMED,1936,09,11,18,00,19.3,-58.6,60,0
AL131936,UNNAMED,1936,09,12,00,00,19.6,-59.1,65,1
AL131936,UNNAMED,1936,09,12,06,00,19.9,-59.4,65,1
AL131936,UNNAMED,1936,09,12,12,00,20.2,-59.6,65,1
AL131936,UNNAMED,1936,09,12,18,00,20.6,-59.9,65,1
AL131936,UNNAMED,1936,09,13,00,00,21.1,-60.1,70,1
AL131936,UNNAMED,1936,09,13,06,00,21.7,-60.3,70,1
AL131936,UNNAMED,1936,09,13,12,00,22.4,-60.5,70,1
AL131936,UNNAMED,1936,09,13,18,00,23.1,-60.7,75,1
AL131936,UNNAMED,1936,09,14,00,00,23.7,-61,75,1
AL131936,UNNAMED,1936,09,14,06,00,24.4,-61.5,80,1
AL131936,UNNAMED,1936,09,14,12,00,25,-62,85,2
AL131936,UNNAMED,1936,09,14,18,00,25.3,-62.4,90,2
AL131936,UNNAMED,1936,09,15,00,00,25.6,-62.9,90,2
AL131936,UNNAMED,1936,09,15,06,00,25.9,-63.4,95,2
AL131936,UNNAMED,1936,09,15,12,00,26.2,-64,100,3
AL131936,UNNAMED,1936,09,15,18,00,26.8,-64.9,105,3
AL131936,UNNAMED,1936,09,16,00,00,27.6,-65.9,105,3
AL131936,UNNAMED,1936,09,16,06,00,28.4,-66.9,105,3
AL131936,UNNAMED,1936,09,16,12,00,29.1,-68,105,3
AL131936,UNNAMED,1936,09,16,18,00,29.8,-69,100,3
AL131936,UNNAMED,1936,09,17,00,00,30.7,-70.2,100,3
AL131936,UNNAMED,1936,09,17,06,00,31.6,-71.4,100,3
AL131936,UNNAMED,1936,09,17,12,00,32.4,-72.5,95,2
AL131936,UNNAMED,1936,09,17,18,00,33.2,-73.4,95,2
AL131936,UNNAMED,1936,09,18,00,00,34.1,-74.1,90,2
AL131936,UNNAMED,1936,09,18,06,00,35,-74.5,85,2
AL131936,UNNAMED,1936,09,18,12,00,35.9,-74.8,85,2
AL131936,UNNAMED,1936,09,18,18,00,37.1,-74.8,80,1
AL131936,UNNAMED,1936,09,19,00,00,38.3,-73.8,80,1
AL131936,UNNAMED,1936,09,19,06,00,39.8,-72.1,75,1
AL131936,UNNAMED,1936,09,19,12,00,41.2,-69,75,1
AL131936,UNNAMED,1936,09,19,18,00,42.2,-65.4,75,1
AL131936,UNNAMED,1936,09,20,00,00,43,-61.4,70,1
AL131936,UNNAMED,1936,09,20,06,00,43.6,-57.1,65,1
AL131936,UNNAMED,1936,09,20,12,00,44.1,-52.9,65,1
AL131936,UNNAMED,1936,09,20,18,00,44.6,-49.6,65,1
AL131936,UNNAMED,1936,09,21,00,00,45.2,-47,65,1
AL131936,UNNAMED,1936,09,21,06,00,45.6,-44,65,1
AL131936,UNNAMED,1936,09,21,12,00,46,-41.5,70,1
AL131936,UNNAMED,1936,09,21,18,00,46.2,-39.7,70,1
AL131936,UNNAMED,1936,09,22,00,00,46.3,-38.2,65,1
AL131936,UNNAMED,1936,09,22,06,00,46.7,-36.1,60,0
AL131936,UNNAMED,1936,09,22,12,00,47.2,-34.6,55,0
AL131936,UNNAMED,1936,09,22,18,00,47.9,-33.7,55,0
AL131936,UNNAMED,1936,09,23,00,00,48.8,-32.9,50,0
AL131936,UNNAMED,1936,09,23,06,00,50,-32.2,50,0
AL131936,UNNAMED,1936,09,23,12,00,51.2,-31.4,50,0
AL131936,UNNAMED,1936,09,23,18,00,51.8,-30.5,50,0
AL131936,UNNAMED,1936,09,24,00,00,52.1,-29.6,50,0
AL131936,UNNAMED,1936,09,24,06,00,52.4,-29,50,0
AL131936,UNNAMED,1936,09,24,12,00,52.6,-28.3,45,0
AL131936,UNNAMED,1936,09,24,18,00,52.7,-27.7,45,0
AL131936,UNNAMED,1936,09,25,00,00,52.5,-27.1,40,0
AL131936,UNNAMED,1936,09,25,06,00,52.3,-26.6,40,0
AL131936,UNNAMED,1936,09,25,12,00,52.2,-26.1,40,0
AL131936,UNNAMED,1936,09,25,18,00,52.2,-25.6,35,0
