AL131944	UNNAMED	1944	10	12	12	00	16	-80.5	30	0
AL131944	UNNAMED	1944	10	12	18	00	16.4	-80.6	35	0
AL131944	UNNAMED	1944	10	13	00	00	16.8	-80.7	40	0
AL131944	UNNAMED	1944	10	13	06	00	17.1	-80.8	50	0
AL131944	UNNAMED	1944	10	13	12	00	17.4	-80.9	60	0
AL131944	UNNAMED	1944	10	13	18	00	17.6	-80.9	70	1
AL131944	UNNAMED	1944	10	14	00	00	17.8	-80.8	80	1
AL131944	UNNAMED	1944	10	14	06	00	17.9	-80.7	80	1
AL131944	UNNAMED	1944	10	14	12	00	18	-80.6	80	1
AL131944	UNNAMED	1944	10	14	18	00	18.1	-80.6	80	1
AL131944	UNNAMED	1944	10	15	00	00	18.2	-80.5	80	1
AL131944	UNNAMED	1944	10	15	06	00	18.3	-80.5	80	1
AL131944	UNNAMED	1944	10	15	12	00	18.5	-80.8	85	2
AL131944	UNNAMED	1944	10	15	18	00	18.7	-81.3	85	2
AL131944	UNNAMED	1944	10	16	00	00	19	-81.7	90	2
AL131944	UNNAMED	1944	10	16	06	00	19.2	-82.1	90	2
AL131944	UNNAMED	1944	10	16	12	00	19.4	-82.4	90	2
AL131944	UNNAMED	1944	10	16	18	00	19.5	-82.7	90	2
AL131944	UNNAMED	1944	10	17	00	00	19.6	-82.9	90	2
AL131944	UNNAMED	1944	10	17	06	00	19.7	-82.9	95	2
AL131944	UNNAMED	1944	10	17	12	00	20	-82.9	95	2
AL131944	UNNAMED	1944	10	17	18	00	20.6	-82.9	105	3
AL131944	UNNAMED	1944	10	18	00	00	21.4	-82.9	115	4
AL131944	UNNAMED	1944	10	18	06	00	22.2	-82.9	125	4
AL131944	UNNAMED	1944	10	18	12	00	23.1	-83	115	4
AL131944	UNNAMED	1944	10	18	18	00	24	-82.9	105	3
AL131944	UNNAMED	1944	10	18	21	00	24.6	-82.9	105	3
AL131944	UNNAMED	1944	10	19	00	00	25.3	-82.7	100	3
AL131944	UNNAMED	1944	10	19	06	00	26.9	-82.6	90	2
AL131944	UNNAMED	1944	10	19	07	00	27.2	-82.5	90	2
AL131944	UNNAMED	1944	10	19	12	00	28.4	-82.1	75	1
AL131944	UNNAMED	1944	10	19	18	00	29.8	-81.7	60	0
AL131944	UNNAMED	1944	10	20	00	00	31.2	-81.4	55	0
AL131944	UNNAMED	1944	10	20	06	00	32.4	-81	50	0
AL131944	UNNAMED	1944	10	20	12	00	33.7	-80.5	50	0
AL131944	UNNAMED	1944	10	20	18	00	35.4	-79	45	0
AL131944	UNNAMED	1944	10	21	00	00	37.1	-76.9	40	0
AL131944	UNNAMED	1944	10	21	06	00	38.3	-75	40	0
AL131944	UNNAMED	1944	10	21	12	00	39.4	-73.3	45	0
AL131944	UNNAMED	1944	10	21	18	00	40.7	-70.8	45	0
AL131944	UNNAMED	1944	10	22	00	00	42.7	-67.4	45	0
AL131944	UNNAMED	1944	10	22	06	00	44.9	-63.5	45	0
AL131944	UNNAMED	1944	10	22	12	00	47.5	-59.5	45	0
AL131944	UNNAMED	1944	10	22	18	00	50.5	-56.5	45	0
AL131944	UNNAMED	1944	10	23	00	00	54	-54	45	0
AL131944	UNNAMED	1944	10	23	06	00	57	-52	45	0
AL131944	UNNAMED	1944	10	23	12	00	59.5	-50	50	0
AL131944	UNNAMED	1944	10	23	18	00	61.5	-47	50	0
AL131944	UNNAMED	1944	10	24	00	00	63	-43.5	45	0
AL131944	UNNAMED	1944	10	24	06	00	64.5	-39	40	0
AL131944	UNNAMED	1944	10	24	12	00	66	-34	30	0
