AL131987	FLOYD	1987	10	09	06	00	15	-82.6	25	0
AL131987	FLOYD	1987	10	09	12	00	14.5	-82.5	25	0
AL131987	FLOYD	1987	10	09	18	00	14.1	-82.1	25	0
AL131987	FLOYD	1987	10	10	00	00	14.4	-81.8	25	0
AL131987	FLOYD	1987	10	10	06	00	15.3	-82.2	30	0
AL131987	FLOYD	1987	10	10	12	00	16	-82.2	35	0
AL131987	FLOYD	1987	10	10	18	00	16.8	-83.5	35	0
AL131987	FLOYD	1987	10	11	00	00	17.6	-83.9	40	0
AL131987	FLOYD	1987	10	11	06	00	18.4	-84.2	40	0
AL131987	FLOYD	1987	10	11	12	00	19.4	-84.5	45	0
AL131987	FLOYD	1987	10	11	18	00	20.5	-84.5	50	0
AL131987	FLOYD	1987	10	12	00	00	21.7	-84.3	55	0
AL131987	FLOYD	1987	10	12	06	00	23	-84	60	0
AL131987	FLOYD	1987	10	12	12	00	24	-82.9	65	1
AL131987	FLOYD	1987	10	12	18	00	24.7	-81.5	65	1
AL131987	FLOYD	1987	10	12	21	00	25.1	-80.5	65	1
AL131987	FLOYD	1987	10	13	00	00	25.3	-79.9	60	0
AL131987	FLOYD	1987	10	13	06	00	26	-78.3	50	0
AL131987	FLOYD	1987	10	13	12	00	27	-76.9	45	0
AL131987	FLOYD	1987	10	13	18	00	28.1	-75.4	40	0
AL131987	FLOYD	1987	10	14	00	00	29.5	-74	40	0
