AL132013	LORENZO	2013	10	21	06	00	27.6	-55.9	30	0
AL132013	LORENZO	2013	10	21	12	00	28.2	-55.6	35	0
AL132013	LORENZO	2013	10	21	18	00	28.8	-55	35	0
AL132013	LORENZO	2013	10	22	00	00	29.1	-54.2	35	0
AL132013	LORENZO	2013	10	22	06	00	29.3	-53.3	40	0
AL132013	LORENZO	2013	10	22	12	00	29.4	-52.4	45	0
AL132013	LORENZO	2013	10	22	18	00	29.5	-51.5	45	0
AL132013	LORENZO	2013	10	23	00	00	29.5	-50.6	45	0
AL132013	LORENZO	2013	10	23	06	00	29.5	-49.8	45	0
AL132013	LORENZO	2013	10	23	12	00	29.4	-49.3	40	0
AL132013	LORENZO	2013	10	23	18	00	29.3	-48.9	35	0
AL132013	LORENZO	2013	10	24	00	00	29.4	-48.4	30	0
AL132013	LORENZO	2013	10	24	06	00	29.7	-48	30	0
AL132013	LORENZO	2013	10	24	12	00	30.1	-47.7	25	0
AL132013	LORENZO	2013	10	24	18	00	30.5	-47.2	25	0
AL132013	LORENZO	2013	10	25	00	00	30.7	-46.7	25	0
AL132013	LORENZO	2013	10	25	06	00	31	-46.1	25	0
AL132013	LORENZO	2013	10	25	12	00	31.3	-45.7	25	0
AL132013	LORENZO	2013	10	25	18	00	31.6	-45.3	25	0
AL132013	LORENZO	2013	10	26	00	00	32.1	-44.7	20	0
AL132013	LORENZO	2013	10	26	06	00	32.8	-43.9	20	0
