id,name,year,month,day,hour,minute,lat,lon,max_sustained_wind_kts,sshws
AL131968,UNNAMED,1968,09,25,00,00,18.5,-85,-99,0
AL131968,UNNAMED,1968,09,25,06,00,19.9,-84.9,-99,0
AL131968,UNNAMED,1968,09,25,12,00,21,-84.3,-99,0
AL131968,UNNAMED,1968,09,25,18,00,22,-84.2,-99,0
AL131968,UNNAMED,1968,09,26,00,00,22.9,-84.1,-99,0
AL131968,UNNAMED,1968,09,26,06,00,24.1,-83,-99,0
AL131968,UNNAMED,1968,09,26,12,00,25,-82.1,-99,0
AL131968,UNNAMED,1968,09,26,18,00,25.5,-81.3,-99,0
AL131968,UNNAMED,1968,09,27,00,00,26,-80.1,-99,0
AL131968,UNNAMED,1968,09,27,06,00,26.3,-79.8,-99,0
AL131968,UNNAMED,1968,09,27,12,00,26.9,-79,-99,0
AL131968,UNNAMED,1968,09,27,18,00,27.1,-78.5,-99,0
AL131968,UNNAMED,1968,09,28,00,00,27.4,-77.1,-99,0
AL131968,UNNAMED,1968,09,28,06,00,27.5,-76.5,-99,0
AL131968,UNNAMED,1968,09,28,12,00,27.6,-75.4,-99,0
AL131968,UNNAMED,1968,09,28,18,00,27.8,-75,-99,0
AL131968,UNNAMED,1968,09,29,00,00,27.9,-73.9,-99,0
AL131968,UNNAMED,1968,09,29,06,00,27.9,-72.1,-99,0
