AL132007	LORENZO	2007	09	25	18	00	21.8	-94.8	25	0
AL132007	LORENZO	2007	09	26	00	00	21.7	-95.2	25	0
AL132007	LORENZO	2007	09	26	06	00	21.2	-95	25	0
AL132007	LORENZO	2007	09	26	12	00	21	-94.7	30	0
AL132007	LORENZO	2007	09	26	18	00	21.2	-94.4	30	0
AL132007	LORENZO	2007	09	27	00	00	21.2	-94.7	30	0
AL132007	LORENZO	2007	09	27	06	00	20.8	-94.8	30	0
AL132007	LORENZO	2007	09	27	12	00	20.6	-95.1	45	0
AL132007	LORENZO	2007	09	27	18	00	20.5	-95.7	60	0
AL132007	LORENZO	2007	09	28	00	00	20.5	-96.3	70	1
AL132007	LORENZO	2007	09	28	05	00	20.5	-97	65	1
AL132007	LORENZO	2007	09	28	06	00	20.5	-97.1	65	1
AL132007	LORENZO	2007	09	28	12	00	20.5	-98	30	0
AL132007	LORENZO	2007	09	28	18	00	20.7	-98.7	20	0
