id,name,year,month,day,hour,minute,lat,lon,max_sustained_wind_kts,sshws
AL131949,UNNAMED,1949,10,13,06,00,20.8,-74.7,30,0
AL131949,UNNAMED,1949,10,13,12,00,21.5,-74.1,30,0
AL131949,UNNAMED,1949,10,13,18,00,22.2,-73.5,35,0
AL131949,UNNAMED,1949,10,14,00,00,22.9,-72.9,40,0
AL131949,UNNAMED,1949,10,14,06,00,23.5,-72.4,50,0
AL131949,UNNAMED,1949,10,14,12,00,24.2,-71.9,60,0
AL131949,UNNAMED,1949,10,14,18,00,25,-71.4,65,1
AL131949,UNNAMED,1949,10,15,00,00,25.9,-71,70,1
AL131949,UNNAMED,1949,10,15,06,00,26.8,-70.5,75,1
AL131949,UNNAMED,1949,10,15,12,00,27.6,-70,80,1
AL131949,UNNAMED,1949,10,15,18,00,29.2,-69.6,80,1
AL131949,UNNAMED,1949,10,16,00,00,30.9,-69.2,80,1
AL131949,UNNAMED,1949,10,16,06,00,32.6,-68.7,80,1
AL131949,UNNAMED,1949,10,16,12,00,34.5,-68,80,1
AL131949,UNNAMED,1949,10,16,18,00,35.5,-66.9,75,1
AL131949,UNNAMED,1949,10,17,00,00,35.9,-65.8,65,1
AL131949,UNNAMED,1949,10,17,06,00,36.3,-64.7,60,0
AL131949,UNNAMED,1949,10,17,12,00,36.7,-63.6,55,0
AL131949,UNNAMED,1949,10,17,18,00,37.1,-62.9,55,0
AL131949,UNNAMED,1949,10,18,00,00,37.2,-62.7,55,0
AL131949,UNNAMED,1949,10,18,06,00,37.3,-62.6,55,0
AL131949,UNNAMED,1949,10,18,12,00,37.8,-62.5,55,0
AL131949,UNNAMED,1949,10,18,18,00,38.9,-62.5,55,0
AL131949,UNNAMED,1949,10,19,00,00,40,-62.4,50,0
AL131949,UNNAMED,1949,10,19,06,00,41.2,-62.2,50,0
AL131949,UNNAMED,1949,10,19,12,00,42.1,-61.9,50,0
AL131949,UNNAMED,1949,10,19,18,00,43,-61,50,0
AL131949,UNNAMED,1949,10,20,00,00,43,-60,45,0
AL131949,UNNAMED,1949,10,20,06,00,42.5,-60.2,40,0
AL131949,UNNAMED,1949,10,20,12,00,41.5,-60.8,35,0
AL131949,UNNAMED,1949,10,20,18,00,41.7,-60.5,35,0
AL131949,UNNAMED,1949,10,21,00,00,42.5,-59,35,0
AL131949,UNNAMED,1949,10,21,06,00,43.5,-56,35,0
AL131949,UNNAMED,1949,10,21,12,00,44.7,-51,35,0
AL131949,UNNAMED,1949,10,21,18,00,45,-45,35,0
