AL131984	GUSTAV	1984	09	16	18	00	28.6	-65.5	30	0
AL131984	GUSTAV	1984	09	17	00	00	29.6	-65.5	30	0
AL131984	GUSTAV	1984	09	17	06	00	30.3	-65.5	30	0
AL131984	GUSTAV	1984	09	17	12	00	31.3	-65.2	30	0
AL131984	GUSTAV	1984	09	17	18	00	32.1	-64.7	30	0
AL131984	GUSTAV	1984	09	18	00	00	32.1	-64.7	30	0
AL131984	GUSTAV	1984	09	18	06	00	32.1	-64.7	30	0
AL131984	GUSTAV	1984	09	18	12	00	32.1	-64.7	30	0
AL131984	GUSTAV	1984	09	18	18	00	32.1	-64.7	45	0
AL131984	GUSTAV	1984	09	19	00	00	33.2	-63.6	45	0
AL131984	GUSTAV	1984	09	19	06	00	34.6	-62.6	45	0
