id,name,year,month,day,hour,minute,lat,lon,max_sustained_wind_kts,sshws
AL131950,LOVE,1950,10,18,00,00,25.5,-89.5,40,0
AL131950,LOVE,1950,10,18,06,00,25.8,-90.5,50,0
AL131950,LOVE,1950,10,18,12,00,26.3,-90.5,60,0
AL131950,LOVE,1950,10,18,18,00,26.7,-91,60,0
AL131950,LOVE,1950,10,19,00,00,26.6,-91.4,60,0
AL131950,LOVE,1950,10,19,06,00,26.4,-91.6,60,0
AL131950,LOVE,1950,10,19,12,00,26,-91.6,60,0
AL131950,LOVE,1950,10,19,18,00,25.6,-91,65,1
AL131950,LOVE,1950,10,20,00,00,25.4,-89.6,70,1
AL131950,LOVE,1950,10,20,06,00,25.7,-88.3,70,1
AL131950,LOVE,1950,10,20,12,00,26,-87.3,70,1
AL131950,LOVE,1950,10,20,18,00,26.4,-86.5,70,1
AL131950,LOVE,1950,10,21,00,00,27.1,-85.2,70,1
AL131950,LOVE,1950,10,21,06,00,28.5,-84,60,0
AL131950,LOVE,1950,10,21,11,00,29.7,-83.4,50,0
AL131950,LOVE,1950,10,21,12,00,29.9,-83.3,50,0
AL131950,LOVE,1950,10,21,18,00,30.8,-82.7,30,0
AL131950,LOVE,1950,10,22,00,00,31.5,-82.2,30,0
AL131950,LOVE,1950,10,22,06,00,32,-81.8,30,0
AL131950,LOVE,1950,10,22,12,00,32.5,-81.4,30,0
AL131950,LOVE,1950,10,22,18,00,33,-81.2,30,0
