id,name,year,month,day,hour,minute,lat,lon,max_sustained_wind_kts,sshws
AL132005,LEE,2005,08,28,12,00,14,-45.1,25,0
AL132005,LEE,2005,08,28,18,00,14.9,-46.4,25,0
AL132005,LEE,2005,08,29,00,00,15.7,-47.6,25,0
AL132005,LEE,2005,08,29,06,00,17,-48.9,25,0
AL132005,LEE,2005,08,29,12,00,17.7,-50.6,25,0
AL132005,LEE,2005,08,29,18,00,18.5,-52.5,20,0
AL132005,LEE,2005,08,30,00,00,20.5,-53.2,20,0
AL132005,LEE,2005,08,30,06,00,22.1,-53.6,20,0
AL132005,LEE,2005,08,30,12,00,24.2,-54.2,20,0
AL132005,LEE,2005,08,30,18,00,25.5,-53.6,25,0
AL132005,LEE,2005,08,31,00,00,26.9,-52.7,25,0
AL132005,LEE,2005,08,31,06,00,28,-51.6,30,0
AL132005,LEE,2005,08,31,12,00,29,-50.4,35,0
AL132005,LEE,2005,08,31,18,00,30.1,-50.1,35,0
AL132005,LEE,2005,09,01,00,00,31.1,-50.3,30,0
AL132005,LEE,2005,09,01,06,00,31.9,-51.2,30,0
AL132005,LEE,2005,09,01,12,00,31.9,-51.4,30,0
AL132005,LEE,2005,09,01,18,00,32.3,-51.5,30,0
AL132005,LEE,2005,09,02,00,00,32.4,-52,25,0
AL132005,LEE,2005,09,02,06,00,32.6,-52.3,25,0
AL132005,LEE,2005,09,02,12,00,33.2,-52.3,25,0
AL132005,LEE,2005,09,02,18,00,33.9,-52.7,25,0
AL132005,LEE,2005,09,03,00,00,34.7,-53.2,25,0
AL132005,LEE,2005,09,03,06,00,35.5,-53.9,25,0
AL132005,LEE,2005,09,03,12,00,36.6,-54.2,25,0
AL132005,LEE,2005,09,03,18,00,37.4,-53.9,25,0
