AL132004	LISA	2004	09	19	18	00	13.3	-32.4	30	0
AL132004	LISA	2004	09	20	00	00	13.3	-33.3	30	0
AL132004	LISA	2004	09	20	06	00	13.4	-34.3	30	0
AL132004	LISA	2004	09	20	12	00	13.5	-35.4	40	0
AL132004	LISA	2004	09	20	18	00	13.7	-36.4	50	0
AL132004	LISA	2004	09	21	00	00	13.7	-37.4	55	0
AL132004	LISA	2004	09	21	06	00	13.9	-38.3	60	0
AL132004	LISA	2004	09	21	12	00	14.1	-39.1	60	0
AL132004	LISA	2004	09	21	18	00	14.3	-39.7	60	0
AL132004	LISA	2004	09	22	00	00	14.4	-40.2	55	0
AL132004	LISA	2004	09	22	06	00	14.4	-40.6	50	0
AL132004	LISA	2004	09	22	12	00	14.2	-41.1	45	0
AL132004	LISA	2004	09	22	18	00	13.9	-41.5	45	0
AL132004	LISA	2004	09	23	00	00	13.2	-41.4	45	0
AL132004	LISA	2004	09	23	06	00	13	-40.6	40	0
AL132004	LISA	2004	09	23	12	00	13.1	-40	35	0
AL132004	LISA	2004	09	23	18	00	14.3	-40.5	30	0
AL132004	LISA	2004	09	24	00	00	14.3	-41.7	30	0
AL132004	LISA	2004	09	24	06	00	13.8	-42.4	40	0
AL132004	LISA	2004	09	24	12	00	13.9	-43.2	35	0
AL132004	LISA	2004	09	24	18	00	14	-43.8	30	0
AL132004	LISA	2004	09	25	00	00	14.3	-44.4	30	0
AL132004	LISA	2004	09	25	06	00	14.9	-44.9	35	0
AL132004	LISA	2004	09	25	12	00	15.7	-45.4	45	0
AL132004	LISA	2004	09	25	18	00	16.7	-45.7	45	0
AL132004	LISA	2004	09	26	00	00	17.4	-45.8	45	0
AL132004	LISA	2004	09	26	06	00	18	-45.9	50	0
AL132004	LISA	2004	09	26	12	00	18.7	-46	55	0
AL132004	LISA	2004	09	26	18	00	19.2	-46	50	0
AL132004	LISA	2004	09	27	00	00	19.6	-46	45	0
AL132004	LISA	2004	09	27	06	00	20	-46.1	45	0
AL132004	LISA	2004	09	27	12	00	20.6	-46.2	45	0
AL132004	LISA	2004	09	27	18	00	21.3	-46.2	40	0
AL132004	LISA	2004	09	28	00	00	22	-46.4	40	0
AL132004	LISA	2004	09	28	06	00	23	-46.5	40	0
AL132004	LISA	2004	09	28	12	00	24.3	-46.5	45	0
AL132004	LISA	2004	09	28	18	00	25.4	-46.5	55	0
AL132004	LISA	2004	09	29	00	00	26.4	-46.4	60	0
AL132004	LISA	2004	09	29	06	00	27.5	-46.2	60	0
AL132004	LISA	2004	09	29	12	00	28.9	-45.8	60	0
AL132004	LISA	2004	09	29	18	00	30.1	-45.8	60	0
AL132004	LISA	2004	09	30	00	00	31.1	-46.1	60	0
AL132004	LISA	2004	09	30	06	00	32	-46.7	55	0
AL132004	LISA	2004	09	30	12	00	32.4	-47.3	50	0
AL132004	LISA	2004	09	30	18	00	33.1	-47.8	45	0
AL132004	LISA	2004	10	01	00	00	34.1	-47.8	50	0
AL132004	LISA	2004	10	01	06	00	35.1	-47.6	55	0
AL132004	LISA	2004	10	01	12	00	36.3	-47	60	0
AL132004	LISA	2004	10	01	18	00	37.7	-45.8	60	0
AL132004	LISA	2004	10	02	00	00	38.9	-43.8	60	0
AL132004	LISA	2004	10	02	06	00	40.3	-41.6	65	1
AL132004	LISA	2004	10	02	12	00	41.6	-39.1	65	1
AL132004	LISA	2004	10	02	18	00	42.8	-36	55	0
AL132004	LISA	2004	10	03	00	00	43.8	-33	50	0
AL132004	LISA	2004	10	03	06	00	44.5	-30	45	0
