AL131995	LUIS	1995	08	27	12	00	11.3	-22.7	25	0
AL131995	LUIS	1995	08	27	18	00	11.1	-23.8	25	0
AL131995	LUIS	1995	08	28	00	00	11	-24.3	25	0
AL131995	LUIS	1995	08	28	06	00	10.9	-24.9	25	0
AL131995	LUIS	1995	08	28	12	00	11.1	-26	30	0
AL131995	LUIS	1995	08	28	18	00	11.4	-27.5	30	0
AL131995	LUIS	1995	08	29	00	00	11.6	-29	35	0
AL131995	LUIS	1995	08	29	06	00	11.8	-30.5	40	0
AL131995	LUIS	1995	08	29	12	00	12.2	-31.9	40	0
AL131995	LUIS	1995	08	29	18	00	12.7	-33.1	40	0
AL131995	LUIS	1995	08	30	00	00	13	-34.2	40	0
AL131995	LUIS	1995	08	30	06	00	13.2	-35.3	45	0
AL131995	LUIS	1995	08	30	12	00	13.4	-36.2	55	0
AL131995	LUIS	1995	08	30	18	00	13.7	-37	65	1
AL131995	LUIS	1995	08	31	00	00	14	-37.9	70	1
AL131995	LUIS	1995	08	31	06	00	14.3	-38.8	80	1
AL131995	LUIS	1995	08	31	12	00	14.6	-39.7	85	2
AL131995	LUIS	1995	08	31	18	00	15	-40.7	95	2
AL131995	LUIS	1995	09	01	00	00	15.4	-41.7	100	3
AL131995	LUIS	1995	09	01	06	00	15.8	-42.6	105	3
AL131995	LUIS	1995	09	01	12	00	16.2	-43.6	115	4
AL131995	LUIS	1995	09	01	18	00	16.5	-44.7	115	4
AL131995	LUIS	1995	09	02	00	00	16.8	-45.8	115	4
AL131995	LUIS	1995	09	02	06	00	17	-46.9	115	4
AL131995	LUIS	1995	09	02	12	00	17.2	-48	115	4
AL131995	LUIS	1995	09	02	18	00	17.3	-49.2	115	4
AL131995	LUIS	1995	09	03	00	00	17.3	-50.5	115	4
AL131995	LUIS	1995	09	03	06	00	17.4	-51.8	120	4
AL131995	LUIS	1995	09	03	12	00	17.3	-53.1	120	4
AL131995	LUIS	1995	09	03	18	00	17.3	-54.3	120	4
AL131995	LUIS	1995	09	04	00	00	17.1	-55.6	120	4
AL131995	LUIS	1995	09	04	06	00	17	-56.8	120	4
AL131995	LUIS	1995	09	04	12	00	17	-58	120	4
AL131995	LUIS	1995	09	04	18	00	17	-59.1	120	4
AL131995	LUIS	1995	09	05	00	00	17.1	-60.1	120	4
AL131995	LUIS	1995	09	05	06	00	17.3	-61	120	4
AL131995	LUIS	1995	09	05	12	00	17.5	-61.7	115	4
AL131995	LUIS	1995	09	05	18	00	18	-62.4	115	4
AL131995	LUIS	1995	09	06	00	00	18.4	-63	115	4
AL131995	LUIS	1995	09	06	06	00	18.9	-63.6	115	4
AL131995	LUIS	1995	09	06	12	00	19.4	-64.2	115	4
AL131995	LUIS	1995	09	06	18	00	20.1	-64.9	115	4
AL131995	LUIS	1995	09	07	00	00	20.7	-65.4	115	4
AL131995	LUIS	1995	09	07	06	00	21.3	-66	115	4
AL131995	LUIS	1995	09	07	12	00	22	-66.6	110	3
AL131995	LUIS	1995	09	07	18	00	22.8	-67.2	110	3
AL131995	LUIS	1995	09	08	00	00	24.3	-68	110	3
AL131995	LUIS	1995	09	08	06	00	25.8	-68.8	110	3
AL131995	LUIS	1995	09	08	12	00	26.4	-69.3	105	3
AL131995	LUIS	1995	09	08	18	00	26.5	-69.5	100	3
AL131995	LUIS	1995	09	09	00	00	27.1	-69.8	95	2
AL131995	LUIS	1995	09	09	06	00	29.1	-69.5	90	2
AL131995	LUIS	1995	09	09	12	00	31	-69.1	85	2
AL131995	LUIS	1995	09	09	18	00	32.7	-68.6	85	2
AL131995	LUIS	1995	09	10	00	00	34.5	-67.2	85	2
AL131995	LUIS	1995	09	10	06	00	36.5	-65.4	85	2
AL131995	LUIS	1995	09	10	12	00	38.4	-63.7	80	1
AL131995	LUIS	1995	09	10	18	00	40.9	-60.9	80	1
AL131995	LUIS	1995	09	11	00	00	43.9	-57.7	80	1
AL131995	LUIS	1995	09	11	06	00	47.1	-54.2	80	1
AL131995	LUIS	1995	09	11	12	00	51.5	-48.5	70	1
AL131995	LUIS	1995	09	11	18	00	55	-46	60	0
AL131995	LUIS	1995	09	12	00	00	57	-45	60	0
AL131995	LUIS	1995	09	12	06	00	58	-44	60	0
AL131995	LUIS	1995	09	12	12	00	59	-42	60	0
AL131995	LUIS	1995	09	12	18	00	60	-40	50	0
