AL131975	ELOISE	1975	09	13	06	00	17.5	-54.1	25	0
AL131975	ELOISE	1975	09	13	12	00	17.6	-55.2	25	0
AL131975	ELOISE	1975	09	13	18	00	17.7	-56.3	25	0
AL131975	ELOISE	1975	09	14	00	00	17.8	-57.3	25	0
AL131975	ELOISE	1975	09	14	06	00	17.9	-58.3	25	0
AL131975	ELOISE	1975	09	14	12	00	18	-59.4	25	0
AL131975	ELOISE	1975	09	14	18	00	18.1	-60.5	25	0
AL131975	ELOISE	1975	09	15	00	00	18.3	-61.7	25	0
AL131975	ELOISE	1975	09	15	06	00	18.5	-62.8	25	0
AL131975	ELOISE	1975	09	15	12	00	18.8	-63.8	30	0
AL131975	ELOISE	1975	09	15	18	00	18.9	-64.8	30	0
AL131975	ELOISE	1975	09	16	00	00	19	-65.6	35	0
AL131975	ELOISE	1975	09	16	06	00	19.2	-66.7	45	0
AL131975	ELOISE	1975	09	16	12	00	19.4	-67.5	55	0
AL131975	ELOISE	1975	09	16	18	00	19.5	-68.4	65	1
AL131975	ELOISE	1975	09	17	00	00	19.6	-69.2	65	1
AL131975	ELOISE	1975	09	17	06	00	19.7	-70.2	60	0
AL131975	ELOISE	1975	09	17	12	00	19.7	-71.2	55	0
AL131975	ELOISE	1975	09	17	18	00	19.8	-72.2	50	0
AL131975	ELOISE	1975	09	18	00	00	19.9	-73.3	45	0
AL131975	ELOISE	1975	09	18	06	00	19.9	-74.5	45	0
AL131975	ELOISE	1975	09	18	12	00	19.9	-75.7	40	0
AL131975	ELOISE	1975	09	18	18	00	20	-77	40	0
AL131975	ELOISE	1975	09	19	00	00	20	-78.2	35	0
AL131975	ELOISE	1975	09	19	06	00	19.9	-79.1	35	0
AL131975	ELOISE	1975	09	19	12	00	19.9	-79.8	35	0
AL131975	ELOISE	1975	09	19	18	00	19.8	-81	35	0
AL131975	ELOISE	1975	09	20	00	00	19.8	-82.2	35	0
AL131975	ELOISE	1975	09	20	06	00	19.8	-83.4	35	0
AL131975	ELOISE	1975	09	20	12	00	19.9	-84.6	35	0
AL131975	ELOISE	1975	09	20	18	00	20	-85.5	35	0
AL131975	ELOISE	1975	09	21	00	00	20.2	-86.4	40	0
AL131975	ELOISE	1975	09	21	06	00	20.8	-87.1	45	0
AL131975	ELOISE	1975	09	21	12	00	21.4	-87.8	50	0
AL131975	ELOISE	1975	09	21	18	00	22.4	-88.5	55	0
AL131975	ELOISE	1975	09	22	00	00	23.6	-88.9	60	0
AL131975	ELOISE	1975	09	22	06	00	24.8	-89.4	65	1
AL131975	ELOISE	1975	09	22	12	00	25.8	-89.5	75	1
AL131975	ELOISE	1975	09	22	18	00	26.5	-89.4	85	2
AL131975	ELOISE	1975	09	23	00	00	27.3	-88.5	95	2
AL131975	ELOISE	1975	09	23	06	00	28.4	-87.3	105	3
AL131975	ELOISE	1975	09	23	12	00	30.2	-86.3	110	3
AL131975	ELOISE	1975	09	23	18	00	33	-85.7	55	0
AL131975	ELOISE	1975	09	24	00	00	35.5	-84.3	30	0
AL131975	ELOISE	1975	09	24	06	00	36.5	-83.5	20	0
AL131975	ELOISE	1975	09	24	12	00	37	-82.5	20	0
AL131975	ELOISE	1975	09	24	18	00	37.5	-81.5	20	0
