id,name,year,month,day,hour,minute,lat,lon,max_sustained_wind_kts,sshws
AL131979,UNNAMED,1979,09,01,12,00,19.9,-22,20,0
AL131979,UNNAMED,1979,09,01,18,00,20.4,-23,25,0
AL131979,UNNAMED,1979,09,02,00,00,20.8,-23.6,25,0
AL131979,UNNAMED,1979,09,02,06,00,21.2,-26,30,0
AL131979,UNNAMED,1979,09,02,12,00,22,-27.3,30,0
AL131979,UNNAMED,1979,09,02,18,00,22.2,-28.7,30,0
AL131979,UNNAMED,1979,09,03,00,00,23,-30,30,0
AL131979,UNNAMED,1979,09,03,06,00,23.3,-31.8,30,0
AL131979,UNNAMED,1979,09,03,12,00,23.9,-33.2,30,0
AL131979,UNNAMED,1979,09,03,18,00,24.9,-34.9,30,0
AL131979,UNNAMED,1979,09,04,00,00,26,-36.5,30,0
AL131979,UNNAMED,1979,09,04,06,00,27.2,-37.8,30,0
AL131979,UNNAMED,1979,09,04,12,00,28.7,-39,30,0
AL131979,UNNAMED,1979,09,04,18,00,30.1,-39.5,30,0
AL131979,UNNAMED,1979,09,05,00,00,31.5,-39.8,25,0
AL131979,UNNAMED,1979,09,05,06,00,32.9,-39.5,25,0
AL131979,UNNAMED,1979,09,05,12,00,34,-39,25,0
AL131979,UNNAMED,1979,09,05,18,00,35.3,-38.5,25,0
AL131979,UNNAMED,1979,09,06,00,00,36.7,-37.9,25,0
AL131979,UNNAMED,1979,09,06,06,00,37.8,-37,20,0
AL131979,UNNAMED,1979,09,06,12,00,39,-36,20,0
