id,name,year,month,day,hour,minute,lat,lon,max_sustained_wind_kts,sshws
AL131972,DAWN,1972,09,05,00,00,23.8,-79.4,30,0
AL131972,DAWN,1972,09,05,06,00,24.3,-80,30,0
AL131972,DAWN,1972,09,05,12,00,24.9,-80.4,30,0
AL131972,DAWN,1972,09,05,18,00,25.6,-80.5,30,0
AL131972,DAWN,1972,09,06,00,00,26.2,-79.9,30,0
AL131972,DAWN,1972,09,06,06,00,26.8,-79,30,0
AL131972,DAWN,1972,09,06,12,00,27.3,-77.9,40,0
AL131972,DAWN,1972,09,06,18,00,28.2,-76,50,0
AL131972,DAWN,1972,09,07,00,00,29.2,-74.4,55,0
AL131972,DAWN,1972,09,07,06,00,30.2,-72.8,55,0
AL131972,DAWN,1972,09,07,12,00,32,-71.2,60,0
AL131972,DAWN,1972,09,07,18,00,33.8,-70.4,65,1
AL131972,DAWN,1972,09,08,00,00,35.2,-70.8,70,1
AL131972,DAWN,1972,09,08,06,00,36,-71.5,70,1
AL131972,DAWN,1972,09,08,12,00,36.4,-72.4,70,1
AL131972,DAWN,1972,09,08,18,00,36.6,-73.5,65,1
AL131972,DAWN,1972,09,09,00,00,36.1,-74.2,60,0
AL131972,DAWN,1972,09,09,06,00,35.6,-74.5,50,0
AL131972,DAWN,1972,09,09,12,00,35,-74.2,45,0
AL131972,DAWN,1972,09,09,18,00,34.8,-73.9,45,0
AL131972,DAWN,1972,09,10,00,00,34.1,-73,45,0
AL131972,DAWN,1972,09,10,06,00,33.4,-72.2,45,0
AL131972,DAWN,1972,09,10,12,00,32.9,-71.9,45,0
AL131972,DAWN,1972,09,10,18,00,32,-71.8,45,0
AL131972,DAWN,1972,09,11,00,00,31.2,-72.1,45,0
AL131972,DAWN,1972,09,11,06,00,30.7,-73.1,40,0
AL131972,DAWN,1972,09,11,12,00,30.2,-74.1,40,0
AL131972,DAWN,1972,09,11,18,00,30.1,-75.1,40,0
AL131972,DAWN,1972,09,12,00,00,30.1,-76.2,40,0
AL131972,DAWN,1972,09,12,06,00,30.2,-77.1,35,0
AL131972,DAWN,1972,09,12,12,00,30.7,-78,35,0
AL131972,DAWN,1972,09,12,18,00,31,-78.8,30,0
AL131972,DAWN,1972,09,13,00,00,30.8,-79.7,30,0
AL131972,DAWN,1972,09,13,06,00,30.8,-80.6,30,0
AL131972,DAWN,1972,09,13,12,00,31.1,-81,30,0
AL131972,DAWN,1972,09,13,18,00,31.7,-81,30,0
AL131972,DAWN,1972,09,14,00,00,31.9,-80.6,30,0
AL131972,DAWN,1972,09,14,06,00,32.4,-80,30,0
AL131972,DAWN,1972,09,14,12,00,32.8,-79.5,30,0
