AL132012	MICHAEL	2012	09	02	00	00	28.9	-36.7	20	0
AL132012	MICHAEL	2012	09	02	06	00	28.1	-37.9	25	0
AL132012	MICHAEL	2012	09	02	12	00	27.2	-39.2	25	0
AL132012	MICHAEL	2012	09	02	18	00	26.4	-40.1	25	0
AL132012	MICHAEL	2012	09	03	00	00	25.8	-40.7	25	0
AL132012	MICHAEL	2012	09	03	06	00	25.4	-41.2	25	0
AL132012	MICHAEL	2012	09	03	12	00	25.3	-41.7	25	0
AL132012	MICHAEL	2012	09	03	18	00	25.5	-42.1	30	0
AL132012	MICHAEL	2012	09	04	00	00	25.8	-42.5	30	0
AL132012	MICHAEL	2012	09	04	06	00	26.2	-43	35	0
AL132012	MICHAEL	2012	09	04	12	00	26.7	-43.5	40	0
AL132012	MICHAEL	2012	09	04	18	00	27.1	-43.7	45	0
AL132012	MICHAEL	2012	09	05	00	00	27.4	-43.8	45	0
AL132012	MICHAEL	2012	09	05	06	00	27.8	-43.8	45	0
AL132012	MICHAEL	2012	09	05	12	00	28.2	-43.5	50	0
AL132012	MICHAEL	2012	09	05	18	00	28.6	-43.1	65	1
AL132012	MICHAEL	2012	09	06	00	00	29	-42.6	80	1
AL132012	MICHAEL	2012	09	06	06	00	29.4	-42	95	2
AL132012	MICHAEL	2012	09	06	12	00	29.9	-41.4	100	3
AL132012	MICHAEL	2012	09	06	18	00	30.3	-41	95	2
AL132012	MICHAEL	2012	09	07	00	00	30.6	-40.8	90	2
AL132012	MICHAEL	2012	09	07	06	00	30.9	-40.8	90	2
AL132012	MICHAEL	2012	09	07	12	00	31.1	-41	90	2
AL132012	MICHAEL	2012	09	07	18	00	31.3	-41.2	85	2
AL132012	MICHAEL	2012	09	08	00	00	31.6	-41.5	80	1
AL132012	MICHAEL	2012	09	08	06	00	32	-41.7	80	1
AL132012	MICHAEL	2012	09	08	12	00	32.4	-41.9	85	2
AL132012	MICHAEL	2012	09	08	18	00	32.9	-42.1	90	2
AL132012	MICHAEL	2012	09	09	00	00	33.3	-42.3	90	2
AL132012	MICHAEL	2012	09	09	06	00	33.6	-42.6	85	2
AL132012	MICHAEL	2012	09	09	12	00	33.7	-42.9	85	2
AL132012	MICHAEL	2012	09	09	18	00	33.7	-43.5	80	1
AL132012	MICHAEL	2012	09	10	00	00	33.6	-44.1	75	1
AL132012	MICHAEL	2012	09	10	06	00	33.4	-44.9	70	1
AL132012	MICHAEL	2012	09	10	12	00	33.6	-45.8	70	1
AL132012	MICHAEL	2012	09	10	18	00	33.9	-46.9	65	1
AL132012	MICHAEL	2012	09	11	00	00	34.8	-47.8	60	0
AL132012	MICHAEL	2012	09	11	06	00	36.4	-47.8	55	0
AL132012	MICHAEL	2012	09	11	12	00	38.2	-47.6	45	0
AL132012	MICHAEL	2012	09	11	18	00	40.2	-46.6	40	0
AL132012	MICHAEL	2012	09	12	00	00	42.5	-45	35	0
AL132012	MICHAEL	2012	09	12	06	00	45	-42.6	30	0
