id,name,year,month,day,hour,minute,lat,lon,max_sustained_wind_kts,sshws
AL131980,HERMINE,1980,09,20,12,00,14.6,-77.2,25,0
AL131980,HERMINE,1980,09,20,18,00,14.8,-78.7,25,0
AL131980,HERMINE,1980,09,21,00,00,15,-80.2,30,0
AL131980,HERMINE,1980,09,21,06,00,15.1,-81.6,35,0
AL131980,HERMINE,1980,09,21,12,00,15.3,-83,40,0
AL131980,HERMINE,1980,09,21,18,00,15.8,-84.2,45,0
AL131980,HERMINE,1980,09,22,00,00,16.5,-85.5,50,0
AL131980,HERMINE,1980,09,22,06,00,17.1,-86.7,55,0
AL131980,HERMINE,1980,09,22,12,00,17.8,-87.8,60,0
AL131980,HERMINE,1980,09,22,18,00,18.4,-88.9,55,0
AL131980,HERMINE,1980,09,23,00,00,18.8,-90.2,50,0
AL131980,HERMINE,1980,09,23,06,00,19.1,-91.3,45,0
AL131980,HERMINE,1980,09,23,12,00,19.3,-92.6,50,0
AL131980,HERMINE,1980,09,23,18,00,19.3,-93.2,55,0
AL131980,HERMINE,1980,09,24,00,00,19.2,-93.8,60,0
AL131980,HERMINE,1980,09,24,06,00,18.8,-94.4,60,0
AL131980,HERMINE,1980,09,24,12,00,18.5,-94.8,55,0
AL131980,HERMINE,1980,09,24,18,00,18.1,-95.1,50,0
AL131980,HERMINE,1980,09,25,00,00,17.7,-95.5,45,0
AL131980,HERMINE,1980,09,25,06,00,17.3,-95.8,40,0
AL131980,HERMINE,1980,09,25,12,00,17,-96,35,0
AL131980,HERMINE,1980,09,25,18,00,17,-96,30,0
AL131980,HERMINE,1980,09,26,00,00,17,-96,25,0
