id,name,year,month,day,hour,minute,lat,lon,max_sustained_wind_kts,sshws
AL131967,BEULAH,1967,09,05,12,00,14,-57,30,0
AL131967,BEULAH,1967,09,05,18,00,13.9,-57.8,30,0
AL131967,BEULAH,1967,09,06,00,00,13.8,-58.5,30,0
AL131967,BEULAH,1967,09,06,06,00,13.7,-59.3,30,0
AL131967,BEULAH,1967,09,06,12,00,13.6,-60,30,0
AL131967,BEULAH,1967,09,06,18,00,13.6,-60.2,30,0
AL131967,BEULAH,1967,09,07,00,00,13.7,-60.5,30,0
AL131967,BEULAH,1967,09,07,06,00,13.8,-60.7,30,0
AL131967,BEULAH,1967,09,07,12,00,13.9,-60.8,40,0
AL131967,BEULAH,1967,09,07,18,00,14,-61.1,45,0
AL131967,BEULAH,1967,09,08,00,00,14.2,-61.5,50,0
AL131967,BEULAH,1967,09,08,06,00,14.4,-61.9,55,0
AL131967,BEULAH,1967,09,08,12,00,14.5,-62.2,60,0
AL131967,BEULAH,1967,09,08,18,00,14.7,-62.9,75,1
AL131967,BEULAH,1967,09,09,00,00,15,-63.7,80,1
AL131967,BEULAH,1967,09,09,06,00,15.3,-64.4,90,2
AL131967,BEULAH,1967,09,09,12,00,15.8,-65.1,100,3
AL131967,BEULAH,1967,09,09,18,00,16.3,-66.1,115,4
AL131967,BEULAH,1967,09,10,00,00,16.8,-66.7,120,4
AL131967,BEULAH,1967,09,10,06,00,17.3,-67.6,125,4
AL131967,BEULAH,1967,09,10,12,00,17.5,-68.2,130,4
AL131967,BEULAH,1967,09,10,18,00,17.6,-69,120,4
AL131967,BEULAH,1967,09,11,00,00,17.7,-69.9,110,3
AL131967,BEULAH,1967,09,11,06,00,17.7,-70.8,80,1
AL131967,BEULAH,1967,09,11,12,00,17.7,-71.5,75,1
AL131967,BEULAH,1967,09,11,18,00,17.6,-72.6,80,1
AL131967,BEULAH,1967,09,12,00,00,17.6,-73.3,65,1
AL131967,BEULAH,1967,09,12,06,00,17.5,-74.1,65,1
AL131967,BEULAH,1967,09,12,12,00,17.3,-75.1,60,0
AL131967,BEULAH,1967,09,12,18,00,16.5,-76.2,50,0
AL131967,BEULAH,1967,09,13,00,00,16.2,-76.8,50,0
AL131967,BEULAH,1967,09,13,06,00,16,-77.3,50,0
AL131967,BEULAH,1967,09,13,12,00,15.8,-77.8,50,0
AL131967,BEULAH,1967,09,13,18,00,15.8,-78.1,50,0
AL131967,BEULAH,1967,09,14,00,00,15.9,-78.5,55,0
AL131967,BEULAH,1967,09,14,06,00,16,-79,60,0
AL131967,BEULAH,1967,09,14,12,00,16.3,-79.5,75,1
AL131967,BEULAH,1967,09,14,18,00,16.8,-80.1,90,2
AL131967,BEULAH,1967,09,15,00,00,17.3,-81,100,3
AL131967,BEULAH,1967,09,15,06,00,17.6,-81.6,100,3
AL131967,BEULAH,1967,09,15,12,00,18,-82.4,100,3
AL131967,BEULAH,1967,09,15,18,00,18.5,-83.3,100,3
AL131967,BEULAH,1967,09,16,00,00,18.7,-83.7,100,3
AL131967,BEULAH,1967,09,16,06,00,19.2,-84.4,100,3
AL131967,BEULAH,1967,09,16,12,00,19.6,-85.1,100,3
AL131967,BEULAH,1967,09,16,18,00,19.9,-85.6,100,3
AL131967,BEULAH,1967,09,17,00,00,20.2,-86.2,95,2
AL131967,BEULAH,1967,09,17,06,00,20.6,-87.2,90,2
AL131967,BEULAH,1967,09,17,12,00,21,-88.5,85,2
AL131967,BEULAH,1967,09,17,18,00,21.2,-89.4,85,2
AL131967,BEULAH,1967,09,18,00,00,21.5,-90.6,90,2
AL131967,BEULAH,1967,09,18,06,00,21.6,-91.8,95,2
AL131967,BEULAH,1967,09,18,12,00,21.8,-92.7,95,2
AL131967,BEULAH,1967,09,18,18,00,22.1,-93.7,100,3
AL131967,BEULAH,1967,09,19,00,00,22.4,-94.2,105,3
AL131967,BEULAH,1967,09,19,06,00,22.8,-94.8,110,3
AL131967,BEULAH,1967,09,19,12,00,23.5,-95.7,125,4
AL131967,BEULAH,1967,09,19,18,00,23.9,-96,135,4
AL131967,BEULAH,1967,09,20,00,00,24.2,-96.2,140,5
AL131967,BEULAH,1967,09,20,06,00,25.1,-96.8,140,5
AL131967,BEULAH,1967,09,20,12,00,25.9,-97.2,140,5
AL131967,BEULAH,1967,09,20,18,00,26.4,-97.7,90,2
AL131967,BEULAH,1967,09,21,00,00,27.3,-98.1,70,1
AL131967,BEULAH,1967,09,21,06,00,27.7,-98.4,65,1
AL131967,BEULAH,1967,09,21,12,00,27.7,-98.7,45,0
AL131967,BEULAH,1967,09,21,18,00,27.2,-99.2,35,0
AL131967,BEULAH,1967,09,22,00,00,26.7,-99.5,35,0
AL131967,BEULAH,1967,09,22,06,00,26.5,-99.7,35,0
AL131967,BEULAH,1967,09,22,12,00,26.1,-100,30,0
AL131967,BEULAH,1967,09,22,18,00,25.8,-100.3,30,0
