AL131931	UNNAMED	1931	11	22	06	00	22	-63.7	35	0
AL131931	UNNAMED	1931	11	22	12	00	22.8	-64.5	35	0
AL131931	UNNAMED	1931	11	22	18	00	23.5	-65.2	35	0
AL131931	UNNAMED	1931	11	23	00	00	24.3	-65.9	35	0
AL131931	UNNAMED	1931	11	23	06	00	25.1	-66.7	35	0
AL131931	UNNAMED	1931	11	23	12	00	25.9	-67.5	40	0
AL131931	UNNAMED	1931	11	23	18	00	26.6	-68.7	45	0
AL131931	UNNAMED	1931	11	24	00	00	27.3	-70.4	50	0
AL131931	UNNAMED	1931	11	24	06	00	28	-72.3	55	0
AL131931	UNNAMED	1931	11	24	12	00	28.5	-74.1	55	0
AL131931	UNNAMED	1931	11	24	18	00	28.3	-74.8	55	0
AL131931	UNNAMED	1931	11	25	00	00	28	-75.2	50	0
AL131931	UNNAMED	1931	11	25	06	00	27.7	-75.5	40	0
AL131931	UNNAMED	1931	11	25	12	00	27.4	-75.8	35	0
AL131931	UNNAMED	1931	11	25	18	00	27.1	-76.2	30	0
