AL132001	KAREN	2001	10	11	06	00	27.5	-63	30	0
AL132001	KAREN	2001	10	11	12	00	29.8	-62.5	35	0
AL132001	KAREN	2001	10	11	18	00	30.8	-63.5	45	0
AL132001	KAREN	2001	10	12	00	00	31.8	-64.7	60	0
AL132001	KAREN	2001	10	12	06	00	32.2	-65.8	60	0
AL132001	KAREN	2001	10	12	12	00	32.8	-65.8	60	0
AL132001	KAREN	2001	10	12	18	00	33.5	-66.3	60	0
AL132001	KAREN	2001	10	13	00	00	34.2	-66.1	60	0
AL132001	KAREN	2001	10	13	06	00	34.9	-65.3	60	0
AL132001	KAREN	2001	10	13	12	00	36.2	-64.8	60	0
AL132001	KAREN	2001	10	13	18	00	37.3	-64.6	65	1
AL132001	KAREN	2001	10	14	00	00	37.9	-64	65	1
AL132001	KAREN	2001	10	14	06	00	38.6	-63.7	70	1
AL132001	KAREN	2001	10	14	12	00	39.3	-63.9	60	0
AL132001	KAREN	2001	10	14	18	00	40.1	-64.1	55	0
AL132001	KAREN	2001	10	15	00	00	40.9	-64.4	50	0
AL132001	KAREN	2001	10	15	06	00	42.3	-65	45	0
AL132001	KAREN	2001	10	15	12	00	44.2	-64.8	40	0
AL132001	KAREN	2001	10	15	18	00	48	-62	40	0
