AL131998	MITCH	1998	10	22	00	00	11.6	-76.1	30	0
AL131998	MITCH	1998	10	22	06	00	11.9	-77.1	30	0
AL131998	MITCH	1998	10	22	12	00	12	-77.9	30	0
AL131998	MITCH	1998	10	22	18	00	11.6	-77.9	35	0
AL131998	MITCH	1998	10	23	00	00	11.8	-77.6	40	0
AL131998	MITCH	1998	10	23	06	00	12.2	-77.6	45	0
AL131998	MITCH	1998	10	23	12	00	12.5	-77.8	45	0
AL131998	MITCH	1998	10	23	18	00	12.9	-78	50	0
AL131998	MITCH	1998	10	24	00	00	13.4	-77.9	55	0
AL131998	MITCH	1998	10	24	06	00	13.9	-77.8	65	1
AL131998	MITCH	1998	10	24	12	00	14.5	-77.9	75	1
AL131998	MITCH	1998	10	24	18	00	15	-78.1	90	2
AL131998	MITCH	1998	10	25	00	00	15.5	-78.4	100	3
AL131998	MITCH	1998	10	25	06	00	16	-78.9	105	3
AL131998	MITCH	1998	10	25	12	00	16.2	-79.6	115	4
AL131998	MITCH	1998	10	25	18	00	16.4	-80.3	125	4
AL131998	MITCH	1998	10	26	00	00	16.4	-81	130	4
AL131998	MITCH	1998	10	26	06	00	16.4	-81.8	135	4
AL131998	MITCH	1998	10	26	12	00	16.6	-82.6	145	5
AL131998	MITCH	1998	10	26	18	00	16.9	-83.1	155	5
AL131998	MITCH	1998	10	27	00	00	17.2	-83.8	155	5
AL131998	MITCH	1998	10	27	06	00	17.3	-84.4	150	5
AL131998	MITCH	1998	10	27	12	00	17.1	-85	150	5
AL131998	MITCH	1998	10	27	18	00	16.9	-85.4	145	5
AL131998	MITCH	1998	10	28	00	00	16.6	-85.6	140	5
AL131998	MITCH	1998	10	28	06	00	16.3	-85.6	130	4
AL131998	MITCH	1998	10	28	12	00	16.3	-85.6	115	4
AL131998	MITCH	1998	10	28	18	00	16.3	-85.7	95	2
AL131998	MITCH	1998	10	29	00	00	16.2	-85.8	85	2
AL131998	MITCH	1998	10	29	06	00	16.1	-85.8	75	1
AL131998	MITCH	1998	10	29	12	00	15.9	-85.7	70	1
AL131998	MITCH	1998	10	29	18	00	15.8	-85.6	60	0
AL131998	MITCH	1998	10	30	00	00	15.6	-85.7	55	0
AL131998	MITCH	1998	10	30	06	00	15.4	-85.9	50	0
AL131998	MITCH	1998	10	30	12	00	15.2	-86.1	45	0
AL131998	MITCH	1998	10	30	18	00	14.9	-86.5	45	0
AL131998	MITCH	1998	10	31	00	00	14.7	-87	45	0
AL131998	MITCH	1998	10	31	06	00	14.5	-87.7	40	0
AL131998	MITCH	1998	10	31	12	00	14.5	-88.5	35	0
AL131998	MITCH	1998	10	31	18	00	14.6	-89.2	30	0
AL131998	MITCH	1998	11	01	00	00	14.6	-90	30	0
AL131998	MITCH	1998	11	01	06	00	14.7	-90.8	25	0
AL131998	MITCH	1998	11	01	12	00	14.9	-91.5	25	0
AL131998	MITCH	1998	11	01	18	00	15.5	-92.2	25	0
AL131998	MITCH	1998	11	02	00	00	16.3	-92.7	20	0
AL131998	MITCH	1998	11	02	06	00	17.1	-93.1	20	0
AL131998	MITCH	1998	11	02	12	00	17.9	-93.4	20	0
AL131998	MITCH	1998	11	02	18	00	18.7	-93.7	20	0
AL131998	MITCH	1998	11	03	00	00	19.2	-93.4	20	0
AL131998	MITCH	1998	11	03	06	00	19.3	-92.7	20	0
AL131998	MITCH	1998	11	03	12	00	19.4	-92.1	25	0
AL131998	MITCH	1998	11	03	18	00	19.6	-91.4	40	0
AL131998	MITCH	1998	11	04	00	00	20	-90.6	35	0
AL131998	MITCH	1998	11	04	02	00	20.1	-90.5	35	0
AL131998	MITCH	1998	11	04	06	00	20.8	-89.6	30	0
AL131998	MITCH	1998	11	04	12	00	21.8	-88.2	40	0
AL131998	MITCH	1998	11	04	18	00	23.3	-86.5	40	0
AL131998	MITCH	1998	11	05	00	00	24.8	-84.8	45	0
AL131998	MITCH	1998	11	05	06	00	25.6	-83.1	50	0
AL131998	MITCH	1998	11	05	11	00	26.2	-81.9	50	0
AL131998	MITCH	1998	11	05	12	00	26.6	-81.3	55	0
AL131998	MITCH	1998	11	05	18	00	27.5	-78.3	50	0
AL131998	MITCH	1998	11	06	00	00	30	-75	50	0
AL131998	MITCH	1998	11	06	06	00	32.5	-72	50	0
AL131998	MITCH	1998	11	06	12	00	35	-68	50	0
AL131998	MITCH	1998	11	06	18	00	37	-63	50	0
AL131998	MITCH	1998	11	07	00	00	39	-58	50	0
AL131998	MITCH	1998	11	07	06	00	41	-53	50	0
AL131998	MITCH	1998	11	07	12	00	42.5	-47.5	50	0
AL131998	MITCH	1998	11	07	18	00	44.5	-42	60	0
AL131998	MITCH	1998	11	08	00	00	46.5	-36.5	60	0
AL131998	MITCH	1998	11	08	06	00	48.5	-31	60	0
AL131998	MITCH	1998	11	08	12	00	50	-25	60	0
AL131998	MITCH	1998	11	08	18	00	53.5	-20.5	60	0
AL131998	MITCH	1998	11	09	00	00	55.5	-14.5	60	0
AL131998	MITCH	1998	11	09	06	00	58	-10.5	60	0
AL131998	MITCH	1998	11	09	12	00	61	-10	60	0
AL131998	MITCH	1998	11	09	18	00	63.5	-5	55	0
