id,name,year,month,day,hour,minute,lat,lon,max_sustained_wind_kts,sshws
AL131985,KATE,1985,11,15,18,00,21.1,-63.8,35,0
AL131985,KATE,1985,11,16,00,00,21.6,-63.9,45,0
AL131985,KATE,1985,11,16,06,00,21.7,-64.2,50,0
AL131985,KATE,1985,11,16,12,00,21.5,-64.8,55,0
AL131985,KATE,1985,11,16,18,00,21.1,-65.3,70,1
AL131985,KATE,1985,11,17,00,00,20.7,-66,75,1
AL131985,KATE,1985,11,17,06,00,20.4,-66.4,75,1
AL131985,KATE,1985,11,17,12,00,20.7,-67.3,75,1
AL131985,KATE,1985,11,17,18,00,21.1,-68.8,80,1
AL131985,KATE,1985,11,18,00,00,21.4,-70,80,1
AL131985,KATE,1985,11,18,06,00,21.6,-71.8,80,1
AL131985,KATE,1985,11,18,12,00,21.6,-73.3,80,1
AL131985,KATE,1985,11,18,18,00,21.9,-75.1,85,2
AL131985,KATE,1985,11,19,00,00,22.1,-76.8,95,2
AL131985,KATE,1985,11,19,06,00,22.1,-78.4,95,2
AL131985,KATE,1985,11,19,12,00,22.7,-80.2,90,2
AL131985,KATE,1985,11,19,18,00,23.2,-81.9,80,1
AL131985,KATE,1985,11,20,00,00,23.9,-83.5,85,2
AL131985,KATE,1985,11,20,06,00,24.6,-84.5,95,2
AL131985,KATE,1985,11,20,12,00,25.2,-85.3,105,3
AL131985,KATE,1985,11,20,18,00,26,-86,105,3
AL131985,KATE,1985,11,21,00,00,26.8,-86.5,105,3
AL131985,KATE,1985,11,21,06,00,27.5,-86.6,100,3
AL131985,KATE,1985,11,21,12,00,28.3,-86.5,95,2
AL131985,KATE,1985,11,21,18,00,29.2,-86.1,85,2
AL131985,KATE,1985,11,21,22,30,30,-85.4,85,2
AL131985,KATE,1985,11,22,00,00,30.2,-85.1,80,1
AL131985,KATE,1985,11,22,06,00,31.5,-83.5,65,1
AL131985,KATE,1985,11,22,12,00,32.5,-81.5,50,0
AL131985,KATE,1985,11,22,18,00,33.7,-79.2,45,0
AL131985,KATE,1985,11,23,00,00,34.7,-76.2,40,0
AL131985,KATE,1985,11,23,06,00,34.4,-73.5,35,0
AL131985,KATE,1985,11,23,12,00,34,-72,35,0
AL131985,KATE,1985,11,23,18,00,33.5,-70.5,35,0
