AL131953	UNNAMED	1953	11	23	06	00	22	-56.5	35	0
AL131953	UNNAMED	1953	11	23	12	00	22.8	-56.3	35	0
AL131953	UNNAMED	1953	11	23	18	00	23.8	-55.7	35	0
AL131953	UNNAMED	1953	11	24	00	00	24.9	-54.8	40	0
AL131953	UNNAMED	1953	11	24	06	00	26.2	-53.2	40	0
AL131953	UNNAMED	1953	11	24	12	00	27.5	-52	45	0
AL131953	UNNAMED	1953	11	24	18	00	28.3	-52.4	45	0
AL131953	UNNAMED	1953	11	25	00	00	28.7	-53.5	45	0
AL131953	UNNAMED	1953	11	25	06	00	28.8	-54.8	45	0
AL131953	UNNAMED	1953	11	25	12	00	29	-56	45	0
AL131953	UNNAMED	1953	11	25	18	00	29.4	-56.7	40	0
AL131953	UNNAMED	1953	11	26	00	00	30.2	-57.1	40	0
AL131953	UNNAMED	1953	11	26	06	00	31.2	-57.1	35	0
AL131953	UNNAMED	1953	11	26	12	00	32.2	-57.1	30	0
AL131953	UNNAMED	1953	11	26	18	00	33.4	-57.1	25	0
