id,name,year,month,day,hour,minute,lat,lon,max_sustained_wind_kts,sshws
AL131990,KLAUS,1990,10,03,12,00,15.6,-59.3,30,0
AL131990,KLAUS,1990,10,03,18,00,16.2,-59.6,35,0
AL131990,KLAUS,1990,10,04,00,00,16.4,-59.8,45,0
AL131990,KLAUS,1990,10,04,06,00,16.5,-60.1,50,0
AL131990,KLAUS,1990,10,04,12,00,16.6,-60.4,50,0
AL131990,KLAUS,1990,10,04,18,00,16.8,-60.7,55,0
AL131990,KLAUS,1990,10,05,00,00,16.9,-60.9,55,0
AL131990,KLAUS,1990,10,05,06,00,17,-61.1,60,0
AL131990,KLAUS,1990,10,05,12,00,17.2,-61.2,70,1
AL131990,KLAUS,1990,10,05,18,00,17.4,-61.4,70,1
AL131990,KLAUS,1990,10,06,00,00,17.7,-61.6,65,1
AL131990,KLAUS,1990,10,06,06,00,18.1,-61.8,60,0
AL131990,KLAUS,1990,10,06,12,00,18.3,-62.1,60,0
AL131990,KLAUS,1990,10,06,18,00,18.6,-62.3,55,0
AL131990,KLAUS,1990,10,07,00,00,18.7,-62.7,55,0
AL131990,KLAUS,1990,10,07,06,00,18.8,-63.1,55,0
AL131990,KLAUS,1990,10,07,12,00,18.9,-63.8,50,0
AL131990,KLAUS,1990,10,07,18,00,19.2,-64.9,40,0
AL131990,KLAUS,1990,10,08,00,00,19.7,-66.1,30,0
AL131990,KLAUS,1990,10,08,06,00,20.4,-67.5,30,0
AL131990,KLAUS,1990,10,08,12,00,21.1,-68.9,40,0
AL131990,KLAUS,1990,10,08,18,00,21.9,-70.1,45,0
AL131990,KLAUS,1990,10,09,00,00,22.6,-71.2,45,0
AL131990,KLAUS,1990,10,09,06,00,23.4,-72.3,45,0
AL131990,KLAUS,1990,10,09,12,00,24.5,-73.4,35,0
