AL132011	LEE	2011	09	02	00	00	26.6	-91.4	30	0
AL132011	LEE	2011	09	02	06	00	26.9	-91.4	30	0
AL132011	LEE	2011	09	02	12	00	27.2	-91.4	35	0
AL132011	LEE	2011	09	02	18	00	27.5	-91.4	40	0
AL132011	LEE	2011	09	03	00	00	28	-91.5	40	0
AL132011	LEE	2011	09	03	06	00	28.5	-91.8	45	0
AL132011	LEE	2011	09	03	12	00	29	-92	50	0
AL132011	LEE	2011	09	03	18	00	29.2	-92.2	45	0
AL132011	LEE	2011	09	04	00	00	29.4	-92.5	40	0
AL132011	LEE	2011	09	04	06	00	29.5	-92.5	40	0
AL132011	LEE	2011	09	04	09	00	29.5	-92.2	40	0
AL132011	LEE	2011	09	04	10	30	29.6	-92.1	40	0
AL132011	LEE	2011	09	04	12	00	29.7	-92	35	0
AL132011	LEE	2011	09	04	18	00	30.3	-91.8	35	0
AL132011	LEE	2011	09	05	00	00	30.4	-91.6	35	0
AL132011	LEE	2011	09	05	06	00	30.4	-91.4	35	0
AL132011	LEE	2011	09	05	12	00	30.6	-90.1	40	0
AL132011	LEE	2011	09	05	18	00	31.5	-88.3	40	0
AL132011	LEE	2011	09	06	00	00	32.6	-86.5	30	0
AL132011	LEE	2011	09	06	06	00	33.4	-85.3	20	0
AL132011	LEE	2011	09	06	12	00	34.2	-85.1	15	0
AL132011	LEE	2011	09	06	18	00	34.9	-85.3	15	0
