AL132002	LILI	2002	09	21	18	00	10.2	-44.6	25	0
AL132002	LILI	2002	09	22	00	00	10.3	-46.5	30	0
AL132002	LILI	2002	09	22	06	00	10.8	-48.5	30	0
AL132002	LILI	2002	09	22	12	00	11.2	-50.4	30	0
AL132002	LILI	2002	09	22	18	00	11.8	-52.2	30	0
AL132002	LILI	2002	09	23	00	00	12.1	-54.6	35	0
AL132002	LILI	2002	09	23	06	00	12.2	-56.8	40	0
AL132002	LILI	2002	09	23	12	00	12.4	-58.7	45	0
AL132002	LILI	2002	09	23	18	00	12.5	-60.4	50	0
AL132002	LILI	2002	09	24	00	00	12.7	-62.1	50	0
AL132002	LILI	2002	09	24	06	00	12.8	-63.7	50	0
AL132002	LILI	2002	09	24	12	00	13	-64.9	60	0
AL132002	LILI	2002	09	24	18	00	13.2	-66	50	0
AL132002	LILI	2002	09	25	00	00	13.5	-66.9	35	0
AL132002	LILI	2002	09	25	06	00	13.7	-67.5	35	0
AL132002	LILI	2002	09	25	12	00	14	-68.2	40	0
AL132002	LILI	2002	09	25	18	00	14.2	-68.9	40	0
AL132002	LILI	2002	09	26	00	00	14.5	-69.8	35	0
AL132002	LILI	2002	09	26	06	00	14.9	-71	35	0
AL132002	LILI	2002	09	26	12	00	15.3	-72.2	30	0
AL132002	LILI	2002	09	26	18	00	15.6	-73	30	0
AL132002	LILI	2002	09	27	00	00	15.7	-73.5	30	0
AL132002	LILI	2002	09	27	06	00	15.9	-74	30	0
AL132002	LILI	2002	09	27	12	00	16.1	-74.6	35	0
AL132002	LILI	2002	09	27	18	00	16.7	-75	40	0
AL132002	LILI	2002	09	28	00	00	17.4	-75.1	45	0
AL132002	LILI	2002	09	28	06	00	17.5	-75.6	45	0
AL132002	LILI	2002	09	28	12	00	18.1	-75.4	45	0
AL132002	LILI	2002	09	28	18	00	18.5	-75.7	45	0
AL132002	LILI	2002	09	29	00	00	18.8	-76.1	45	0
AL132002	LILI	2002	09	29	06	00	18.8	-76.8	40	0
AL132002	LILI	2002	09	29	12	00	18.7	-77.2	45	0
AL132002	LILI	2002	09	29	18	00	18.7	-77.6	50	0
AL132002	LILI	2002	09	30	00	00	19	-78.1	55	0
AL132002	LILI	2002	09	30	06	00	19.1	-78.7	60	0
AL132002	LILI	2002	09	30	12	00	19.6	-79.6	65	1
AL132002	LILI	2002	09	30	14	00	19.7	-79.8	65	1
AL132002	LILI	2002	09	30	18	00	20	-80.3	65	1
AL132002	LILI	2002	10	01	00	00	20.5	-81.1	70	1
AL132002	LILI	2002	10	01	06	00	21	-82.2	75	1
AL132002	LILI	2002	10	01	11	00	21.3	-83	90	2
AL132002	LILI	2002	10	01	12	00	21.6	-83.2	90	2
AL132002	LILI	2002	10	01	14	00	22.1	-84	90	2
AL132002	LILI	2002	10	01	18	00	22.4	-84.4	90	2
AL132002	LILI	2002	10	02	00	00	23	-85.7	90	2
AL132002	LILI	2002	10	02	06	00	23.6	-87.2	100	3
AL132002	LILI	2002	10	02	12	00	24.4	-88.3	110	3
AL132002	LILI	2002	10	02	18	00	25.4	-89.5	120	4
AL132002	LILI	2002	10	02	20	13	25.9	-89.9	125	4
AL132002	LILI	2002	10	03	00	00	26.7	-90.3	125	4
AL132002	LILI	2002	10	03	06	00	28.1	-91.4	105	3
AL132002	LILI	2002	10	03	12	00	29.2	-92.1	80	1
AL132002	LILI	2002	10	03	13	00	29.5	-92.2	80	1
AL132002	LILI	2002	10	03	18	00	30.5	-92.4	60	0
AL132002	LILI	2002	10	04	00	00	31.9	-92.1	40	0
AL132002	LILI	2002	10	04	06	00	33.5	-91.4	30	0
AL132002	LILI	2002	10	04	12	00	35.8	-90	25	0
