id,name,year,month,day,hour,minute,lat,lon,max_sustained_wind_kts,sshws
AL142013,MELISSA,2013,11,17,00,00,23.9,-52.4,35,0
AL142013,MELISSA,2013,11,17,06,00,24.3,-52.7,35,0
AL142013,MELISSA,2013,11,17,12,00,25,-52.9,35,0
AL142013,MELISSA,2013,11,17,18,00,26,-52.9,40,0
AL142013,MELISSA,2013,11,18,00,00,27.1,-52.7,45,0
AL142013,MELISSA,2013,11,18,06,00,28.3,-52.7,45,0
AL142013,MELISSA,2013,11,18,12,00,29.1,-53.4,50,0
AL142013,MELISSA,2013,11,18,18,00,29.7,-54,50,0
AL142013,MELISSA,2013,11,19,00,00,30.2,-54.5,50,0
AL142013,MELISSA,2013,11,19,06,00,30.8,-54.7,55,0
AL142013,MELISSA,2013,11,19,12,00,31.6,-54.7,55,0
AL142013,MELISSA,2013,11,19,18,00,32.5,-54.4,50,0
AL142013,MELISSA,2013,11,20,00,00,33.3,-53.2,45,0
AL142013,MELISSA,2013,11,20,06,00,34.1,-51.4,45,0
AL142013,MELISSA,2013,11,20,12,00,35.1,-49,45,0
AL142013,MELISSA,2013,11,20,18,00,36.3,-46.4,45,0
AL142013,MELISSA,2013,11,21,00,00,37.5,-43.5,45,0
AL142013,MELISSA,2013,11,21,06,00,38.8,-40,50,0
AL142013,MELISSA,2013,11,21,12,00,39.9,-36.6,55,0
AL142013,MELISSA,2013,11,21,18,00,40.7,-33.3,55,0
AL142013,MELISSA,2013,11,22,00,00,41.3,-30.2,50,0
AL142013,MELISSA,2013,11,22,06,00,41.6,-27.5,45,0
AL142013,MELISSA,2013,11,22,12,00,41.6,-24.7,40,0
AL142013,MELISSA,2013,11,22,18,00,41.3,-22,40,0
AL142013,MELISSA,2013,11,23,00,00,40.8,-19.5,35,0
AL142013,MELISSA,2013,11,23,06,00,40,-17.1,35,0
