id,name,year,month,day,hour,minute,lat,lon,max_sustained_wind_kts,sshws
AL141944,UNNAMED,1944,11,01,00,00,12.2,-81.3,30,0
AL141944,UNNAMED,1944,11,01,06,00,12.1,-81.4,35,0
AL141944,UNNAMED,1944,11,01,12,00,12,-81.5,40,0
AL141944,UNNAMED,1944,11,01,18,00,11.9,-81.7,45,0
AL141944,UNNAMED,1944,11,02,00,00,11.7,-82,50,0
AL141944,UNNAMED,1944,11,02,06,00,11.6,-82.3,55,0
AL141944,UNNAMED,1944,11,02,12,00,11.5,-82.5,60,0
AL141944,UNNAMED,1944,11,02,18,00,11.4,-82.5,60,0
AL141944,UNNAMED,1944,11,03,00,00,11.3,-82.4,50,0
AL141944,UNNAMED,1944,11,03,06,00,11.3,-82.2,40,0
AL141944,UNNAMED,1944,11,03,12,00,11.3,-82,30,0
AL141944,UNNAMED,1944,11,03,18,00,11.3,-81.8,25,0
