id,name,year,month,day,hour,minute,lat,lon,max_sustained_wind_kts,sshws
AL141936,UNNAMED,1936,09,09,12,00,19,-94,25,0
AL141936,UNNAMED,1936,09,09,18,00,19,-94.1,25,0
AL141936,UNNAMED,1936,09,10,00,00,19,-94.2,25,0
AL141936,UNNAMED,1936,09,10,06,00,19,-94.3,30,0
AL141936,UNNAMED,1936,09,10,12,00,19,-94.4,30,0
AL141936,UNNAMED,1936,09,10,18,00,19,-94.5,30,0
AL141936,UNNAMED,1936,09,11,00,00,19.1,-94.6,35,0
AL141936,UNNAMED,1936,09,11,06,00,19.3,-94.7,35,0
AL141936,UNNAMED,1936,09,11,12,00,19.6,-94.7,35,0
AL141936,UNNAMED,1936,09,11,18,00,20.1,-94.6,40,0
AL141936,UNNAMED,1936,09,12,00,00,20.7,-94.5,40,0
AL141936,UNNAMED,1936,09,12,06,00,21.5,-94.5,40,0
AL141936,UNNAMED,1936,09,12,12,00,22.4,-94.6,45,0
AL141936,UNNAMED,1936,09,12,18,00,23.4,-95.1,45,0
AL141936,UNNAMED,1936,09,13,00,00,24.4,-95.8,45,0
AL141936,UNNAMED,1936,09,13,06,00,25.3,-96.6,45,0
AL141936,UNNAMED,1936,09,13,12,00,26.2,-97.4,45,0
AL141936,UNNAMED,1936,09,13,18,00,26.9,-98.1,35,0
AL141936,UNNAMED,1936,09,14,00,00,27.5,-98.7,30,0
AL141936,UNNAMED,1936,09,14,06,00,28,-99.3,30,0
AL141936,UNNAMED,1936,09,14,12,00,28.4,-99.9,30,0
AL141936,UNNAMED,1936,09,14,18,00,28.8,-100.6,25,0
