AL141971	GINGER	1971	09	06	00	00	25.5	-71.5	25	0
AL141971	GINGER	1971	09	06	06	00	25.2	-71.2	25	0
AL141971	GINGER	1971	09	06	12	00	25	-71	25	0
AL141971	GINGER	1971	09	06	18	00	24.8	-70.8	25	0
AL141971	GINGER	1971	09	07	00	00	24.6	-70.5	25	0
AL141971	GINGER	1971	09	07	06	00	24.4	-70.3	25	0
AL141971	GINGER	1971	09	07	12	00	24.3	-69.9	25	0
AL141971	GINGER	1971	09	07	18	00	24.7	-69.3	25	0
AL141971	GINGER	1971	09	08	00	00	25.2	-68.8	25	0
AL141971	GINGER	1971	09	08	06	00	25.5	-68.5	25	0
AL141971	GINGER	1971	09	08	12	00	25.9	-68.2	25	0
AL141971	GINGER	1971	09	08	18	00	26.3	-68	25	0
AL141971	GINGER	1971	09	09	00	00	26.6	-67.9	25	0
AL141971	GINGER	1971	09	09	06	00	26.8	-67.7	25	0
AL141971	GINGER	1971	09	09	12	00	27	-67.6	25	0
AL141971	GINGER	1971	09	09	18	00	27.3	-67.4	30	0
AL141971	GINGER	1971	09	10	00	00	27.6	-67	30	0
AL141971	GINGER	1971	09	10	06	00	27.7	-66.6	30	0
AL141971	GINGER	1971	09	10	12	00	27.7	-66.1	40	0
AL141971	GINGER	1971	09	10	18	00	27.7	-65.5	45	0
AL141971	GINGER	1971	09	11	00	00	27.7	-65	50	0
AL141971	GINGER	1971	09	11	06	00	27.8	-64.2	55	0
AL141971	GINGER	1971	09	11	12	00	27.9	-63.3	65	1
AL141971	GINGER	1971	09	11	18	00	28.3	-62.4	65	1
AL141971	GINGER	1971	09	12	00	00	28.9	-61.6	70	1
AL141971	GINGER	1971	09	12	06	00	29.6	-60.7	75	1
AL141971	GINGER	1971	09	12	12	00	30.3	-59.9	75	1
AL141971	GINGER	1971	09	12	18	00	31.1	-59	80	1
AL141971	GINGER	1971	09	13	00	00	31.7	-58.2	80	1
AL141971	GINGER	1971	09	13	06	00	32.3	-57.2	85	2
AL141971	GINGER	1971	09	13	12	00	32.7	-56.1	85	2
AL141971	GINGER	1971	09	13	18	00	33	-54.9	90	2
AL141971	GINGER	1971	09	14	00	00	33.3	-53.3	95	2
AL141971	GINGER	1971	09	14	06	00	33.6	-52.7	90	2
AL141971	GINGER	1971	09	14	12	00	33.7	-50.1	85	2
AL141971	GINGER	1971	09	14	18	00	33.3	-48.3	80	1
AL141971	GINGER	1971	09	15	00	00	33	-48.4	75	1
AL141971	GINGER	1971	09	15	06	00	32.9	-48.7	75	1
AL141971	GINGER	1971	09	15	12	00	32.8	-49.1	70	1
AL141971	GINGER	1971	09	15	18	00	32.7	-49.4	70	1
AL141971	GINGER	1971	09	16	00	00	32.7	-49.6	70	1
AL141971	GINGER	1971	09	16	06	00	32.7	-49.8	70	1
AL141971	GINGER	1971	09	16	12	00	32.7	-50.1	65	1
AL141971	GINGER	1971	09	16	18	00	32.7	-50.5	65	1
AL141971	GINGER	1971	09	17	00	00	32.7	-51	65	1
AL141971	GINGER	1971	09	17	06	00	32.7	-51.5	65	1
AL141971	GINGER	1971	09	17	12	00	32.7	-51.9	65	1
AL141971	GINGER	1971	09	17	18	00	32.6	-52.2	65	1
AL141971	GINGER	1971	09	18	00	00	32.5	-52.4	65	1
AL141971	GINGER	1971	09	18	06	00	32.3	-52.6	65	1
AL141971	GINGER	1971	09	18	12	00	32.1	-52.8	65	1
AL141971	GINGER	1971	09	18	18	00	31.8	-52.8	65	1
AL141971	GINGER	1971	09	19	00	00	31.4	-52.6	65	1
AL141971	GINGER	1971	09	19	06	00	31	-52.2	65	1
AL141971	GINGER	1971	09	19	12	00	31	-51.7	65	1
AL141971	GINGER	1971	09	19	18	00	31.2	-51.6	65	1
AL141971	GINGER	1971	09	20	00	00	31.4	-51.7	65	1
AL141971	GINGER	1971	09	20	06	00	31.6	-51.8	65	1
AL141971	GINGER	1971	09	20	12	00	31.7	-52	65	1
AL141971	GINGER	1971	09	20	18	00	31.8	-52.4	65	1
AL141971	GINGER	1971	09	21	00	00	31.7	-53	65	1
AL141971	GINGER	1971	09	21	06	00	31.6	-53.5	65	1
AL141971	GINGER	1971	09	21	12	00	31.5	-54.2	65	1
AL141971	GINGER	1971	09	21	18	00	31.4	-55.2	65	1
AL141971	GINGER	1971	09	22	00	00	31.3	-56.5	65	1
AL141971	GINGER	1971	09	22	06	00	31.3	-57.8	65	1
AL141971	GINGER	1971	09	22	12	00	31.2	-59.2	65	1
AL141971	GINGER	1971	09	22	18	00	31.1	-60.3	80	1
AL141971	GINGER	1971	09	23	00	00	31	-61.5	80	1
AL141971	GINGER	1971	09	23	06	00	30.9	-62.8	80	1
AL141971	GINGER	1971	09	23	12	00	30.8	-64	75	1
AL141971	GINGER	1971	09	23	18	00	30.5	-65.1	75	1
AL141971	GINGER	1971	09	24	00	00	30.1	-66.2	75	1
AL141971	GINGER	1971	09	24	06	00	30	-67.1	75	1
AL141971	GINGER	1971	09	24	12	00	30	-67.5	70	1
AL141971	GINGER	1971	09	24	18	00	29.9	-67.8	70	1
AL141971	GINGER	1971	09	25	00	00	29.8	-68.2	70	1
AL141971	GINGER	1971	09	25	06	00	29.6	-68.4	70	1
AL141971	GINGER	1971	09	25	12	00	29.4	-68.5	75	1
AL141971	GINGER	1971	09	25	18	00	29.2	-68.6	75	1
AL141971	GINGER	1971	09	26	00	00	28.8	-68.8	75	1
AL141971	GINGER	1971	09	26	06	00	28.4	-69	70	1
AL141971	GINGER	1971	09	26	12	00	28.2	-69.3	65	1
AL141971	GINGER	1971	09	26	18	00	28	-69.7	70	1
AL141971	GINGER	1971	09	27	00	00	27.9	-70.2	70	1
AL141971	GINGER	1971	09	27	06	00	28	-70.4	75	1
AL141971	GINGER	1971	09	27	12	00	28.2	-70.6	80	1
AL141971	GINGER	1971	09	27	18	00	28.4	-70.9	80	1
AL141971	GINGER	1971	09	28	00	00	28.7	-71	80	1
AL141971	GINGER	1971	09	28	06	00	29.1	-71.1	80	1
AL141971	GINGER	1971	09	28	12	00	29.5	-71.3	80	1
AL141971	GINGER	1971	09	28	18	00	30	-71.7	85	2
AL141971	GINGER	1971	09	29	00	00	30.5	-72.2	85	2
AL141971	GINGER	1971	09	29	06	00	31	-72.8	90	2
AL141971	GINGER	1971	09	29	12	00	31.6	-73.5	90	2
AL141971	GINGER	1971	09	29	18	00	32.3	-74.4	90	2
AL141971	GINGER	1971	09	30	00	00	32.9	-75	85	2
AL141971	GINGER	1971	09	30	06	00	33.5	-75.5	80	1
AL141971	GINGER	1971	09	30	12	00	34	-76	75	1
AL141971	GINGER	1971	09	30	18	00	34.5	-76.5	65	1
AL141971	GINGER	1971	10	01	00	00	34.7	-77	60	0
AL141971	GINGER	1971	10	01	06	00	34.8	-77.5	55	0
AL141971	GINGER	1971	10	01	12	00	34.9	-78	45	0
AL141971	GINGER	1971	10	01	18	00	35.2	-78.2	30	0
AL141971	GINGER	1971	10	02	00	00	35.6	-78.3	30	0
AL141971	GINGER	1971	10	02	06	00	36.2	-78.2	30	0
AL141971	GINGER	1971	10	02	12	00	36.8	-78.1	30	0
AL141971	GINGER	1971	10	02	18	00	37.2	-77.7	30	0
AL141971	GINGER	1971	10	03	00	00	37.3	-76.8	30	0
AL141971	GINGER	1971	10	03	06	00	37.2	-75.9	30	0
AL141971	GINGER	1971	10	03	12	00	37	-75	30	0
AL141971	GINGER	1971	10	03	18	00	36.7	-74.1	30	0
AL141971	GINGER	1971	10	04	00	00	36.4	-73.3	30	0
AL141971	GINGER	1971	10	04	06	00	36.1	-72.7	30	0
AL141971	GINGER	1971	10	04	12	00	35.9	-72	25	0
AL141971	GINGER	1971	10	04	18	00	35.8	-71.3	25	0
AL141971	GINGER	1971	10	05	00	00	35.7	-70.6	25	0
AL141971	GINGER	1971	10	05	06	00	35.7	-69.9	25	0
