id,name,year,month,day,hour,minute,lat,lon,max_sustained_wind_kts,sshws
AL141974,FIFI,1974,09,14,12,00,15.3,-65,30,0
AL141974,FIFI,1974,09,14,18,00,15.7,-66.5,30,0
AL141974,FIFI,1974,09,15,00,00,16,-68,30,0
AL141974,FIFI,1974,09,15,06,00,16.3,-69.5,30,0
AL141974,FIFI,1974,09,15,12,00,16.5,-71,30,0
AL141974,FIFI,1974,09,15,18,00,16.8,-72.5,30,0
AL141974,FIFI,1974,09,16,00,00,17,-74,30,0
AL141974,FIFI,1974,09,16,06,00,17,-75.5,30,0
AL141974,FIFI,1974,09,16,12,00,17,-77,30,0
AL141974,FIFI,1974,09,16,18,00,17,-77.8,35,0
AL141974,FIFI,1974,09,17,00,00,17,-78.7,50,0
AL141974,FIFI,1974,09,17,06,00,16.9,-79.5,60,0
AL141974,FIFI,1974,09,17,12,00,16.6,-80.2,70,1
AL141974,FIFI,1974,09,17,18,00,16.4,-81,75,1
AL141974,FIFI,1974,09,18,00,00,16.3,-81.7,80,1
AL141974,FIFI,1974,09,18,06,00,16.3,-82.4,85,2
AL141974,FIFI,1974,09,18,12,00,16.3,-83.5,90,2
AL141974,FIFI,1974,09,18,18,00,16.3,-84.7,95,2
AL141974,FIFI,1974,09,19,00,00,16.2,-85.7,95,2
AL141974,FIFI,1974,09,19,06,00,16.1,-86.6,95,2
AL141974,FIFI,1974,09,19,12,00,16.1,-87.5,95,2
AL141974,FIFI,1974,09,19,18,00,16.3,-88.2,90,2
AL141974,FIFI,1974,09,20,00,00,16.7,-89.2,60,0
AL141974,FIFI,1974,09,20,06,00,16.8,-90.5,60,0
AL141974,FIFI,1974,09,20,12,00,16.9,-92,45,0
AL141974,FIFI,1974,09,20,18,00,17,-93.5,30,0
AL141974,FIFI,1974,09,21,00,00,17.2,-95,30,0
AL141974,FIFI,1974,09,21,06,00,17.5,-97.1,30,0
AL141974,FIFI,1974,09,21,12,00,17.5,-99,30,0
AL141974,FIFI,1974,09,21,18,00,17.6,-99.8,30,0
AL141974,FIFI,1974,09,22,00,00,17.5,-101,35,0
AL141974,FIFI,1974,09,22,06,00,17.7,-102.5,35,0
AL141974,FIFI,1974,09,22,12,00,17.7,-104.3,35,0
