id,name,year,month,day,hour,minute,lat,lon,max_sustained_wind_kts,sshws
AL141980,IVAN,1980,10,01,00,00,33.6,-20,25,0
AL141980,IVAN,1980,10,01,06,00,33.7,-20.7,25,0
AL141980,IVAN,1980,10,01,12,00,33.8,-21.5,25,0
AL141980,IVAN,1980,10,01,18,00,34.1,-22.2,25,0
AL141980,IVAN,1980,10,02,00,00,34.5,-22.8,25,0
AL141980,IVAN,1980,10,02,06,00,35,-23.3,25,0
AL141980,IVAN,1980,10,02,12,00,35.7,-23.7,25,0
AL141980,IVAN,1980,10,02,18,00,36.5,-23.8,25,0
AL141980,IVAN,1980,10,03,00,00,37.2,-23.5,25,0
AL141980,IVAN,1980,10,03,06,00,37.8,-23.1,25,0
AL141980,IVAN,1980,10,03,12,00,38.7,-22.5,25,0
AL141980,IVAN,1980,10,03,18,00,38.5,-21.4,25,0
AL141980,IVAN,1980,10,04,00,00,37.7,-21.8,25,0
AL141980,IVAN,1980,10,04,06,00,37,-22.7,25,0
AL141980,IVAN,1980,10,04,12,00,36.5,-23.5,30,0
AL141980,IVAN,1980,10,04,18,00,35.6,-24.6,40,0
AL141980,IVAN,1980,10,05,00,00,34.4,-25.7,50,0
AL141980,IVAN,1980,10,05,06,00,33.4,-26.8,55,0
AL141980,IVAN,1980,10,05,12,00,32.4,-28.3,60,0
AL141980,IVAN,1980,10,05,18,00,31.3,-29.6,60,0
AL141980,IVAN,1980,10,06,00,00,30.1,-30.5,65,1
AL141980,IVAN,1980,10,06,06,00,29.1,-31.1,75,1
AL141980,IVAN,1980,10,06,12,00,28.4,-31.3,85,2
AL141980,IVAN,1980,10,06,18,00,28.1,-31.1,90,2
AL141980,IVAN,1980,10,07,00,00,28,-30.7,90,2
AL141980,IVAN,1980,10,07,06,00,28.5,-30.6,90,2
AL141980,IVAN,1980,10,07,12,00,29.5,-31.7,90,2
AL141980,IVAN,1980,10,07,18,00,29.8,-32.7,90,2
AL141980,IVAN,1980,10,08,00,00,30,-34.4,90,2
AL141980,IVAN,1980,10,08,06,00,30.6,-36.2,90,2
AL141980,IVAN,1980,10,08,12,00,31.3,-37.4,90,2
AL141980,IVAN,1980,10,08,18,00,31.5,-39,90,2
AL141980,IVAN,1980,10,09,00,00,31.7,-40.5,90,2
AL141980,IVAN,1980,10,09,06,00,32.3,-41,90,2
AL141980,IVAN,1980,10,09,12,00,33.2,-41.1,90,2
AL141980,IVAN,1980,10,09,18,00,33.8,-41.2,90,2
AL141980,IVAN,1980,10,10,00,00,34.9,-40.7,90,2
AL141980,IVAN,1980,10,10,06,00,36.2,-40,90,2
AL141980,IVAN,1980,10,10,12,00,37.8,-39.1,90,2
AL141980,IVAN,1980,10,10,18,00,39.7,-37.9,80,1
AL141980,IVAN,1980,10,11,00,00,42,-36.1,75,1
AL141980,IVAN,1980,10,11,06,00,44.4,-34.1,70,1
AL141980,IVAN,1980,10,11,12,00,46.8,-31.5,65,1
AL141980,IVAN,1980,10,11,18,00,49.7,-27.5,65,1
AL141980,IVAN,1980,10,12,00,00,52.5,-24.5,60,0
