id,name,year,month,day,hour,minute,lat,lon,max_sustained_wind_kts,sshws
AL141998,NICOLE,1998,11,24,00,00,28.3,-28,30,0
AL141998,NICOLE,1998,11,24,06,00,27.9,-29.1,35,0
AL141998,NICOLE,1998,11,24,12,00,27.5,-30.1,45,0
AL141998,NICOLE,1998,11,24,18,00,27.2,-31.1,60,0
AL141998,NICOLE,1998,11,25,00,00,26.9,-32,60,0
AL141998,NICOLE,1998,11,25,06,00,26.6,-32.9,60,0
AL141998,NICOLE,1998,11,25,12,00,26.3,-33.7,55,0
AL141998,NICOLE,1998,11,25,18,00,26,-34.6,50,0
AL141998,NICOLE,1998,11,26,00,00,25.7,-35.4,40,0
AL141998,NICOLE,1998,11,26,06,00,25.5,-36.4,35,0
AL141998,NICOLE,1998,11,26,12,00,25.3,-37.3,30,0
AL141998,NICOLE,1998,11,26,18,00,25.2,-38.3,25,0
AL141998,NICOLE,1998,11,27,00,00,25.2,-39.2,25,0
AL141998,NICOLE,1998,11,27,06,00,25.3,-40.3,25,0
AL141998,NICOLE,1998,11,27,12,00,25.4,-41.7,30,0
AL141998,NICOLE,1998,11,27,18,00,25.6,-43,40,0
AL141998,NICOLE,1998,11,28,00,00,25.8,-44.1,50,0
AL141998,NICOLE,1998,11,28,06,00,26.3,-45.3,50,0
AL141998,NICOLE,1998,11,28,12,00,27.1,-46.2,50,0
AL141998,NICOLE,1998,11,28,18,00,28,-46.6,50,0
AL141998,NICOLE,1998,11,29,00,00,28.8,-46.5,45,0
AL141998,NICOLE,1998,11,29,06,00,30,-45.9,45,0
AL141998,NICOLE,1998,11,29,12,00,31,-44.9,55,0
AL141998,NICOLE,1998,11,29,18,00,31.8,-43.8,60,0
AL141998,NICOLE,1998,11,30,00,00,32.6,-42.6,65,1
AL141998,NICOLE,1998,11,30,06,00,33.1,-41.7,65,1
AL141998,NICOLE,1998,11,30,12,00,33.8,-40.5,65,1
AL141998,NICOLE,1998,11,30,18,00,34.3,-39.3,70,1
AL141998,NICOLE,1998,12,01,00,00,35.1,-37.9,75,1
AL141998,NICOLE,1998,12,01,06,00,37,-35.5,70,1
AL141998,NICOLE,1998,12,01,12,00,40.4,-34,60,0
AL141998,NICOLE,1998,12,01,18,00,43,-34,60,0
AL141998,NICOLE,1998,12,02,00,00,47,-34.5,50,0
AL141998,NICOLE,1998,12,02,06,00,49.5,-35.5,50,0
AL141998,NICOLE,1998,12,02,12,00,52,-37,50,0
