id,name,year,month,day,hour,minute,lat,lon,max_sustained_wind_kts,sshws
AL141981,FLOYD,1981,09,03,12,00,16.2,-60.3,20,0
AL141981,FLOYD,1981,09,03,18,00,16.7,-61.1,20,0
AL141981,FLOYD,1981,09,04,00,00,17.3,-61.9,20,0
AL141981,FLOYD,1981,09,04,06,00,18,-62.6,20,0
AL141981,FLOYD,1981,09,04,12,00,18.6,-63.3,30,0
AL141981,FLOYD,1981,09,04,18,00,19,-64,35,0
AL141981,FLOYD,1981,09,05,00,00,19.5,-64.7,45,0
AL141981,FLOYD,1981,09,05,06,00,20.1,-65.5,50,0
AL141981,FLOYD,1981,09,05,12,00,20.9,-66.2,60,0
AL141981,FLOYD,1981,09,05,18,00,21.7,-67.1,70,1
AL141981,FLOYD,1981,09,06,00,00,22.6,-67.7,80,1
AL141981,FLOYD,1981,09,06,06,00,23.6,-68.6,85,2
AL141981,FLOYD,1981,09,06,12,00,24.5,-69.1,90,2
AL141981,FLOYD,1981,09,06,18,00,25.5,-69.1,95,2
AL141981,FLOYD,1981,09,07,00,00,26.4,-69.1,100,3
AL141981,FLOYD,1981,09,07,06,00,27.5,-68.9,100,3
AL141981,FLOYD,1981,09,07,12,00,28.4,-68.5,100,3
AL141981,FLOYD,1981,09,07,18,00,29.3,-67.8,100,3
AL141981,FLOYD,1981,09,08,00,00,29.9,-67.2,95,2
AL141981,FLOYD,1981,09,08,06,00,30.6,-66.5,90,2
AL141981,FLOYD,1981,09,08,12,00,31.4,-65.6,85,2
AL141981,FLOYD,1981,09,08,18,00,32,-64.7,60,0
AL141981,FLOYD,1981,09,09,00,00,32.9,-63,50,0
AL141981,FLOYD,1981,09,09,06,00,33.7,-60.7,45,0
AL141981,FLOYD,1981,09,09,12,00,34.2,-58.5,45,0
AL141981,FLOYD,1981,09,09,18,00,33.8,-56.3,40,0
AL141981,FLOYD,1981,09,10,00,00,33.5,-54,40,0
AL141981,FLOYD,1981,09,10,06,00,33.6,-51.3,40,0
AL141981,FLOYD,1981,09,10,12,00,34,-48.7,40,0
AL141981,FLOYD,1981,09,10,18,00,34,-46.4,40,0
AL141981,FLOYD,1981,09,11,00,00,33.8,-44.1,40,0
AL141981,FLOYD,1981,09,11,06,00,34.5,-41.7,40,0
AL141981,FLOYD,1981,09,11,12,00,35.5,-39.7,40,0
AL141981,FLOYD,1981,09,11,18,00,36.6,-38.3,40,0
AL141981,FLOYD,1981,09,12,00,00,37.6,-36.9,40,0
AL141981,FLOYD,1981,09,12,06,00,39,-35.2,40,0
AL141981,FLOYD,1981,09,12,12,00,40.6,-33.4,35,0
