id,name,year,month,day,hour,minute,lat,lon,max_sustained_wind_kts,sshws
AL141976,UNNAMED,1976,09,13,12,00,28,-81.5,15,0
AL141976,UNNAMED,1976,09,13,18,00,28.7,-81.5,15,0
AL141976,UNNAMED,1976,09,14,00,00,29.5,-81.5,20,0
AL141976,UNNAMED,1976,09,14,06,00,30.2,-81.5,25,0
AL141976,UNNAMED,1976,09,14,12,00,31,-81.2,35,0
AL141976,UNNAMED,1976,09,14,18,00,31.6,-81,35,0
AL141976,UNNAMED,1976,09,15,00,00,32.2,-80.8,40,0
AL141976,UNNAMED,1976,09,15,06,00,33,-80.4,35,0
AL141976,UNNAMED,1976,09,15,12,00,33.8,-80,35,0
AL141976,UNNAMED,1976,09,15,18,00,34.6,-79.5,30,0
AL141976,UNNAMED,1976,09,16,00,00,35,-79,30,0
AL141976,UNNAMED,1976,09,16,06,00,35.5,-78.9,25,0
AL141976,UNNAMED,1976,09,16,12,00,36,-78.8,20,0
AL141976,UNNAMED,1976,09,16,18,00,36.5,-78.4,15,0
AL141976,UNNAMED,1976,09,17,00,00,37,-78,15,0
