id,name,year,month,day,hour,minute,lat,lon,max_sustained_wind_kts,sshws
AL141973,FRAN,1973,10,08,18,00,30,-65.8,30,0
AL141973,FRAN,1973,10,09,00,00,30.3,-63.9,30,0
AL141973,FRAN,1973,10,09,06,00,30.7,-62.3,40,0
AL141973,FRAN,1973,10,09,12,00,31,-60.2,45,0
AL141973,FRAN,1973,10,09,18,00,31.5,-57.8,55,0
AL141973,FRAN,1973,10,10,00,00,31.9,-55.2,65,1
AL141973,FRAN,1973,10,10,06,00,32.5,-51.7,65,1
AL141973,FRAN,1973,10,10,12,00,33.1,-48.1,65,1
AL141973,FRAN,1973,10,10,18,00,33.8,-44.9,65,1
AL141973,FRAN,1973,10,11,00,00,35.1,-41.9,65,1
AL141973,FRAN,1973,10,11,06,00,36.8,-38.3,70,1
AL141973,FRAN,1973,10,11,12,00,38.7,-34.5,70,1
AL141973,FRAN,1973,10,11,18,00,40.7,-30.2,70,1
AL141973,FRAN,1973,10,12,00,00,42.7,-25.8,70,1
AL141973,FRAN,1973,10,12,06,00,45.4,-21.5,65,1
AL141973,FRAN,1973,10,12,12,00,47.2,-16.4,65,1
AL141973,FRAN,1973,10,12,18,00,48,-13,65,1
AL141973,FRAN,1973,10,13,00,00,48.2,-10.2,65,1
AL141973,FRAN,1973,10,13,06,00,48.2,-8,65,1
AL141973,FRAN,1973,10,13,12,00,47.9,-6.5,65,1
