AL141995	UNNAMED	1995	09	09	12	00	17.9	-41.9	25	0
AL141995	UNNAMED	1995	09	09	18	00	18.3	-43.3	25	0
AL141995	UNNAMED	1995	09	10	00	00	18.7	-44.6	25	0
AL141995	UNNAMED	1995	09	10	06	00	19.1	-46.1	25	0
AL141995	UNNAMED	1995	09	10	12	00	20	-47.8	25	0
AL141995	UNNAMED	1995	09	10	18	00	20.8	-49.3	25	0
AL141995	UNNAMED	1995	09	11	00	00	21.7	-50.9	25	0
AL141995	UNNAMED	1995	09	11	06	00	22.6	-52.2	30	0
AL141995	UNNAMED	1995	09	11	12	00	23.4	-53.4	30	0
AL141995	UNNAMED	1995	09	11	18	00	24.3	-54.5	30	0
AL141995	UNNAMED	1995	09	12	00	00	25	-55.7	30	0
AL141995	UNNAMED	1995	09	12	06	00	25.5	-56.3	30	0
AL141995	UNNAMED	1995	09	12	12	00	25.8	-57.2	30	0
AL141995	UNNAMED	1995	09	12	18	00	26.3	-57.9	30	0
AL141995	UNNAMED	1995	09	13	00	00	26.5	-58.9	30	0
AL141995	UNNAMED	1995	09	13	06	00	26.4	-60	30	0
AL141995	UNNAMED	1995	09	13	12	00	25.8	-61.3	25	0
