AL142000	JOYCE	2000	09	25	12	00	11.2	-29.6	25	0
AL142000	JOYCE	2000	09	25	18	00	11.4	-30.7	30	0
AL142000	JOYCE	2000	09	26	00	00	11.5	-31.9	35	0
AL142000	JOYCE	2000	09	26	06	00	11.6	-33	35	0
AL142000	JOYCE	2000	09	26	12	00	11.6	-34.1	35	0
AL142000	JOYCE	2000	09	26	18	00	11.7	-35.3	40	0
AL142000	JOYCE	2000	09	27	00	00	12.1	-36.4	50	0
AL142000	JOYCE	2000	09	27	06	00	12.2	-37.6	55	0
AL142000	JOYCE	2000	09	27	12	00	12.4	-38.8	65	1
AL142000	JOYCE	2000	09	27	18	00	12.5	-40.1	70	1
AL142000	JOYCE	2000	09	28	00	00	12.4	-41.3	75	1
AL142000	JOYCE	2000	09	28	06	00	12.2	-42.5	80	1
AL142000	JOYCE	2000	09	28	12	00	11.7	-43.8	80	1
AL142000	JOYCE	2000	09	28	18	00	11.3	-45	75	1
AL142000	JOYCE	2000	09	29	00	00	10.9	-46.1	75	1
AL142000	JOYCE	2000	09	29	06	00	10.7	-47.2	70	1
AL142000	JOYCE	2000	09	29	12	00	10.5	-48.6	65	1
AL142000	JOYCE	2000	09	29	18	00	10.5	-50.1	60	0
AL142000	JOYCE	2000	09	30	00	00	10.4	-51.7	55	0
AL142000	JOYCE	2000	09	30	06	00	10.3	-53.3	50	0
AL142000	JOYCE	2000	09	30	12	00	10.3	-54.9	45	0
AL142000	JOYCE	2000	09	30	18	00	10.5	-56.6	40	0
AL142000	JOYCE	2000	10	01	00	00	10.7	-58	40	0
AL142000	JOYCE	2000	10	01	06	00	11	-59.5	35	0
AL142000	JOYCE	2000	10	01	12	00	11.3	-60.9	35	0
AL142000	JOYCE	2000	10	01	18	00	11.7	-62.3	30	0
AL142000	JOYCE	2000	10	02	00	00	11.9	-63.5	30	0
AL142000	JOYCE	2000	10	02	06	00	11.9	-64.9	25	0
