id,name,year,month,day,hour,minute,lat,lon,max_sustained_wind_kts,sshws
AL141916,UNNAMED,1916,10,09,06,00,18.5,-75.6,25,0
AL141916,UNNAMED,1916,10,09,12,00,18,-76,25,0
AL141916,UNNAMED,1916,10,09,18,00,17.6,-76.4,25,0
AL141916,UNNAMED,1916,10,10,00,00,17.2,-76.8,30,0
AL141916,UNNAMED,1916,10,10,06,00,16.8,-77.2,30,0
AL141916,UNNAMED,1916,10,10,12,00,16.5,-77.5,30,0
AL141916,UNNAMED,1916,10,10,18,00,16.3,-77.8,30,0
AL141916,UNNAMED,1916,10,11,00,00,16.1,-78,30,0
AL141916,UNNAMED,1916,10,11,06,00,16,-78.2,30,0
AL141916,UNNAMED,1916,10,11,12,00,16,-78.5,30,0
AL141916,UNNAMED,1916,10,11,18,00,16.1,-78.8,30,0
AL141916,UNNAMED,1916,10,12,00,00,16.3,-79,35,0
AL141916,UNNAMED,1916,10,12,06,00,16.4,-79.2,40,0
AL141916,UNNAMED,1916,10,12,12,00,16.5,-79.5,45,0
AL141916,UNNAMED,1916,10,12,18,00,16.5,-79.7,50,0
AL141916,UNNAMED,1916,10,13,00,00,16.5,-79.9,55,0
AL141916,UNNAMED,1916,10,13,06,00,16.5,-80.1,60,0
AL141916,UNNAMED,1916,10,13,12,00,16.5,-80.5,65,1
AL141916,UNNAMED,1916,10,13,18,00,16.5,-81.1,75,1
AL141916,UNNAMED,1916,10,14,00,00,16.5,-81.8,85,2
AL141916,UNNAMED,1916,10,14,06,00,16.7,-82.7,95,2
AL141916,UNNAMED,1916,10,14,12,00,17,-83.6,95,2
AL141916,UNNAMED,1916,10,14,18,00,17.3,-84.5,95,2
AL141916,UNNAMED,1916,10,15,00,00,17.7,-85.4,95,2
AL141916,UNNAMED,1916,10,15,06,00,18.1,-86.3,95,2
AL141916,UNNAMED,1916,10,15,12,00,18.6,-87.2,95,2
AL141916,UNNAMED,1916,10,15,18,00,19.1,-88.2,65,1
AL141916,UNNAMED,1916,10,16,00,00,19.7,-89,50,0
AL141916,UNNAMED,1916,10,16,06,00,20.3,-89.9,40,0
AL141916,UNNAMED,1916,10,16,12,00,21,-90.5,40,0
AL141916,UNNAMED,1916,10,16,18,00,21.7,-90.7,50,0
AL141916,UNNAMED,1916,10,17,00,00,22.4,-90.8,60,0
AL141916,UNNAMED,1916,10,17,06,00,23.2,-90.6,70,1
AL141916,UNNAMED,1916,10,17,12,00,24,-90.3,80,1
AL141916,UNNAMED,1916,10,17,18,00,25.2,-89.7,85,2
AL141916,UNNAMED,1916,10,18,00,00,26.5,-89,90,2
AL141916,UNNAMED,1916,10,18,06,00,27.9,-88.2,95,2
AL141916,UNNAMED,1916,10,18,12,00,29.6,-87.5,95,2
AL141916,UNNAMED,1916,10,18,14,00,30.4,-87.4,95,2
AL141916,UNNAMED,1916,10,18,18,00,31.6,-87.2,65,1
AL141916,UNNAMED,1916,10,19,00,00,33.9,-87.6,45,0
AL141916,UNNAMED,1916,10,19,06,00,36.2,-88.2,30,0
AL141916,UNNAMED,1916,10,19,12,00,38.5,-89,25,0
