id,name,year,month,day,hour,minute,lat,lon,max_sustained_wind_kts,sshws
AL141979,GLORIA,1979,09,04,12,00,15.5,-21,25,0
AL141979,GLORIA,1979,09,04,18,00,16.5,-22.5,25,0
AL141979,GLORIA,1979,09,05,00,00,17.5,-24,25,0
AL141979,GLORIA,1979,09,05,06,00,18.5,-25.5,25,0
AL141979,GLORIA,1979,09,05,12,00,19,-27,30,0
AL141979,GLORIA,1979,09,05,18,00,19.8,-28.8,30,0
AL141979,GLORIA,1979,09,06,00,00,20.5,-30.3,30,0
AL141979,GLORIA,1979,09,06,06,00,21.2,-32,30,0
AL141979,GLORIA,1979,09,06,12,00,22,-33.8,35,0
AL141979,GLORIA,1979,09,06,18,00,22.5,-35.5,45,0
AL141979,GLORIA,1979,09,07,00,00,23.2,-36.8,55,0
AL141979,GLORIA,1979,09,07,06,00,24.4,-37.2,65,1
AL141979,GLORIA,1979,09,07,12,00,25.6,-38,65,1
AL141979,GLORIA,1979,09,07,18,00,26.4,-38.7,70,1
AL141979,GLORIA,1979,09,08,00,00,27,-39.2,75,1
AL141979,GLORIA,1979,09,08,06,00,27.5,-40,75,1
AL141979,GLORIA,1979,09,08,12,00,28,-40.3,75,1
AL141979,GLORIA,1979,09,08,18,00,28.6,-41,75,1
AL141979,GLORIA,1979,09,09,00,00,29.3,-41.7,75,1
AL141979,GLORIA,1979,09,09,06,00,29.9,-42.5,75,1
AL141979,GLORIA,1979,09,09,12,00,30.4,-43.2,75,1
AL141979,GLORIA,1979,09,09,18,00,31,-44,70,1
AL141979,GLORIA,1979,09,10,00,00,31.5,-45,70,1
AL141979,GLORIA,1979,09,10,06,00,31.2,-45.8,65,1
AL141979,GLORIA,1979,09,10,12,00,31,-46.8,65,1
AL141979,GLORIA,1979,09,10,18,00,31.1,-47,60,0
AL141979,GLORIA,1979,09,11,00,00,31.3,-47.4,55,0
AL141979,GLORIA,1979,09,11,06,00,31.4,-47.9,55,0
AL141979,GLORIA,1979,09,11,12,00,31.6,-48.1,60,0
AL141979,GLORIA,1979,09,11,18,00,31.8,-48.4,65,1
AL141979,GLORIA,1979,09,12,00,00,32.2,-48.6,70,1
AL141979,GLORIA,1979,09,12,06,00,32.4,-48.6,75,1
AL141979,GLORIA,1979,09,12,12,00,32.8,-48.3,80,1
AL141979,GLORIA,1979,09,12,18,00,33.2,-47.8,85,2
AL141979,GLORIA,1979,09,13,00,00,33.9,-47,85,2
AL141979,GLORIA,1979,09,13,06,00,34.5,-46,85,2
AL141979,GLORIA,1979,09,13,12,00,35,-45,85,2
AL141979,GLORIA,1979,09,13,18,00,36,-43.8,80,1
AL141979,GLORIA,1979,09,14,00,00,37,-41.5,80,1
AL141979,GLORIA,1979,09,14,06,00,38.5,-39.5,75,1
AL141979,GLORIA,1979,09,14,12,00,40.2,-37.8,75,1
AL141979,GLORIA,1979,09,14,18,00,42,-35.8,70,1
AL141979,GLORIA,1979,09,15,00,00,43.4,-34,65,1
AL141979,GLORIA,1979,09,15,06,00,45,-32,60,0
