AL141972	CHARLIE	1972	09	19	12	00	37.5	-59.5	25	0
AL141972	CHARLIE	1972	09	19	18	00	38.5	-59.3	30	0
AL141972	CHARLIE	1972	09	20	00	00	39.5	-59	35	0
AL141972	CHARLIE	1972	09	20	06	00	40	-57.5	40	0
AL141972	CHARLIE	1972	09	20	12	00	40.7	-54.2	50	0
AL141972	CHARLIE	1972	09	20	18	00	41.7	-49.8	50	0
AL141972	CHARLIE	1972	09	21	00	00	42.8	-45.4	55	0
AL141972	CHARLIE	1972	09	21	06	00	46	-40	60	0
AL141972	CHARLIE	1972	09	21	12	00	49.5	-37	60	0
AL141972	CHARLIE	1972	09	21	18	00	52	-36	60	0
AL141972	CHARLIE	1972	09	22	00	00	54	-36	60	0
