AL142002	UNNAMED	2002	10	14	12	00	16.9	-82.6	30	0
AL142002	UNNAMED	2002	10	14	18	00	17.2	-83.1	30	0
AL142002	UNNAMED	2002	10	15	00	00	17.1	-83.2	30	0
AL142002	UNNAMED	2002	10	15	06	00	17.5	-83	30	0
AL142002	UNNAMED	2002	10	15	12	00	17.9	-82.8	30	0
AL142002	UNNAMED	2002	10	15	18	00	18.6	-82.5	30	0
AL142002	UNNAMED	2002	10	16	00	00	19.7	-82.2	30	0
AL142002	UNNAMED	2002	10	16	06	00	20.5	-81.6	30	0
AL142002	UNNAMED	2002	10	16	12	00	21.5	-81	30	0
AL142002	UNNAMED	2002	10	16	16	00	22	-80.7	25	0
AL142002	UNNAMED	2002	10	16	18	00	22.4	-80.5	25	0
