AL142001	LORENZO	2001	10	27	12	00	27.2	-34.9	30	0
AL142001	LORENZO	2001	10	27	18	00	27.5	-36.1	30	0
AL142001	LORENZO	2001	10	28	00	00	27.5	-37.4	30	0
AL142001	LORENZO	2001	10	28	06	00	27.5	-38.7	30	0
AL142001	LORENZO	2001	10	28	12	00	27.5	-39.8	30	0
AL142001	LORENZO	2001	10	28	18	00	27.5	-41	30	0
AL142001	LORENZO	2001	10	29	00	00	27.2	-41.3	30	0
AL142001	LORENZO	2001	10	29	06	00	27.7	-41.9	30	0
AL142001	LORENZO	2001	10	29	12	00	27.8	-42.7	30	0
AL142001	LORENZO	2001	10	29	18	00	28	-43.7	30	0
AL142001	LORENZO	2001	10	30	00	00	28.5	-44.6	35	0
AL142001	LORENZO	2001	10	30	06	00	29.4	-45.5	35	0
AL142001	LORENZO	2001	10	30	12	00	30.9	-45.6	35	0
AL142001	LORENZO	2001	10	30	18	00	32.8	-46	35	0
AL142001	LORENZO	2001	10	31	00	00	34.9	-44.9	35	0
AL142001	LORENZO	2001	10	31	06	00	37.4	-43.1	35	0
