AL142004	MATTHEW	2004	10	08	12	00	24	-95.4	30	0
AL142004	MATTHEW	2004	10	08	18	00	24.1	-94.2	35	0
AL142004	MATTHEW	2004	10	09	00	00	24.6	-93.7	40	0
AL142004	MATTHEW	2004	10	09	06	00	25.3	-93.2	35	0
AL142004	MATTHEW	2004	10	09	12	00	26.3	-92.8	35	0
AL142004	MATTHEW	2004	10	09	18	00	26.8	-92	40	0
AL142004	MATTHEW	2004	10	10	00	00	27.3	-91.4	40	0
AL142004	MATTHEW	2004	10	10	06	00	28.1	-91.2	40	0
AL142004	MATTHEW	2004	10	10	11	00	29.2	-91	35	0
AL142004	MATTHEW	2004	10	10	12	00	29.4	-90.9	30	0
AL142004	MATTHEW	2004	10	10	18	00	30.4	-90.9	25	0
AL142004	MATTHEW	2004	10	11	00	00	32	-91	25	0
AL142004	MATTHEW	2004	10	11	06	00	33.6	-91.9	20	0
