AL141975	FAYE	1975	09	18	06	00	17.5	-33.5	25	0
AL141975	FAYE	1975	09	18	12	00	17.8	-34.4	25	0
AL141975	FAYE	1975	09	18	18	00	18.3	-35.3	25	0
AL141975	FAYE	1975	09	19	00	00	19	-36.4	25	0
AL141975	FAYE	1975	09	19	06	00	19.6	-37.6	30	0
AL141975	FAYE	1975	09	19	12	00	20	-39	35	0
AL141975	FAYE	1975	09	19	18	00	20.4	-40.2	40	0
AL141975	FAYE	1975	09	20	00	00	20.5	-41.3	40	0
AL141975	FAYE	1975	09	20	06	00	20.5	-42.7	40	0
AL141975	FAYE	1975	09	20	12	00	20.3	-44	40	0
AL141975	FAYE	1975	09	20	18	00	20.2	-45.3	40	0
AL141975	FAYE	1975	09	21	00	00	20.3	-46.2	40	0
AL141975	FAYE	1975	09	21	06	00	20.3	-47	40	0
AL141975	FAYE	1975	09	21	12	00	20.3	-47.8	40	0
AL141975	FAYE	1975	09	21	18	00	20.4	-48.5	35	0
AL141975	FAYE	1975	09	22	00	00	20.5	-49.3	35	0
AL141975	FAYE	1975	09	22	06	00	20.5	-50	35	0
AL141975	FAYE	1975	09	22	12	00	20.4	-50.8	35	0
AL141975	FAYE	1975	09	22	18	00	20.4	-51.5	35	0
AL141975	FAYE	1975	09	23	00	00	20.4	-52.2	35	0
AL141975	FAYE	1975	09	23	06	00	20.3	-53.4	35	0
AL141975	FAYE	1975	09	23	12	00	20.4	-54.6	30	0
AL141975	FAYE	1975	09	23	18	00	20.6	-55.8	30	0
AL141975	FAYE	1975	09	24	00	00	20.8	-56.5	30	0
AL141975	FAYE	1975	09	24	06	00	21.5	-57.1	25	0
AL141975	FAYE	1975	09	24	12	00	22.4	-57	25	0
AL141975	FAYE	1975	09	24	18	00	23	-56.9	25	0
AL141975	FAYE	1975	09	25	00	00	23.8	-57.2	30	0
AL141975	FAYE	1975	09	25	06	00	24.2	-58.1	35	0
AL141975	FAYE	1975	09	25	12	00	24.8	-58.8	45	0
AL141975	FAYE	1975	09	25	18	00	25.5	-59.4	60	0
AL141975	FAYE	1975	09	26	00	00	26.5	-60	65	1
AL141975	FAYE	1975	09	26	06	00	27.9	-60.9	70	1
AL141975	FAYE	1975	09	26	12	00	29.6	-62	75	1
AL141975	FAYE	1975	09	26	18	00	31	-63.1	85	2
AL141975	FAYE	1975	09	27	00	00	32.7	-64.2	90	2
AL141975	FAYE	1975	09	27	06	00	34.4	-65.2	90	2
AL141975	FAYE	1975	09	27	12	00	36.1	-65.7	90	2
AL141975	FAYE	1975	09	27	18	00	37.4	-65	90	2
AL141975	FAYE	1975	09	28	00	00	38.4	-63.7	85	2
AL141975	FAYE	1975	09	28	06	00	39.8	-60.5	80	1
AL141975	FAYE	1975	09	28	12	00	41	-57.1	75	1
AL141975	FAYE	1975	09	28	18	00	42.3	-52	75	1
AL141975	FAYE	1975	09	29	00	00	42.8	-46	70	1
AL141975	FAYE	1975	09	29	06	00	42.9	-40	65	1
AL141975	FAYE	1975	09	29	12	00	43	-34	60	0
