AL141989	JERRY	1989	10	12	12	00	19.4	-92.4	25	0
AL141989	JERRY	1989	10	12	18	00	19.8	-92.7	30	0
AL141989	JERRY	1989	10	13	00	00	20.4	-93	35	0
AL141989	JERRY	1989	10	13	06	00	21	-93.2	40	0
AL141989	JERRY	1989	10	13	12	00	21.7	-93.3	45	0
AL141989	JERRY	1989	10	13	18	00	22.6	-93.4	50	0
AL141989	JERRY	1989	10	14	00	00	23.5	-93.5	55	0
AL141989	JERRY	1989	10	14	06	00	24.2	-93.3	55	0
AL141989	JERRY	1989	10	14	12	00	24.6	-93.1	55	0
AL141989	JERRY	1989	10	14	18	00	25	-92.8	55	0
AL141989	JERRY	1989	10	15	00	00	25.8	-93.1	55	0
AL141989	JERRY	1989	10	15	06	00	26.5	-93.4	55	0
AL141989	JERRY	1989	10	15	12	00	27.3	-94	60	0
AL141989	JERRY	1989	10	15	18	00	28.1	-94.6	65	1
AL141989	JERRY	1989	10	15	21	00	28.6	-94.8	70	1
AL141989	JERRY	1989	10	16	00	00	29.1	-95	75	1
AL141989	JERRY	1989	10	16	00	30	29.2	-95	75	1
AL141989	JERRY	1989	10	16	06	00	30.4	-94.9	35	0
AL141989	JERRY	1989	10	16	12	00	32	-94.5	20	0
AL141989	JERRY	1989	10	16	18	00	33.8	-93.8	15	0
