id,name,year,month,day,hour,minute,lat,lon,max_sustained_wind_kts,sshws
AL142011,MARIA,2011,09,06,18,00,11.5,-35.9,30,0
AL142011,MARIA,2011,09,07,00,00,11.9,-37.5,35,0
AL142011,MARIA,2011,09,07,06,00,12.3,-39.1,40,0
AL142011,MARIA,2011,09,07,12,00,12.8,-41,45,0
AL142011,MARIA,2011,09,07,18,00,13,-43,45,0
AL142011,MARIA,2011,09,08,00,00,13.2,-45.2,45,0
AL142011,MARIA,2011,09,08,06,00,13.2,-47.7,45,0
AL142011,MARIA,2011,09,08,12,00,13,-50.1,40,0
AL142011,MARIA,2011,09,08,18,00,13.2,-52.1,40,0
AL142011,MARIA,2011,09,09,00,00,13.5,-53.7,40,0
AL142011,MARIA,2011,09,09,06,00,13.9,-55.2,40,0
AL142011,MARIA,2011,09,09,12,00,14.3,-56.6,45,0
AL142011,MARIA,2011,09,09,18,00,14.9,-57.9,45,0
AL142011,MARIA,2011,09,10,00,00,15.4,-59,45,0
AL142011,MARIA,2011,09,10,06,00,16,-60,45,0
AL142011,MARIA,2011,09,10,12,00,16.9,-61.1,45,0
AL142011,MARIA,2011,09,10,18,00,17.8,-62,45,0
AL142011,MARIA,2011,09,11,00,00,18.3,-62.7,45,0
AL142011,MARIA,2011,09,11,06,00,18.7,-63.4,50,0
AL142011,MARIA,2011,09,11,12,00,19.1,-64.1,50,0
AL142011,MARIA,2011,09,11,18,00,19.6,-64.7,50,0
AL142011,MARIA,2011,09,12,00,00,20,-65.3,50,0
AL142011,MARIA,2011,09,12,06,00,20.4,-66.1,50,0
AL142011,MARIA,2011,09,12,12,00,20.6,-66.9,50,0
AL142011,MARIA,2011,09,12,18,00,20.8,-67.1,50,0
AL142011,MARIA,2011,09,13,00,00,21,-67.3,45,0
AL142011,MARIA,2011,09,13,06,00,21.3,-67.5,45,0
AL142011,MARIA,2011,09,13,12,00,21.7,-67.7,45,0
AL142011,MARIA,2011,09,13,18,00,22.3,-68,45,0
AL142011,MARIA,2011,09,14,00,00,23.1,-68.5,45,0
AL142011,MARIA,2011,09,14,06,00,23.9,-69,50,0
AL142011,MARIA,2011,09,14,12,00,24.7,-69.3,50,0
AL142011,MARIA,2011,09,14,18,00,25.8,-69.3,55,0
AL142011,MARIA,2011,09,15,00,00,27.2,-68.9,60,0
AL142011,MARIA,2011,09,15,06,00,28.8,-68.4,60,0
AL142011,MARIA,2011,09,15,12,00,30.9,-67.8,60,0
AL142011,MARIA,2011,09,15,18,00,33.7,-66.9,65,1
AL142011,MARIA,2011,09,16,00,00,36.8,-64.8,70,1
AL142011,MARIA,2011,09,16,06,00,39.8,-62.1,70,1
AL142011,MARIA,2011,09,16,12,00,42.9,-58.2,65,1
AL142011,MARIA,2011,09,16,18,00,46.7,-53.9,60,0
AL142011,MARIA,2011,09,16,18,30,47,-53.5,60,0
