id,name,year,month,day,hour,minute,lat,lon,max_sustained_wind_kts,sshws
AL141978,UNNAMED,1978,09,08,12,00,23,-94,20,0
AL141978,UNNAMED,1978,09,08,18,00,23.3,-94.5,25,0
AL141978,UNNAMED,1978,09,09,00,00,23.5,-95,25,0
AL141978,UNNAMED,1978,09,09,06,00,23.8,-95.5,30,0
AL141978,UNNAMED,1978,09,09,12,00,24,-96,30,0
AL141978,UNNAMED,1978,09,09,18,00,23.9,-96.5,30,0
AL141978,UNNAMED,1978,09,10,00,00,23.7,-97,30,0
AL141978,UNNAMED,1978,09,10,06,00,23.6,-97.5,25,0
AL141978,UNNAMED,1978,09,10,12,00,23.5,-98,20,0
AL141978,UNNAMED,1978,09,10,18,00,24,-98.5,-99,0
