id,name,year,month,day,hour,minute,lat,lon,max_sustained_wind_kts,sshws
AL141887,UNNAMED,1887,10,10,06,00,28.2,-39,35,0
AL141887,UNNAMED,1887,10,10,12,00,29,-40,45,0
AL141887,UNNAMED,1887,10,10,18,00,30.1,-40.2,55,0
AL141887,UNNAMED,1887,10,11,00,00,31.3,-40.2,65,1
AL141887,UNNAMED,1887,10,11,06,00,32.5,-40.1,75,1
AL141887,UNNAMED,1887,10,11,12,00,33.7,-40,75,1
AL141887,UNNAMED,1887,10,11,18,00,35.2,-39.9,75,1
AL141887,UNNAMED,1887,10,12,00,00,36.8,-39.8,75,1
AL141887,UNNAMED,1887,10,12,06,00,38.4,-39.7,75,1
AL141887,UNNAMED,1887,10,12,12,00,40,-39.5,60,0
AL141887,UNNAMED,1887,10,12,18,00,41.2,-38.1,35,0
