id,name,year,month,day,hour,minute,lat,lon,max_sustained_wind_kts,sshws
AL142008,NANA,2008,10,12,06,00,15.5,-36.6,30,0
AL142008,NANA,2008,10,12,12,00,16,-37.1,35,0
AL142008,NANA,2008,10,12,18,00,16.4,-37.7,35,0
AL142008,NANA,2008,10,13,00,00,16.5,-38.4,35,0
AL142008,NANA,2008,10,13,06,00,16.6,-39,35,0
AL142008,NANA,2008,10,13,12,00,16.8,-39.6,30,0
AL142008,NANA,2008,10,13,18,00,17.2,-40.3,30,0
AL142008,NANA,2008,10,14,00,00,17.6,-41.5,30,0
AL142008,NANA,2008,10,14,06,00,18,-42.7,30,0
AL142008,NANA,2008,10,14,12,00,18.3,-44,25,0
AL142008,NANA,2008,10,14,18,00,18.6,-45,25,0
AL142008,NANA,2008,10,15,00,00,19.4,-46.1,25,0
AL142008,NANA,2008,10,15,06,00,20.5,-47.1,25,0
AL142008,NANA,2008,10,15,12,00,22,-48,20,0
