id,name,year,month,day,hour,minute,lat,lon,max_sustained_wind_kts,sshws
AL142003,UNNAMED,2003,09,08,06,00,11.6,-21.7,25,0
AL142003,UNNAMED,2003,09,08,12,00,11.4,-22.2,25,0
AL142003,UNNAMED,2003,09,08,18,00,11.2,-22.6,25,0
AL142003,UNNAMED,2003,09,09,00,00,11.2,-23,25,0
AL142003,UNNAMED,2003,09,09,06,00,11.6,-23.6,25,0
AL142003,UNNAMED,2003,09,09,12,00,12.4,-24.4,30,0
AL142003,UNNAMED,2003,09,09,18,00,13.6,-24.9,30,0
AL142003,UNNAMED,2003,09,10,00,00,14.6,-25,25,0
AL142003,UNNAMED,2003,09,10,06,00,15.3,-25.1,25,0
AL142003,UNNAMED,2003,09,10,12,00,15.9,-25.2,25,0
