AL151969	UNNAMED	1969	09	05	00	00	14.9	-17	25	0
AL151969	UNNAMED	1969	09	05	06	00	14.9	-17.9	25	0
AL151969	UNNAMED	1969	09	05	12	00	15	-18.9	25	0
AL151969	UNNAMED	1969	09	05	18	00	15.2	-19.9	25	0
AL151969	UNNAMED	1969	09	06	00	00	15.9	-21	25	0
AL151969	UNNAMED	1969	09	06	06	00	15.9	-21.9	25	0
AL151969	UNNAMED	1969	09	06	12	00	16	-23.9	30	0
AL151969	UNNAMED	1969	09	06	18	00	16.5	-25.3	30	0
AL151969	UNNAMED	1969	09	07	00	00	16.5	-26.5	30	0
AL151969	UNNAMED	1969	09	07	06	00	16.6	-27.1	30	0
AL151969	UNNAMED	1969	09	07	12	00	16.6	-28.3	30	0
AL151969	UNNAMED	1969	09	07	18	00	16.6	-29.8	30	0
AL151969	UNNAMED	1969	09	08	00	00	16.6	-30.9	30	0
AL151969	UNNAMED	1969	09	08	06	00	16.9	-32.1	30	0
AL151969	UNNAMED	1969	09	08	12	00	16.9	-34.5	30	0
AL151969	UNNAMED	1969	09	08	18	00	17	-36.5	30	0
AL151969	UNNAMED	1969	09	09	00	00	17	-37.1	25	0
AL151969	UNNAMED	1969	09	09	06	00	16.9	-39.3	25	0
AL151969	UNNAMED	1969	09	09	12	00	16.9	-41	25	0
AL151969	UNNAMED	1969	09	09	18	00	16.9	-43.5	25	0
AL151969	UNNAMED	1969	09	10	00	00	16.9	-45	25	0
