id,name,year,month,day,hour,minute,lat,lon,max_sustained_wind_kts,sshws
AL151936,UNNAMED,1936,09,18,18,00,19,-59.7,30,0
AL151936,UNNAMED,1936,09,19,00,00,19.5,-61,35,0
AL151936,UNNAMED,1936,09,19,06,00,20,-62.2,40,0
AL151936,UNNAMED,1936,09,19,12,00,20.5,-63.4,45,0
AL151936,UNNAMED,1936,09,19,18,00,21.1,-64.5,45,0
AL151936,UNNAMED,1936,09,20,00,00,21.8,-65.6,50,0
AL151936,UNNAMED,1936,09,20,06,00,22.5,-66.7,60,0
AL151936,UNNAMED,1936,09,20,12,00,23.3,-67.8,65,1
AL151936,UNNAMED,1936,09,20,18,00,24.1,-68.5,70,1
AL151936,UNNAMED,1936,09,21,00,00,24.9,-69.1,75,1
AL151936,UNNAMED,1936,09,21,06,00,25.7,-69.5,80,1
AL151936,UNNAMED,1936,09,21,12,00,26.5,-69.9,85,2
AL151936,UNNAMED,1936,09,21,18,00,27,-70.3,90,2
AL151936,UNNAMED,1936,09,22,00,00,27.5,-70.7,90,2
AL151936,UNNAMED,1936,09,22,06,00,27.9,-70.7,90,2
AL151936,UNNAMED,1936,09,22,12,00,28.3,-70.2,90,2
AL151936,UNNAMED,1936,09,22,18,00,29,-69.7,90,2
AL151936,UNNAMED,1936,09,23,00,00,29.7,-69.1,90,2
AL151936,UNNAMED,1936,09,23,06,00,30.4,-68.7,85,2
AL151936,UNNAMED,1936,09,23,12,00,31.1,-68.4,85,2
AL151936,UNNAMED,1936,09,23,18,00,32.4,-68.4,80,1
AL151936,UNNAMED,1936,09,24,00,00,34.3,-68.5,80,1
AL151936,UNNAMED,1936,09,24,06,00,36.3,-68.8,75,1
AL151936,UNNAMED,1936,09,24,12,00,38.2,-69,75,1
AL151936,UNNAMED,1936,09,24,18,00,40.2,-68,70,1
AL151936,UNNAMED,1936,09,25,00,00,42.2,-66,65,1
AL151936,UNNAMED,1936,09,25,06,00,44.5,-63.8,60,0
AL151936,UNNAMED,1936,09,25,12,00,48.3,-59.8,55,0
