id,name,year,month,day,hour,minute,lat,lon,max_sustained_wind_kts,sshws
AL151950,UNNAMED,1950,10,27,12,00,26,-26,35,0
AL151950,UNNAMED,1950,10,27,18,00,26.7,-26.6,40,0
AL151950,UNNAMED,1950,10,28,00,00,27.3,-27.2,45,0
AL151950,UNNAMED,1950,10,28,06,00,27.7,-27.9,45,0
AL151950,UNNAMED,1950,10,28,12,00,28,-28.6,45,0
AL151950,UNNAMED,1950,10,28,18,00,28,-29.4,40,0
AL151950,UNNAMED,1950,10,29,00,00,27.9,-30.3,35,0
AL151950,UNNAMED,1950,10,29,06,00,27.8,-31.3,30,0
AL151950,UNNAMED,1950,10,29,12,00,27.5,-32.5,30,0
AL151950,UNNAMED,1950,10,29,18,00,27,-33.8,30,0
