AL151933	UNNAMED	1933	09	24	12	00	29.4	-35	45	0
AL151933	UNNAMED	1933	09	24	18	00	30.9	-35.5	50	0
AL151933	UNNAMED	1933	09	25	00	00	32.4	-36	55	0
AL151933	UNNAMED	1933	09	25	06	00	33.8	-36.5	55	0
AL151933	UNNAMED	1933	09	25	12	00	35.1	-37	60	0
AL151933	UNNAMED	1933	09	25	18	00	36.3	-37.2	60	0
AL151933	UNNAMED	1933	09	26	00	00	37.4	-37	65	1
AL151933	UNNAMED	1933	09	26	06	00	38.5	-36.5	65	1
AL151933	UNNAMED	1933	09	26	12	00	40	-35.8	65	1
AL151933	UNNAMED	1933	09	26	18	00	41.8	-35.1	60	0
AL151933	UNNAMED	1933	09	27	00	00	43.7	-34.3	60	0
AL151933	UNNAMED	1933	09	27	06	00	45.7	-33.5	55	0
AL151933	UNNAMED	1933	09	27	12	00	47.5	-32.4	55	0
AL151933	UNNAMED	1933	09	27	18	00	49.1	-30.9	55	0
AL151933	UNNAMED	1933	09	28	00	00	50.7	-29.1	55	0
AL151933	UNNAMED	1933	09	28	06	00	52.3	-27	55	0
AL151933	UNNAMED	1933	09	28	12	00	53.5	-24.6	45	0
