id,name,year,month,day,hour,minute,lat,lon,max_sustained_wind_kts,sshws
AL151980,UNNAMED,1980,10,16,00,00,16.2,-85.2,20,0
AL151980,UNNAMED,1980,10,16,06,00,16.2,-85.5,25,0
AL151980,UNNAMED,1980,10,16,12,00,16.2,-85.9,25,0
AL151980,UNNAMED,1980,10,16,18,00,16.2,-86.3,25,0
AL151980,UNNAMED,1980,10,17,00,00,16.2,-86.6,25,0
AL151980,UNNAMED,1980,10,17,06,00,16.2,-86.8,25,0
AL151980,UNNAMED,1980,10,17,12,00,16.3,-87,25,0
AL151980,UNNAMED,1980,10,17,18,00,16.4,-87.4,20,0
AL151980,UNNAMED,1980,10,18,00,00,16.5,-87.8,20,0
