AL151970	UNNAMED	1970	09	23	12	00	9	-15	20	0
AL151970	UNNAMED	1970	09	23	18	00	9	-16.5	20	0
AL151970	UNNAMED	1970	09	24	00	00	9	-18	25	0
AL151970	UNNAMED	1970	09	24	06	00	9	-19.5	25	0
AL151970	UNNAMED	1970	09	24	12	00	9	-21	25	0
AL151970	UNNAMED	1970	09	24	18	00	9.2	-22.8	25	0
AL151970	UNNAMED	1970	09	25	00	00	9.5	-24.5	30	0
AL151970	UNNAMED	1970	09	25	06	00	9.8	-26.2	30	0
AL151970	UNNAMED	1970	09	25	12	00	10	-28	30	0
AL151970	UNNAMED	1970	09	25	18	00	10.2	-29.5	30	0
AL151970	UNNAMED	1970	09	26	00	00	10.5	-31	30	0
AL151970	UNNAMED	1970	09	26	06	00	10.8	-32.5	30	0
AL151970	UNNAMED	1970	09	26	12	00	11	-34	30	0
AL151970	UNNAMED	1970	09	26	18	00	11	-35.8	30	0
AL151970	UNNAMED	1970	09	27	00	00	11	-37.5	30	0
AL151970	UNNAMED	1970	09	27	06	00	11	-39.2	30	0
AL151970	UNNAMED	1970	09	27	12	00	11	-41	30	0
AL151970	UNNAMED	1970	09	27	18	00	11.1	-42.8	30	0
AL151970	UNNAMED	1970	09	28	00	00	11.2	-44.7	30	0
AL151970	UNNAMED	1970	09	28	06	00	11.3	-46.6	30	0
AL151970	UNNAMED	1970	09	28	12	00	11.5	-48.5	30	0
AL151970	UNNAMED	1970	09	28	18	00	11.8	-50.1	30	0
AL151970	UNNAMED	1970	09	29	00	00	12.2	-51.7	30	0
AL151970	UNNAMED	1970	09	29	06	00	12.6	-53.4	30	0
AL151970	UNNAMED	1970	09	29	12	00	13	-55	30	0
AL151970	UNNAMED	1970	09	29	18	00	13.1	-55.8	30	0
AL151970	UNNAMED	1970	09	30	00	00	13.2	-56.7	30	0
AL151970	UNNAMED	1970	09	30	06	00	13.3	-57.6	30	0
AL151970	UNNAMED	1970	09	30	12	00	13.5	-58.5	30	0
AL151970	UNNAMED	1970	09	30	18	00	13.6	-59.1	30	0
AL151970	UNNAMED	1970	10	01	00	00	13.7	-59.7	30	0
AL151970	UNNAMED	1970	10	01	06	00	13.8	-60.2	30	0
AL151970	UNNAMED	1970	10	01	12	00	14	-61	30	0
AL151970	UNNAMED	1970	10	01	18	00	14	-61.6	30	0
AL151970	UNNAMED	1970	10	02	00	00	14	-62.2	30	0
AL151970	UNNAMED	1970	10	02	06	00	14	-62.8	30	0
AL151970	UNNAMED	1970	10	02	12	00	14	-63.5	30	0
AL151970	UNNAMED	1970	10	02	18	00	14	-64.2	30	0
AL151970	UNNAMED	1970	10	03	00	00	14	-65	30	0
AL151970	UNNAMED	1970	10	03	06	00	14	-65.8	30	0
AL151970	UNNAMED	1970	10	03	12	00	14	-66.5	30	0
AL151970	UNNAMED	1970	10	03	18	00	14.1	-67.1	30	0
AL151970	UNNAMED	1970	10	04	00	00	14.2	-67.7	30	0
AL151970	UNNAMED	1970	10	04	06	00	14.3	-68.2	30	0
AL151970	UNNAMED	1970	10	04	12	00	14.5	-69	30	0
AL151970	UNNAMED	1970	10	04	18	00	14.6	-69	30	0
AL151970	UNNAMED	1970	10	05	00	00	14.7	-69	30	0
AL151970	UNNAMED	1970	10	05	06	00	14.8	-69	30	0
AL151970	UNNAMED	1970	10	05	12	00	15	-70	30	0
AL151970	UNNAMED	1970	10	05	18	00	15.3	-70.2	30	0
AL151970	UNNAMED	1970	10	06	00	00	15.7	-70.3	30	0
AL151970	UNNAMED	1970	10	06	06	00	16.1	-70.4	30	0
AL151970	UNNAMED	1970	10	06	12	00	16.5	-70.5	30	0
AL151970	UNNAMED	1970	10	06	18	00	16.6	-70.5	30	0
AL151970	UNNAMED	1970	10	07	00	00	16.7	-70.5	30	0
AL151970	UNNAMED	1970	10	07	06	00	16.8	-70.5	30	0
AL151970	UNNAMED	1970	10	07	12	00	17	-70.5	30	0
AL151970	UNNAMED	1970	10	07	18	00	17.6	-70.4	30	0
AL151970	UNNAMED	1970	10	08	00	00	18.2	-70.3	25	0
AL151970	UNNAMED	1970	10	08	06	00	18.8	-70.2	25	0
AL151970	UNNAMED	1970	10	08	12	00	19.5	-70	25	0
AL151970	UNNAMED	1970	10	08	18	00	20.4	-69.5	25	0
AL151970	UNNAMED	1970	10	09	00	00	21.3	-69	25	0
AL151970	UNNAMED	1970	10	09	06	00	22.1	-68.5	25	0
AL151970	UNNAMED	1970	10	09	12	00	23	-68	25	0
AL151970	UNNAMED	1970	10	09	18	00	23.6	-66.4	25	0
AL151970	UNNAMED	1970	10	10	00	00	24.2	-64.8	25	0
AL151970	UNNAMED	1970	10	10	06	00	24.8	-63.2	25	0
AL151970	UNNAMED	1970	10	10	12	00	25.5	-61.5	25	0
AL151970	UNNAMED	1970	10	10	18	00	25.7	-59.9	20	0
AL151970	UNNAMED	1970	10	11	00	00	26	-58	20	0
AL151970	UNNAMED	1970	10	11	06	00	26.3	-56.3	20	0
AL151970	UNNAMED	1970	10	11	12	00	26.5	-54.5	20	0
