id,name,year,month,day,hour,minute,lat,lon,max_sustained_wind_kts,sshws
AL151916,UNNAMED,1916,11,11,00,00,12.3,-75.5,30,0
AL151916,UNNAMED,1916,11,11,06,00,12.4,-76.5,30,0
AL151916,UNNAMED,1916,11,11,12,00,12.5,-77.5,30,0
AL151916,UNNAMED,1916,11,11,18,00,12.6,-78.5,30,0
AL151916,UNNAMED,1916,11,12,00,00,12.7,-79.5,35,0
AL151916,UNNAMED,1916,11,12,06,00,12.8,-80.5,35,0
AL151916,UNNAMED,1916,11,12,12,00,13,-81.5,40,0
AL151916,UNNAMED,1916,11,12,18,00,13.6,-82.5,45,0
AL151916,UNNAMED,1916,11,13,00,00,14.6,-83.4,40,0
AL151916,UNNAMED,1916,11,13,06,00,15.7,-84.1,35,0
AL151916,UNNAMED,1916,11,13,12,00,16.8,-84.7,45,0
AL151916,UNNAMED,1916,11,13,18,00,17.7,-85.2,50,0
AL151916,UNNAMED,1916,11,14,00,00,18.6,-85.6,55,0
AL151916,UNNAMED,1916,11,14,06,00,19.3,-85.9,60,0
AL151916,UNNAMED,1916,11,14,12,00,20,-86,60,0
AL151916,UNNAMED,1916,11,14,18,00,20.8,-86,60,0
AL151916,UNNAMED,1916,11,15,00,00,21.6,-86,60,0
AL151916,UNNAMED,1916,11,15,06,00,22.3,-85.9,60,0
AL151916,UNNAMED,1916,11,15,12,00,23.1,-85.7,55,0
AL151916,UNNAMED,1916,11,15,18,00,24.2,-83.2,55,0
AL151916,UNNAMED,1916,11,16,00,00,25.5,-80.2,50,0
AL151916,UNNAMED,1916,11,16,06,00,27,-77,45,0
