AL151990	MARCO	1990	10	09	12	00	22.5	-79.5	25	0
AL151990	MARCO	1990	10	09	18	00	22.7	-80.7	30	0
AL151990	MARCO	1990	10	10	00	00	23.5	-81.4	30	0
AL151990	MARCO	1990	10	10	06	00	24.1	-82	35	0
AL151990	MARCO	1990	10	10	12	00	24.6	-82.4	40	0
AL151990	MARCO	1990	10	10	18	00	25.2	-82.5	45	0
AL151990	MARCO	1990	10	11	00	00	26	-82.6	50	0
AL151990	MARCO	1990	10	11	06	00	26.7	-82.6	55	0
AL151990	MARCO	1990	10	11	12	00	27.5	-82.8	50	0
AL151990	MARCO	1990	10	11	18	00	28.3	-83	40	0
AL151990	MARCO	1990	10	12	00	00	29.1	-83.1	30	0
AL151990	MARCO	1990	10	12	06	00	30.7	-83	20	0
AL151990	MARCO	1990	10	12	12	00	32	-83	20	0
AL151990	MARCO	1990	10	12	18	00	33.2	-82.6	15	0
AL151990	MARCO	1990	10	13	00	00	33.7	-81.9	15	0
AL151990	MARCO	1990	10	13	06	00	33.8	-81.5	15	0
AL151990	MARCO	1990	10	13	12	00	34	-81	15	0
