AL152013	UNNAMED	2013	12	03	18	00	34.3	-27.7	50	0
AL152013	UNNAMED	2013	12	04	00	00	33.9	-27.8	55	0
AL152013	UNNAMED	2013	12	04	06	00	33.1	-28.9	55	0
AL152013	UNNAMED	2013	12	04	12	00	32.2	-28.5	50	0
AL152013	UNNAMED	2013	12	04	18	00	31.9	-27.9	50	0
AL152013	UNNAMED	2013	12	05	00	00	32.4	-27.5	45	0
AL152013	UNNAMED	2013	12	05	06	00	33	-27.4	45	0
AL152013	UNNAMED	2013	12	05	12	00	33.5	-27.7	45	0
AL152013	UNNAMED	2013	12	05	18	00	33.7	-27.8	40	0
AL152013	UNNAMED	2013	12	06	00	00	33.9	-27.9	40	0
AL152013	UNNAMED	2013	12	06	06	00	33.9	-27.1	40	0
AL152013	UNNAMED	2013	12	06	12	00	34.5	-26.9	40	0
AL152013	UNNAMED	2013	12	06	18	00	35.1	-27	40	0
AL152013	UNNAMED	2013	12	07	00	00	35.8	-27.1	35	0
AL152013	UNNAMED	2013	12	07	06	00	36.5	-27.4	35	0
AL152013	UNNAMED	2013	12	07	12	00	37.1	-27.8	30	0
