AL152010	MATTHEW	2010	09	23	12	00	13.7	-74.8	30	0
AL152010	MATTHEW	2010	09	23	18	00	13.9	-76.2	35	0
AL152010	MATTHEW	2010	09	24	00	00	14	-77.7	40	0
AL152010	MATTHEW	2010	09	24	06	00	14	-79.3	45	0
AL152010	MATTHEW	2010	09	24	12	00	14.2	-81.1	45	0
AL152010	MATTHEW	2010	09	24	18	00	14.6	-83	50	0
AL152010	MATTHEW	2010	09	24	19	00	14.7	-83.3	50	0
AL152010	MATTHEW	2010	09	25	00	00	15.2	-84.6	50	0
AL152010	MATTHEW	2010	09	25	06	00	15.8	-86.1	45	0
AL152010	MATTHEW	2010	09	25	12	00	16.3	-87.7	35	0
AL152010	MATTHEW	2010	09	25	15	00	16.5	-88.4	35	0
AL152010	MATTHEW	2010	09	25	18	00	16.7	-89.4	30	0
AL152010	MATTHEW	2010	09	26	00	00	17	-90.8	30	0
AL152010	MATTHEW	2010	09	26	06	00	17.3	-91.9	25	0
AL152010	MATTHEW	2010	09	26	12	00	17.5	-92.8	20	0
AL152010	MATTHEW	2010	09	26	18	00	17.2	-93.3	20	0
