id,name,year,month,day,hour,minute,lat,lon,max_sustained_wind_kts,sshws
AL151972,UNNAMED,1972,09,20,12,00,13,-33,20,0
AL151972,UNNAMED,1972,09,20,18,00,13,-34,25,0
AL151972,UNNAMED,1972,09,21,00,00,13,-35,25,0
AL151972,UNNAMED,1972,09,21,06,00,13,-36,25,0
AL151972,UNNAMED,1972,09,21,12,00,13,-37,25,0
AL151972,UNNAMED,1972,09,21,18,00,13.4,-37.7,25,0
AL151972,UNNAMED,1972,09,22,00,00,13.8,-38.5,25,0
AL151972,UNNAMED,1972,09,22,06,00,14.2,-39.2,25,0
AL151972,UNNAMED,1972,09,22,12,00,14.5,-40,25,0
AL151972,UNNAMED,1972,09,22,18,00,15,-40.5,25,0
AL151972,UNNAMED,1972,09,23,00,00,15.5,-41,25,0
AL151972,UNNAMED,1972,09,23,06,00,16,-41.5,25,0
AL151972,UNNAMED,1972,09,23,12,00,16.5,-42,20,0
AL151972,UNNAMED,1972,09,23,18,00,16.4,-43.2,20,0
AL151972,UNNAMED,1972,09,24,00,00,16.3,-44.4,20,0
AL151972,UNNAMED,1972,09,24,06,00,16.2,-45.5,20,0
AL151972,UNNAMED,1972,09,24,12,00,16,-46.5,20,0
