AL151976	UNNAMED	1976	09	20	12	00	13.5	-28	20	0
AL151976	UNNAMED	1976	09	20	18	00	14.1	-29.2	25	0
AL151976	UNNAMED	1976	09	21	00	00	14.8	-30.5	25	0
AL151976	UNNAMED	1976	09	21	06	00	15.4	-31.7	30	0
AL151976	UNNAMED	1976	09	21	12	00	16	-33	30	0
AL151976	UNNAMED	1976	09	21	18	00	16.7	-34.3	30	0
AL151976	UNNAMED	1976	09	22	00	00	17.3	-35.2	30	0
AL151976	UNNAMED	1976	09	22	06	00	17.9	-36.4	30	0
AL151976	UNNAMED	1976	09	22	12	00	18.5	-37.5	30	0
AL151976	UNNAMED	1976	09	22	18	00	19.2	-39.4	30	0
AL151976	UNNAMED	1976	09	23	00	00	19.8	-41.3	30	0
AL151976	UNNAMED	1976	09	23	06	00	20.4	-43.2	30	0
AL151976	UNNAMED	1976	09	23	12	00	21	-45	30	0
AL151976	UNNAMED	1976	09	23	18	00	21.1	-45.3	30	0
AL151976	UNNAMED	1976	09	24	00	00	21.2	-45.7	30	0
AL151976	UNNAMED	1976	09	24	06	00	21.3	-46.1	30	0
AL151976	UNNAMED	1976	09	24	12	00	21.5	-46.5	30	0
AL151976	UNNAMED	1976	09	24	18	00	21.6	-46.6	30	0
AL151976	UNNAMED	1976	09	25	00	00	21.7	-46.7	30	0
AL151976	UNNAMED	1976	09	25	06	00	21.8	-46.8	30	0
AL151976	UNNAMED	1976	09	25	12	00	22	-47	30	0
AL151976	UNNAMED	1976	09	25	18	00	22.7	-46.7	30	0
AL151976	UNNAMED	1976	09	26	00	00	23.5	-46.5	25	0
AL151976	UNNAMED	1976	09	26	06	00	24.2	-46.2	25	0
AL151976	UNNAMED	1976	09	26	12	00	25	-46	25	0
AL151976	UNNAMED	1976	09	26	18	00	25.5	-45.5	25	0
AL151976	UNNAMED	1976	09	27	00	00	26	-45	25	0
AL151976	UNNAMED	1976	09	27	06	00	26.5	-44.5	20	0
AL151976	UNNAMED	1976	09	27	12	00	27	-44	20	0
