id,name,year,month,day,hour,minute,lat,lon,max_sustained_wind_kts,sshws
AL151973,UNNAMED,1973,10,10,12,00,24,-70.5,20,0
AL151973,UNNAMED,1973,10,10,18,00,24.9,-68.5,25,0
AL151973,UNNAMED,1973,10,11,00,00,25.8,-66.5,25,0
AL151973,UNNAMED,1973,10,11,06,00,26.6,-64.5,25,0
AL151973,UNNAMED,1973,10,11,12,00,27.5,-62.5,25,0
AL151973,UNNAMED,1973,10,11,18,00,28.5,-60.3,25,0
AL151973,UNNAMED,1973,10,12,00,00,29.5,-58,25,0
AL151973,UNNAMED,1973,10,12,06,00,30.5,-55.8,20,0
AL151973,UNNAMED,1973,10,12,12,00,31.5,-53.5,20,0
