id,name,year,month,day,hour,minute,lat,lon,max_sustained_wind_kts,sshws
AL151967,UNNAMED,1967,09,18,12,00,14,-14.5,-99,0
AL151967,UNNAMED,1967,09,18,18,00,14.1,-15.2,-99,0
AL151967,UNNAMED,1967,09,19,00,00,14.1,-16.2,-99,0
AL151967,UNNAMED,1967,09,19,06,00,14.2,-17.2,-99,0
AL151967,UNNAMED,1967,09,19,12,00,14.3,-18.5,-99,0
AL151967,UNNAMED,1967,09,19,18,00,14.5,-20,-99,0
AL151967,UNNAMED,1967,09,20,00,00,14.5,-21.2,-99,0
AL151967,UNNAMED,1967,09,20,06,00,14.6,-22.9,-99,0
AL151967,UNNAMED,1967,09,20,12,00,14.6,-24.1,-99,0
AL151967,UNNAMED,1967,09,20,18,00,14.6,-25.1,-99,0
AL151967,UNNAMED,1967,09,21,00,00,14.8,-26.9,-99,0
AL151967,UNNAMED,1967,09,21,06,00,14.9,-28.2,-99,0
AL151967,UNNAMED,1967,09,21,12,00,15,-30,-99,0
AL151967,UNNAMED,1967,09,21,18,00,15.1,-31.1,-99,0
AL151967,UNNAMED,1967,09,22,00,00,15.3,-32.9,-99,0
AL151967,UNNAMED,1967,09,22,06,00,15.4,-34.5,-99,0
AL151967,UNNAMED,1967,09,22,12,00,15.6,-36,-99,0
AL151967,UNNAMED,1967,09,22,18,00,15.6,-37.1,-99,0
AL151967,UNNAMED,1967,09,23,00,00,15.8,-38.2,-99,0
AL151967,UNNAMED,1967,09,23,06,00,15.9,-39.7,-99,0
AL151967,UNNAMED,1967,09,23,12,00,16,-41,-99,0
AL151967,UNNAMED,1967,09,23,18,00,16.1,-42.1,-99,0
AL151967,UNNAMED,1967,09,24,00,00,16.1,-43.6,-99,0
AL151967,UNNAMED,1967,09,24,06,00,16.2,-45,-99,0
AL151967,UNNAMED,1967,09,24,12,00,16.3,-46.4,-99,0
AL151967,UNNAMED,1967,09,24,18,00,16.4,-47.4,-99,0
AL151967,UNNAMED,1967,09,25,00,00,16.5,-48.9,-99,0
AL151967,UNNAMED,1967,09,25,06,00,16.5,-50,-99,0
AL151967,UNNAMED,1967,09,25,12,00,16.5,-51.4,-99,0
AL151967,UNNAMED,1967,09,25,18,00,16.5,-52.7,-99,0
AL151967,UNNAMED,1967,09,26,00,00,16.3,-54.1,-99,0
AL151967,UNNAMED,1967,09,26,06,00,16,-55.7,-99,0
AL151967,UNNAMED,1967,09,26,12,00,15.8,-57,-99,0
