AL151999	KATRINA	1999	10	28	18	00	11.4	-80.9	30	0
AL151999	KATRINA	1999	10	29	00	00	11.6	-81.6	30	0
AL151999	KATRINA	1999	10	29	06	00	12	-82	30	0
AL151999	KATRINA	1999	10	29	12	00	12.6	-82.6	30	0
AL151999	KATRINA	1999	10	29	18	00	13.2	-82.9	35	0
AL151999	KATRINA	1999	10	30	00	00	13.8	-83.4	35	0
AL151999	KATRINA	1999	10	30	06	00	14.1	-84	30	0
AL151999	KATRINA	1999	10	30	12	00	14.3	-84.5	25	0
AL151999	KATRINA	1999	10	30	18	00	14.7	-85.2	25	0
AL151999	KATRINA	1999	10	31	00	00	16	-86.6	25	0
AL151999	KATRINA	1999	10	31	06	00	17.2	-87.4	25	0
AL151999	KATRINA	1999	10	31	12	00	18.4	-88	25	0
AL151999	KATRINA	1999	10	31	18	00	19.4	-88.7	25	0
AL151999	KATRINA	1999	11	01	00	00	19.9	-89.6	20	0
AL151999	KATRINA	1999	11	01	06	00	20.4	-89.8	20	0
AL151999	KATRINA	1999	11	01	12	00	21.2	-89.8	20	0
