AL151978	HOPE	1978	09	12	00	00	29.8	-80	25	0
AL151978	HOPE	1978	09	12	06	00	30.3	-79.3	25	0
AL151978	HOPE	1978	09	12	12	00	30.9	-78.6	25	0
AL151978	HOPE	1978	09	12	18	00	31.2	-77.7	25	0
AL151978	HOPE	1978	09	13	00	00	31.1	-76.5	25	0
AL151978	HOPE	1978	09	13	06	00	31.2	-75.2	25	0
AL151978	HOPE	1978	09	13	12	00	31.8	-74.2	25	0
AL151978	HOPE	1978	09	13	18	00	32.3	-73.1	25	0
AL151978	HOPE	1978	09	14	00	00	32.8	-72.1	25	0
AL151978	HOPE	1978	09	14	06	00	33	-70.8	25	0
AL151978	HOPE	1978	09	14	12	00	33.2	-68.7	30	0
AL151978	HOPE	1978	09	14	18	00	33.3	-66.2	30	0
AL151978	HOPE	1978	09	15	00	00	32.9	-64.8	35	0
AL151978	HOPE	1978	09	15	06	00	32	-62.8	35	0
AL151978	HOPE	1978	09	15	12	00	31.6	-62.1	35	0
AL151978	HOPE	1978	09	15	18	00	31.1	-61.3	35	0
AL151978	HOPE	1978	09	16	00	00	31	-60.3	35	0
AL151978	HOPE	1978	09	16	06	00	31	-59.2	35	0
AL151978	HOPE	1978	09	16	12	00	31.2	-58.1	35	0
AL151978	HOPE	1978	09	16	18	00	31.7	-57.2	35	0
AL151978	HOPE	1978	09	17	00	00	32.4	-56	35	0
AL151978	HOPE	1978	09	17	06	00	33	-54.8	40	0
AL151978	HOPE	1978	09	17	12	00	33.8	-53.4	40	0
AL151978	HOPE	1978	09	17	18	00	35	-51.8	45	0
AL151978	HOPE	1978	09	18	00	00	36	-49.9	50	0
AL151978	HOPE	1978	09	18	06	00	37	-47.8	50	0
AL151978	HOPE	1978	09	18	12	00	38	-45.2	50	0
AL151978	HOPE	1978	09	18	18	00	39.1	-43	55	0
AL151978	HOPE	1978	09	19	00	00	40.1	-40.5	55	0
AL151978	HOPE	1978	09	19	06	00	41.2	-38.5	55	0
AL151978	HOPE	1978	09	19	12	00	42.5	-36.5	55	0
AL151978	HOPE	1978	09	19	18	00	44	-35	55	0
AL151978	HOPE	1978	09	20	00	00	45.5	-33	55	0
AL151978	HOPE	1978	09	20	06	00	48.2	-30	50	0
AL151978	HOPE	1978	09	20	12	00	51.5	-29.5	50	0
AL151978	HOPE	1978	09	20	18	00	54	-29.5	50	0
AL151978	HOPE	1978	09	21	00	00	57	-30	50	0
AL151978	HOPE	1978	09	21	06	00	59.5	-28	45	0
AL151978	HOPE	1978	09	21	12	00	61	-23	45	0
