AL152012	OSCAR	2012	10	02	12	00	12.4	-38	25	0
AL152012	OSCAR	2012	10	02	18	00	13.6	-38.7	25	0
AL152012	OSCAR	2012	10	03	00	00	15	-39.6	30	0
AL152012	OSCAR	2012	10	03	06	00	16.3	-40.5	30	0
AL152012	OSCAR	2012	10	03	12	00	17.4	-41.2	30	0
AL152012	OSCAR	2012	10	03	18	00	18.2	-41.8	35	0
AL152012	OSCAR	2012	10	04	00	00	18.9	-42.1	40	0
AL152012	OSCAR	2012	10	04	06	00	19.5	-42.2	40	0
AL152012	OSCAR	2012	10	04	12	00	20.2	-42	45	0
AL152012	OSCAR	2012	10	04	18	00	21	-41.5	45	0
AL152012	OSCAR	2012	10	05	00	00	21.8	-40.6	45	0
AL152012	OSCAR	2012	10	05	06	00	22.7	-39.4	45	0
AL152012	OSCAR	2012	10	05	12	00	23.5	-37.8	45	0
