id,name,year,month,day,hour,minute,lat,lon,max_sustained_wind_kts,sshws
AL151988,UNNAMED,1988,08,20,12,00,13,-21,25,0
AL151988,UNNAMED,1988,08,20,18,00,13,-21.3,25,0
AL151988,UNNAMED,1988,08,21,00,00,13,-21.6,25,0
AL151988,UNNAMED,1988,08,21,06,00,13.5,-21.9,30,0
AL151988,UNNAMED,1988,08,21,12,00,14.3,-22,30,0
AL151988,UNNAMED,1988,08,21,18,00,15.1,-22.5,30,0
AL151988,UNNAMED,1988,08,22,00,00,16,-23,25,0
AL151988,UNNAMED,1988,08,22,06,00,16.7,-23.9,30,0
AL151988,UNNAMED,1988,08,22,12,00,17.3,-24.8,30,0
AL151988,UNNAMED,1988,08,22,18,00,17.9,-25.6,30,0
AL151988,UNNAMED,1988,08,23,00,00,18.5,-26.5,30,0
AL151988,UNNAMED,1988,08,23,06,00,18.9,-27.7,30,0
AL151988,UNNAMED,1988,08,23,12,00,19.3,-29,30,0
AL151988,UNNAMED,1988,08,23,18,00,19.7,-30.3,30,0
AL151988,UNNAMED,1988,08,24,00,00,20,-31.5,30,0
AL151988,UNNAMED,1988,08,24,06,00,20.3,-32.8,30,0
AL151988,UNNAMED,1988,08,24,12,00,20.5,-34.2,30,0
AL151988,UNNAMED,1988,08,24,18,00,20.8,-35.6,30,0
AL151988,UNNAMED,1988,08,25,00,00,21,-37,30,0
AL151988,UNNAMED,1988,08,25,06,00,21.5,-38.2,30,0
AL151988,UNNAMED,1988,08,25,12,00,22,-40.3,30,0
AL151988,UNNAMED,1988,08,25,18,00,22.5,-41.9,30,0
AL151988,UNNAMED,1988,08,26,00,00,23,-43.5,30,0
AL151988,UNNAMED,1988,08,26,06,00,23.5,-45.4,15,0
AL151988,UNNAMED,1988,08,26,12,00,24,-47.3,15,0
AL151988,UNNAMED,1988,08,26,18,00,24.5,-49.2,15,0
AL151988,UNNAMED,1988,08,27,00,00,25,-51.1,15,0
AL151988,UNNAMED,1988,08,27,06,00,25.5,-53,15,0
AL151988,UNNAMED,1988,08,27,12,00,26,-54.9,15,0
AL151988,UNNAMED,1988,08,27,18,00,26.5,-56.8,15,0
AL151988,UNNAMED,1988,08,28,00,00,27.1,-58.7,15,0
AL151988,UNNAMED,1988,08,28,06,00,27.7,-60.6,15,0
AL151988,UNNAMED,1988,08,28,12,00,28.3,-62.5,15,0
AL151988,UNNAMED,1988,08,28,18,00,28.9,-64.4,15,0
AL151988,UNNAMED,1988,08,29,00,00,29.5,-66.3,15,0
AL151988,UNNAMED,1988,08,29,06,00,30.1,-68.2,15,0
AL151988,UNNAMED,1988,08,29,12,00,30.7,-70.1,15,0
AL151988,UNNAMED,1988,08,29,18,00,31.5,-72,20,0
AL151988,UNNAMED,1988,08,30,00,00,33.5,-72.5,30,0
AL151988,UNNAMED,1988,08,30,06,00,35.5,-72.5,30,0
AL151988,UNNAMED,1988,08,30,12,00,37.5,-71,30,0
AL151988,UNNAMED,1988,08,30,18,00,38.5,-69.5,30,0
AL151988,UNNAMED,1988,08,31,00,00,39.5,-67.5,30,0
AL151988,UNNAMED,1988,08,31,06,00,41.3,-64.5,30,0
AL151988,UNNAMED,1988,08,31,12,00,43,-62,30,0
