AL151887	UNNAMED	1887	10	15	12	00	14	-48	70	1
AL151887	UNNAMED	1887	10	15	18	00	14.6	-49	75	1
AL151887	UNNAMED	1887	10	16	00	00	15.3	-50	80	1
AL151887	UNNAMED	1887	10	16	06	00	16.1	-51	85	2
AL151887	UNNAMED	1887	10	16	12	00	17	-52	90	2
AL151887	UNNAMED	1887	10	16	18	00	18.4	-53	90	2
AL151887	UNNAMED	1887	10	17	00	00	19.7	-53.8	90	2
AL151887	UNNAMED	1887	10	17	06	00	20.9	-54.4	90	2
AL151887	UNNAMED	1887	10	17	12	00	22	-55	85	2
AL151887	UNNAMED	1887	10	17	18	00	22.9	-55.4	80	1
AL151887	UNNAMED	1887	10	18	00	00	23.7	-55.6	70	1
AL151887	UNNAMED	1887	10	18	06	00	24.4	-55.7	60	0
AL151887	UNNAMED	1887	10	18	12	00	25.3	-55.7	55	0
AL151887	UNNAMED	1887	10	18	18	00	26.4	-55.3	50	0
AL151887	UNNAMED	1887	10	19	00	00	27.6	-54.7	45	0
AL151887	UNNAMED	1887	10	19	06	00	29	-53.7	40	0
AL151887	UNNAMED	1887	10	19	12	00	30.4	-52.5	35	0
AL151887	UNNAMED	1887	10	19	18	00	31.7	-51.3	25	0
