id,name,year,month,day,hour,minute,lat,lon,max_sustained_wind_kts,sshws
AL161933,UNNAMED,1933,10,01,00,00,20.5,-70.4,30,0
AL161933,UNNAMED,1933,10,01,06,00,20.7,-70.6,30,0
AL161933,UNNAMED,1933,10,01,12,00,21,-70.8,30,0
AL161933,UNNAMED,1933,10,01,18,00,21.4,-71,35,0
AL161933,UNNAMED,1933,10,02,00,00,21.9,-71.3,35,0
AL161933,UNNAMED,1933,10,02,06,00,22.4,-71.7,35,0
AL161933,UNNAMED,1933,10,02,12,00,23,-72,40,0
AL161933,UNNAMED,1933,10,02,18,00,23.4,-71.7,40,0
AL161933,UNNAMED,1933,10,03,00,00,23.6,-71.3,40,0
AL161933,UNNAMED,1933,10,03,06,00,23.8,-70.8,35,0
AL161933,UNNAMED,1933,10,03,12,00,24,-70.4,35,0
AL161933,UNNAMED,1933,10,03,18,00,24.2,-69.4,30,0
AL161933,UNNAMED,1933,10,04,00,00,24.8,-67.7,30,0
AL161933,UNNAMED,1933,10,04,06,00,25.6,-65.7,30,0
AL161933,UNNAMED,1933,10,04,12,00,26.5,-63.8,30,0
AL161933,UNNAMED,1933,10,04,18,00,27.4,-62,30,0
