AL161969	GERDA	1969	09	06	00	00	24.5	-77	25	0
AL161969	GERDA	1969	09	06	06	00	25.4	-78	25	0
AL161969	GERDA	1969	09	06	12	00	26	-79	25	0
AL161969	GERDA	1969	09	06	18	00	26.4	-79.6	25	0
AL161969	GERDA	1969	09	07	00	00	26.6	-80.2	25	0
AL161969	GERDA	1969	09	07	06	00	27.3	-81.1	25	0
AL161969	GERDA	1969	09	07	12	00	27.8	-80.8	25	0
AL161969	GERDA	1969	09	07	18	00	28.5	-80.4	25	0
AL161969	GERDA	1969	09	08	00	00	29	-80	30	0
AL161969	GERDA	1969	09	08	06	00	29.7	-79.7	35	0
AL161969	GERDA	1969	09	08	12	00	30.7	-79	45	0
AL161969	GERDA	1969	09	08	18	00	32	-78	65	1
AL161969	GERDA	1969	09	09	00	00	33.4	-76.4	70	1
AL161969	GERDA	1969	09	09	06	00	35.3	-74.4	85	2
AL161969	GERDA	1969	09	09	12	00	37.8	-72.2	110	3
AL161969	GERDA	1969	09	09	18	00	40.1	-69.9	110	3
AL161969	GERDA	1969	09	10	00	00	44	-67.5	95	2
AL161969	GERDA	1969	09	10	06	00	48.5	-66	70	1
AL161969	GERDA	1969	09	10	12	00	53	-65	40	0
