id,name,year,month,day,hour,minute,lat,lon,max_sustained_wind_kts,sshws
AL162000,LESLIE,2000,10,04,12,00,29,-81.4,30,0
AL162000,LESLIE,2000,10,04,18,00,29.5,-80.8,30,0
AL162000,LESLIE,2000,10,05,00,00,29.7,-79.9,30,0
AL162000,LESLIE,2000,10,05,06,00,29.8,-78.6,30,0
AL162000,LESLIE,2000,10,05,12,00,29.9,-77.3,35,0
AL162000,LESLIE,2000,10,05,18,00,30.2,-75.9,35,0
AL162000,LESLIE,2000,10,06,00,00,30.3,-74.3,35,0
AL162000,LESLIE,2000,10,06,06,00,30.6,-73.1,40,0
AL162000,LESLIE,2000,10,06,12,00,30.9,-72.4,40,0
AL162000,LESLIE,2000,10,06,18,00,31.3,-71.8,40,0
AL162000,LESLIE,2000,10,07,00,00,32.1,-70.7,40,0
AL162000,LESLIE,2000,10,07,06,00,33.1,-69.6,40,0
AL162000,LESLIE,2000,10,07,12,00,35.4,-68.3,40,0
AL162000,LESLIE,2000,10,07,18,00,37.4,-66.7,40,0
AL162000,LESLIE,2000,10,08,00,00,40,-64,40,0
AL162000,LESLIE,2000,10,08,06,00,43,-60,40,0
AL162000,LESLIE,2000,10,08,12,00,46,-57,40,0
AL162000,LESLIE,2000,10,08,18,00,49,-54,35,0
AL162000,LESLIE,2000,10,09,00,00,51,-50,35,0
AL162000,LESLIE,2000,10,09,06,00,53,-46,35,0
AL162000,LESLIE,2000,10,09,12,00,55,-41,35,0
AL162000,LESLIE,2000,10,09,18,00,56,-36,35,0
AL162000,LESLIE,2000,10,10,00,00,56,-30,40,0
AL162000,LESLIE,2000,10,10,06,00,55,-24,50,0
AL162000,LESLIE,2000,10,10,12,00,54,-17,55,0
AL162000,LESLIE,2000,10,10,18,00,53,-10,60,0
