AL162005	OPHELIA	2005	09	06	06	00	25.8	-78.6	25	0
AL162005	OPHELIA	2005	09	06	12	00	26.3	-78.3	25	0
AL162005	OPHELIA	2005	09	06	16	00	26.6	-78.3	25	0
AL162005	OPHELIA	2005	09	06	18	00	26.8	-78.3	25	0
AL162005	OPHELIA	2005	09	07	00	00	27.4	-78.5	30	0
AL162005	OPHELIA	2005	09	07	06	00	27.9	-78.8	35	0
AL162005	OPHELIA	2005	09	07	12	00	28.7	-79.2	40	0
AL162005	OPHELIA	2005	09	07	18	00	28.8	-79.3	45	0
AL162005	OPHELIA	2005	09	08	00	00	28.8	-79.3	45	0
AL162005	OPHELIA	2005	09	08	06	00	28.7	-79.6	50	0
AL162005	OPHELIA	2005	09	08	12	00	28.6	-79.6	55	0
AL162005	OPHELIA	2005	09	08	18	00	28.6	-79.5	60	0
AL162005	OPHELIA	2005	09	09	00	00	28.6	-79.3	65	1
AL162005	OPHELIA	2005	09	09	06	00	28.9	-79.3	55	0
AL162005	OPHELIA	2005	09	09	12	00	29.3	-79.1	55	0
AL162005	OPHELIA	2005	09	09	18	00	29.8	-78.5	65	1
AL162005	OPHELIA	2005	09	10	00	00	30.2	-77.5	60	0
AL162005	OPHELIA	2005	09	10	06	00	30.9	-76.9	60	0
AL162005	OPHELIA	2005	09	10	12	00	31.5	-76.6	65	1
AL162005	OPHELIA	2005	09	10	18	00	31.7	-76.2	70	1
AL162005	OPHELIA	2005	09	11	00	00	31.8	-75.9	70	1
AL162005	OPHELIA	2005	09	11	06	00	31.7	-75.9	75	1
AL162005	OPHELIA	2005	09	11	12	00	31.6	-75.7	70	1
AL162005	OPHELIA	2005	09	11	18	00	31.4	-75.9	65	1
AL162005	OPHELIA	2005	09	12	00	00	31.2	-76.2	60	0
AL162005	OPHELIA	2005	09	12	06	00	31.2	-76.6	60	0
AL162005	OPHELIA	2005	09	12	12	00	31.5	-76.9	55	0
AL162005	OPHELIA	2005	09	12	18	00	31.7	-77.3	60	0
AL162005	OPHELIA	2005	09	13	00	00	31.8	-77.7	60	0
AL162005	OPHELIA	2005	09	13	06	00	31.9	-77.9	60	0
AL162005	OPHELIA	2005	09	13	12	00	32.1	-78	60	0
AL162005	OPHELIA	2005	09	13	18	00	32.3	-78.1	60	0
AL162005	OPHELIA	2005	09	14	00	00	32.6	-78.1	65	1
AL162005	OPHELIA	2005	09	14	06	00	32.9	-78	70	1
AL162005	OPHELIA	2005	09	14	12	00	33.4	-77.7	75	1
AL162005	OPHELIA	2005	09	14	18	00	33.9	-77.5	75	1
AL162005	OPHELIA	2005	09	15	00	00	34.2	-76.9	75	1
AL162005	OPHELIA	2005	09	15	06	00	34.5	-76.3	70	1
AL162005	OPHELIA	2005	09	15	12	00	34.7	-75.8	65	1
AL162005	OPHELIA	2005	09	15	18	00	34.7	-75.6	65	1
AL162005	OPHELIA	2005	09	16	00	00	34.6	-75.1	60	0
AL162005	OPHELIA	2005	09	16	06	00	34.7	-74.8	55	0
AL162005	OPHELIA	2005	09	16	12	00	35.4	-74.4	50	0
AL162005	OPHELIA	2005	09	16	18	00	36.4	-73.6	55	0
AL162005	OPHELIA	2005	09	17	00	00	37.3	-72.7	55	0
AL162005	OPHELIA	2005	09	17	06	00	38.7	-71.4	50	0
AL162005	OPHELIA	2005	09	17	12	00	40	-69.7	50	0
AL162005	OPHELIA	2005	09	17	18	00	41.6	-67.3	50	0
AL162005	OPHELIA	2005	09	18	00	00	43.2	-64.9	45	0
AL162005	OPHELIA	2005	09	18	06	00	44.8	-62.6	45	0
AL162005	OPHELIA	2005	09	18	12	00	46.2	-59.9	45	0
AL162005	OPHELIA	2005	09	18	18	00	47.4	-56.2	45	0
AL162005	OPHELIA	2005	09	19	00	00	48.4	-52.3	45	0
AL162005	OPHELIA	2005	09	19	06	00	49	-48.8	45	0
AL162005	OPHELIA	2005	09	19	12	00	49.5	-45.7	45	0
AL162005	OPHELIA	2005	09	19	18	00	50	-42.1	45	0
AL162005	OPHELIA	2005	09	20	00	00	50.9	-38.5	45	0
AL162005	OPHELIA	2005	09	20	06	00	51.5	-34.7	40	0
AL162005	OPHELIA	2005	09	20	12	00	52.2	-30.5	40	0
AL162005	OPHELIA	2005	09	20	18	00	52.8	-26.5	40	0
AL162005	OPHELIA	2005	09	21	00	00	53.8	-22	40	0
AL162005	OPHELIA	2005	09	21	06	00	55.3	-17.7	35	0
AL162005	OPHELIA	2005	09	21	12	00	57.6	-14.6	35	0
AL162005	OPHELIA	2005	09	21	18	00	59.8	-11.9	35	0
AL162005	OPHELIA	2005	09	22	00	00	61.7	-8.4	35	0
AL162005	OPHELIA	2005	09	22	06	00	63.6	-4.5	35	0
AL162005	OPHELIA	2005	09	22	12	00	65.6	-1	35	0
AL162005	OPHELIA	2005	09	22	18	00	67.5	1.9	30	0
AL162005	OPHELIA	2005	09	23	00	00	68.8	6.6	30	0
