AL161984	JOSEPHINE	1984	10	07	06	00	24.1	-68.9	25	0
AL161984	JOSEPHINE	1984	10	07	12	00	24	-69.4	25	0
AL161984	JOSEPHINE	1984	10	07	18	00	23.9	-69.9	25	0
AL161984	JOSEPHINE	1984	10	08	00	00	23.9	-70.4	30	0
AL161984	JOSEPHINE	1984	10	08	06	00	24	-70.9	30	0
AL161984	JOSEPHINE	1984	10	08	12	00	24.1	-71.4	40	0
AL161984	JOSEPHINE	1984	10	08	18	00	24.3	-71.9	50	0
AL161984	JOSEPHINE	1984	10	09	00	00	24.6	-72.2	55	0
AL161984	JOSEPHINE	1984	10	09	06	00	25.2	-72.2	60	0
AL161984	JOSEPHINE	1984	10	09	12	00	25.8	-72.1	60	0
AL161984	JOSEPHINE	1984	10	09	18	00	26.4	-72.1	60	0
AL161984	JOSEPHINE	1984	10	10	00	00	26.9	-72.2	60	0
AL161984	JOSEPHINE	1984	10	10	06	00	27.2	-72.4	65	1
AL161984	JOSEPHINE	1984	10	10	12	00	27.5	-72.5	70	1
AL161984	JOSEPHINE	1984	10	10	18	00	28	-72.6	70	1
AL161984	JOSEPHINE	1984	10	11	00	00	28.6	-72.5	75	1
AL161984	JOSEPHINE	1984	10	11	06	00	29.3	-72.4	80	1
AL161984	JOSEPHINE	1984	10	11	12	00	30	-72.1	85	2
AL161984	JOSEPHINE	1984	10	11	18	00	30.7	-71.9	85	2
AL161984	JOSEPHINE	1984	10	12	00	00	31.4	-71.7	90	2
AL161984	JOSEPHINE	1984	10	12	06	00	32.2	-71.7	90	2
AL161984	JOSEPHINE	1984	10	12	12	00	33	-71.8	90	2
AL161984	JOSEPHINE	1984	10	12	18	00	33.7	-71.7	90	2
AL161984	JOSEPHINE	1984	10	13	00	00	34.3	-71.4	85	2
AL161984	JOSEPHINE	1984	10	13	06	00	34.8	-71.2	85	2
AL161984	JOSEPHINE	1984	10	13	12	00	35.4	-71.3	80	1
AL161984	JOSEPHINE	1984	10	13	18	00	36	-71.7	70	1
AL161984	JOSEPHINE	1984	10	14	00	00	36.6	-71.9	65	1
AL161984	JOSEPHINE	1984	10	14	06	00	36.8	-71.7	65	1
AL161984	JOSEPHINE	1984	10	14	12	00	36.6	-71.4	70	1
AL161984	JOSEPHINE	1984	10	14	18	00	36.3	-70.8	70	1
AL161984	JOSEPHINE	1984	10	15	00	00	35.9	-69.8	70	1
AL161984	JOSEPHINE	1984	10	15	06	00	36.2	-68.4	65	1
AL161984	JOSEPHINE	1984	10	15	12	00	36.8	-66.6	65	1
AL161984	JOSEPHINE	1984	10	15	18	00	37.6	-64.8	65	1
AL161984	JOSEPHINE	1984	10	16	00	00	38.3	-63	65	1
AL161984	JOSEPHINE	1984	10	16	06	00	39.2	-61.4	65	1
AL161984	JOSEPHINE	1984	10	16	12	00	39.9	-59.7	65	1
AL161984	JOSEPHINE	1984	10	16	18	00	40.6	-58.2	65	1
AL161984	JOSEPHINE	1984	10	17	00	00	41.3	-56.6	65	1
AL161984	JOSEPHINE	1984	10	17	06	00	42	-54.9	60	0
AL161984	JOSEPHINE	1984	10	17	12	00	43	-53.9	60	0
AL161984	JOSEPHINE	1984	10	17	18	00	43.6	-54.1	55	0
AL161984	JOSEPHINE	1984	10	18	00	00	44	-54.4	50	0
AL161984	JOSEPHINE	1984	10	18	06	00	44	-55.1	50	0
AL161984	JOSEPHINE	1984	10	18	12	00	44.1	-56	50	0
AL161984	JOSEPHINE	1984	10	18	18	00	44	-57.1	45	0
AL161984	JOSEPHINE	1984	10	19	00	00	42.8	-57.7	45	0
AL161984	JOSEPHINE	1984	10	19	06	00	41.2	-56.8	45	0
AL161984	JOSEPHINE	1984	10	19	12	00	40.6	-55.1	40	0
AL161984	JOSEPHINE	1984	10	19	18	00	40.7	-53.1	40	0
AL161984	JOSEPHINE	1984	10	20	00	00	41.2	-50.9	35	0
AL161984	JOSEPHINE	1984	10	20	06	00	41.8	-48.5	30	0
AL161984	JOSEPHINE	1984	10	20	12	00	42.2	-45.7	30	0
AL161984	JOSEPHINE	1984	10	20	18	00	42.8	-42.8	30	0
AL161984	JOSEPHINE	1984	10	21	00	00	43.3	-39.5	30	0
