id,name,year,month,day,hour,minute,lat,lon,max_sustained_wind_kts,sshws
AL162010,NICOLE,2010,09,28,00,00,19.4,-84.1,25,0
AL162010,NICOLE,2010,09,28,06,00,19.8,-83.5,30,0
AL162010,NICOLE,2010,09,28,12,00,20.4,-83,35,0
AL162010,NICOLE,2010,09,28,18,00,21,-82.7,40,0
AL162010,NICOLE,2010,09,29,00,00,21.4,-82.2,35,0
AL162010,NICOLE,2010,09,29,06,00,21.7,-81.6,35,0
AL162010,NICOLE,2010,09,29,12,00,21.9,-81,40,0
AL162010,NICOLE,2010,09,29,15,00,22.2,-80.5,40,0
AL162010,NICOLE,2010,09,29,18,00,23.3,-80.1,40,0
AL162010,NICOLE,2010,09,30,00,00,24.7,-79.6,40,0
AL162010,NICOLE,2010,09,30,06,00,26.1,-79,40,0
AL162010,NICOLE,2010,09,30,12,00,27.4,-78.5,40,0
