id,name,year,month,day,hour,minute,lat,lon,max_sustained_wind_kts,sshws
AL161975,UNNAMED,1975,09,25,12,00,19,-84,20,0
AL161975,UNNAMED,1975,09,25,18,00,19,-84.2,25,0
AL161975,UNNAMED,1975,09,26,00,00,18.9,-84.5,25,0
AL161975,UNNAMED,1975,09,26,06,00,18.8,-84.8,25,0
AL161975,UNNAMED,1975,09,26,12,00,18.8,-85,25,0
AL161975,UNNAMED,1975,09,26,18,00,18.6,-85.4,25,0
AL161975,UNNAMED,1975,09,27,00,00,18.4,-85.8,25,0
AL161975,UNNAMED,1975,09,27,06,00,18.2,-86.1,25,0
AL161975,UNNAMED,1975,09,27,12,00,18,-86.5,25,0
AL161975,UNNAMED,1975,09,27,18,00,18,-86.8,25,0
AL161975,UNNAMED,1975,09,28,00,00,18,-87,25,0
AL161975,UNNAMED,1975,09,28,06,00,18,-87.2,25,0
AL161975,UNNAMED,1975,09,28,12,00,18,-87.5,25,0
AL161975,UNNAMED,1975,09,28,18,00,18,-87.8,25,0
AL161975,UNNAMED,1975,09,29,00,00,18,-88,25,0
AL161975,UNNAMED,1975,09,29,06,00,18,-88.2,20,0
AL161975,UNNAMED,1975,09,29,12,00,18,-88.5,-99,0
