id,name,year,month,day,hour,minute,lat,lon,max_sustained_wind_kts,sshws
AL161970,GRETA,1970,09,26,12,00,22.4,-75.4,35,0
AL161970,GRETA,1970,09,26,18,00,22.7,-76.2,35,0
AL161970,GRETA,1970,09,27,00,00,23.3,-77.2,45,0
AL161970,GRETA,1970,09,27,06,00,23.8,-78.3,45,0
AL161970,GRETA,1970,09,27,12,00,24.1,-79.8,45,0
AL161970,GRETA,1970,09,27,18,00,24.4,-81.3,30,0
AL161970,GRETA,1970,09,28,00,00,24.7,-82.8,30,0
AL161970,GRETA,1970,09,28,06,00,24.9,-83.4,30,0
AL161970,GRETA,1970,09,28,12,00,25,-83.8,30,0
AL161970,GRETA,1970,09,28,18,00,24.9,-84.2,30,0
AL161970,GRETA,1970,09,29,00,00,24.8,-84.5,30,0
AL161970,GRETA,1970,09,29,06,00,24.7,-84.7,30,0
AL161970,GRETA,1970,09,29,12,00,24.6,-84.8,30,0
AL161970,GRETA,1970,09,29,18,00,24.4,-85.1,30,0
AL161970,GRETA,1970,09,30,00,00,24.1,-85.4,30,0
AL161970,GRETA,1970,09,30,06,00,23.7,-85.8,30,0
AL161970,GRETA,1970,09,30,12,00,23.3,-86.3,30,0
AL161970,GRETA,1970,09,30,18,00,23,-86.8,30,0
AL161970,GRETA,1970,10,01,00,00,22.6,-87.3,30,0
AL161970,GRETA,1970,10,01,06,00,22.2,-87.7,30,0
AL161970,GRETA,1970,10,01,12,00,21.8,-88.2,30,0
AL161970,GRETA,1970,10,01,18,00,21.4,-88.8,30,0
AL161970,GRETA,1970,10,02,00,00,21.1,-89.4,30,0
AL161970,GRETA,1970,10,02,06,00,20.9,-90.1,30,0
AL161970,GRETA,1970,10,02,12,00,20.9,-90.7,25,0
AL161970,GRETA,1970,10,02,18,00,20.9,-91.3,25,0
AL161970,GRETA,1970,10,03,00,00,20.9,-91.9,25,0
AL161970,GRETA,1970,10,03,06,00,20.9,-92.5,25,0
AL161970,GRETA,1970,10,03,12,00,21,-93.1,25,0
AL161970,GRETA,1970,10,03,18,00,21.1,-93.8,25,0
AL161970,GRETA,1970,10,04,00,00,21.3,-94.7,25,0
AL161970,GRETA,1970,10,04,06,00,21.7,-95.7,25,0
AL161970,GRETA,1970,10,04,12,00,22.1,-96.9,25,0
AL161970,GRETA,1970,10,04,18,00,22.5,-98.2,25,0
AL161970,GRETA,1970,10,05,00,00,23,-99.5,25,0
