id,name,year,month,day,hour,minute,lat,lon,max_sustained_wind_kts,sshws
AL161936,UNNAMED,1936,10,09,18,00,20.3,-91.3,35,0
AL161936,UNNAMED,1936,10,10,00,00,20.2,-91.5,35,0
AL161936,UNNAMED,1936,10,10,06,00,20,-91.7,35,0
AL161936,UNNAMED,1936,10,10,12,00,19.8,-91.9,35,0
AL161936,UNNAMED,1936,10,10,18,00,19.2,-92.3,35,0
AL161936,UNNAMED,1936,10,11,00,00,18.3,-92.7,35,0
AL161936,UNNAMED,1936,10,11,06,00,17.5,-92.8,30,0
AL161936,UNNAMED,1936,10,11,12,00,16.7,-92.8,25,0
AL161936,UNNAMED,1936,10,11,18,00,16,-92.7,25,0
