id,name,year,month,day,hour,minute,lat,lon,max_sustained_wind_kts,sshws
AL161979,UNNAMED,1979,09,16,12,00,15.6,-48.5,20,0
AL161979,UNNAMED,1979,09,16,18,00,16.2,-49.2,20,0
AL161979,UNNAMED,1979,09,17,00,00,17,-50,25,0
AL161979,UNNAMED,1979,09,17,06,00,17.9,-50.6,25,0
AL161979,UNNAMED,1979,09,17,12,00,19,-51,25,0
AL161979,UNNAMED,1979,09,17,18,00,19.8,-51.5,25,0
AL161979,UNNAMED,1979,09,18,00,00,20.8,-51.6,25,0
AL161979,UNNAMED,1979,09,18,06,00,21.7,-51.6,30,0
AL161979,UNNAMED,1979,09,18,12,00,22.4,-51.7,30,0
AL161979,UNNAMED,1979,09,18,18,00,23,-51.6,30,0
AL161979,UNNAMED,1979,09,19,00,00,25.6,-51.6,30,0
AL161979,UNNAMED,1979,09,19,06,00,27,-51.5,30,0
AL161979,UNNAMED,1979,09,19,12,00,28.8,-51.5,30,0
AL161979,UNNAMED,1979,09,19,18,00,30.2,-51.5,30,0
AL161979,UNNAMED,1979,09,20,00,00,32.1,-51.2,30,0
AL161979,UNNAMED,1979,09,20,06,00,34,-51,30,0
AL161979,UNNAMED,1979,09,20,12,00,35.9,-50.4,25,0
AL161979,UNNAMED,1979,09,20,18,00,37.1,-50,25,0
AL161979,UNNAMED,1979,09,21,00,00,39,-49,25,0
AL161979,UNNAMED,1979,09,21,06,00,40.2,-48.1,25,0
AL161979,UNNAMED,1979,09,21,12,00,41.8,-47,20,0
