id,name,year,month,day,hour,minute,lat,lon,max_sustained_wind_kts,sshws
AL161887,UNNAMED,1887,10,29,12,00,26.5,-86,35,0
AL161887,UNNAMED,1887,10,29,18,00,27.2,-84.5,40,0
AL161887,UNNAMED,1887,10,30,00,00,28,-83,40,0
AL161887,UNNAMED,1887,10,30,01,00,28.1,-82.8,40,0
AL161887,UNNAMED,1887,10,30,06,00,28.9,-81.5,35,0
AL161887,UNNAMED,1887,10,30,12,00,30,-80,40,0
AL161887,UNNAMED,1887,10,30,18,00,31.3,-78.7,45,0
AL161887,UNNAMED,1887,10,31,00,00,32.7,-77.4,50,0
AL161887,UNNAMED,1887,10,31,06,00,33.9,-76.1,55,0
AL161887,UNNAMED,1887,10,31,12,00,34.8,-74.8,60,0
AL161887,UNNAMED,1887,10,31,18,00,35.4,-73.4,60,0
AL161887,UNNAMED,1887,11,01,00,00,36,-72,65,1
AL161887,UNNAMED,1887,11,01,06,00,36.5,-70.3,70,1
AL161887,UNNAMED,1887,11,01,12,00,37,-69,70,1
AL161887,UNNAMED,1887,11,01,18,00,37.8,-67.8,70,1
AL161887,UNNAMED,1887,11,02,00,00,38.5,-66.6,65,1
AL161887,UNNAMED,1887,11,02,06,00,39.2,-65.4,60,0
AL161887,UNNAMED,1887,11,02,12,00,40,-64,60,0
AL161887,UNNAMED,1887,11,02,18,00,40.6,-61.7,60,0
AL161887,UNNAMED,1887,11,03,00,00,41.1,-58,60,0
AL161887,UNNAMED,1887,11,03,06,00,41.5,-54.8,60,0
AL161887,UNNAMED,1887,11,03,12,00,42,-52,60,0
AL161887,UNNAMED,1887,11,03,18,00,44,-47.8,60,0
AL161887,UNNAMED,1887,11,04,00,00,47.4,-44.2,60,0
AL161887,UNNAMED,1887,11,04,06,00,51.1,-40.2,60,0
AL161887,UNNAMED,1887,11,04,12,00,53,-36,60,0
AL161887,UNNAMED,1887,11,04,18,00,53.6,-32,60,0
AL161887,UNNAMED,1887,11,05,00,00,53.6,-27.7,60,0
AL161887,UNNAMED,1887,11,05,06,00,53.4,-23.1,60,0
AL161887,UNNAMED,1887,11,05,12,00,53,-19,60,0
AL161887,UNNAMED,1887,11,05,18,00,52.4,-15.4,60,0
AL161887,UNNAMED,1887,11,06,00,00,51.8,-11.4,55,0
AL161887,UNNAMED,1887,11,06,06,00,50.8,-7.3,50,0
AL161887,UNNAMED,1887,11,06,12,00,50,-4,45,0
AL161887,UNNAMED,1887,11,06,18,00,48.3,-0.4,40,0
