id,name,year,month,day,hour,minute,lat,lon,max_sustained_wind_kts,sshws
AL161967,UNNAMED,1967,09,22,12,00,10.8,-15,-99,0
AL161967,UNNAMED,1967,09,22,18,00,10.9,-16.2,-99,0
AL161967,UNNAMED,1967,09,23,00,00,10.9,-17.5,-99,0
AL161967,UNNAMED,1967,09,23,06,00,11,-18.9,-99,0
AL161967,UNNAMED,1967,09,23,12,00,11,-20.3,-99,0
AL161967,UNNAMED,1967,09,23,18,00,11.1,-20.3,-99,0
AL161967,UNNAMED,1967,09,24,00,00,11.3,-22.9,-99,0
AL161967,UNNAMED,1967,09,24,06,00,11.6,-24,-99,0
AL161967,UNNAMED,1967,09,24,12,00,11.6,-25,-99,0
AL161967,UNNAMED,1967,09,24,18,00,11.7,-26.2,-99,0
AL161967,UNNAMED,1967,09,25,00,00,11.7,-27.5,-99,0
AL161967,UNNAMED,1967,09,25,06,00,11.8,-29,-99,0
AL161967,UNNAMED,1967,09,25,12,00,12,-30,-99,0
AL161967,UNNAMED,1967,09,25,18,00,12.1,-31.6,-99,0
AL161967,UNNAMED,1967,09,26,00,00,12.1,-33,-99,0
AL161967,UNNAMED,1967,09,26,06,00,12,-34.5,-99,0
AL161967,UNNAMED,1967,09,26,12,00,12,-36,-99,0
AL161967,UNNAMED,1967,09,26,18,00,11.9,-36.5,-99,0
AL161967,UNNAMED,1967,09,27,00,00,11.9,-37,-99,0
AL161967,UNNAMED,1967,09,27,06,00,11.9,-37.5,-99,0
AL161967,UNNAMED,1967,09,27,12,00,11.9,-38,-99,0
AL161967,UNNAMED,1967,09,27,18,00,12,-38.7,-99,0
AL161967,UNNAMED,1967,09,28,00,00,12.1,-39.2,-99,0
AL161967,UNNAMED,1967,09,28,06,00,12.5,-39.8,-99,0
AL161967,UNNAMED,1967,09,28,12,00,13,-40,-99,0
AL161967,UNNAMED,1967,09,28,18,00,13.3,-40.2,-99,0
AL161967,UNNAMED,1967,09,29,00,00,13.6,-40.3,-99,0
AL161967,UNNAMED,1967,09,29,06,00,14.1,-40.4,-99,0
AL161967,UNNAMED,1967,09,29,12,00,14.6,-40.6,-99,0
AL161967,UNNAMED,1967,09,29,18,00,15.1,-41,-99,0
AL161967,UNNAMED,1967,09,30,00,00,15.5,-41.3,-99,0
AL161967,UNNAMED,1967,09,30,06,00,15.6,-41.8,-99,0
AL161967,UNNAMED,1967,09,30,12,00,16,-42.1,-99,0
