id,name,year,month,day,hour,minute,lat,lon,max_sustained_wind_kts,sshws
AL161973,GILDA,1973,10,16,06,00,16.3,-82,30,0
AL161973,GILDA,1973,10,16,12,00,16.9,-81.9,30,0
AL161973,GILDA,1973,10,16,18,00,17.6,-81.8,30,0
AL161973,GILDA,1973,10,17,00,00,18.1,-81.6,30,0
AL161973,GILDA,1973,10,17,06,00,18.4,-81.1,30,0
AL161973,GILDA,1973,10,17,12,00,18.8,-80.7,30,0
AL161973,GILDA,1973,10,17,18,00,19.1,-80.3,30,0
AL161973,GILDA,1973,10,18,00,00,19.5,-79.9,40,0
AL161973,GILDA,1973,10,18,06,00,20.1,-79.7,45,0
AL161973,GILDA,1973,10,18,12,00,20.7,-79.6,50,0
AL161973,GILDA,1973,10,18,18,00,21.3,-79.3,60,0
AL161973,GILDA,1973,10,19,00,00,22,-79,50,0
AL161973,GILDA,1973,10,19,06,00,22.6,-78.9,50,0
AL161973,GILDA,1973,10,19,12,00,23,-78.5,50,0
AL161973,GILDA,1973,10,19,18,00,23.3,-78,50,0
AL161973,GILDA,1973,10,20,00,00,23.6,-77.5,50,0
AL161973,GILDA,1973,10,20,06,00,24,-76.8,50,0
AL161973,GILDA,1973,10,20,12,00,24.4,-76.3,50,0
AL161973,GILDA,1973,10,20,18,00,24.8,-76,50,0
AL161973,GILDA,1973,10,21,00,00,25.1,-75.9,45,0
AL161973,GILDA,1973,10,21,06,00,25.3,-75.8,45,0
AL161973,GILDA,1973,10,21,12,00,25.4,-75.8,45,0
AL161973,GILDA,1973,10,21,18,00,25.5,-75.8,35,0
AL161973,GILDA,1973,10,22,00,00,25.6,-75.7,35,0
AL161973,GILDA,1973,10,22,06,00,25.6,-75.6,45,0
AL161973,GILDA,1973,10,22,12,00,25.6,-75.7,40,0
AL161973,GILDA,1973,10,22,18,00,25.6,-75.7,30,0
AL161973,GILDA,1973,10,23,00,00,25.6,-75.7,30,0
AL161973,GILDA,1973,10,23,06,00,25.6,-75.7,30,0
AL161973,GILDA,1973,10,23,12,00,25.6,-75.7,30,0
AL161973,GILDA,1973,10,23,18,00,25.7,-75.3,30,0
AL161973,GILDA,1973,10,24,00,00,26,-74.5,30,0
AL161973,GILDA,1973,10,24,06,00,27.2,-72.6,30,0
AL161973,GILDA,1973,10,24,12,00,28.6,-71.7,35,0
AL161973,GILDA,1973,10,24,18,00,29.9,-71.4,40,0
AL161973,GILDA,1973,10,25,00,00,30.8,-71.2,45,0
AL161973,GILDA,1973,10,25,06,00,31.7,-71,50,0
AL161973,GILDA,1973,10,25,12,00,32.5,-70.9,60,0
AL161973,GILDA,1973,10,25,18,00,33.2,-70.8,60,0
AL161973,GILDA,1973,10,26,00,00,34.1,-70.4,60,0
AL161973,GILDA,1973,10,26,06,00,34.8,-69.8,60,0
AL161973,GILDA,1973,10,26,12,00,35.5,-69,60,0
AL161973,GILDA,1973,10,26,18,00,36.2,-67.8,60,0
AL161973,GILDA,1973,10,27,00,00,36.9,-65.9,55,0
AL161973,GILDA,1973,10,27,06,00,38.8,-63.2,55,0
AL161973,GILDA,1973,10,27,12,00,41.2,-60.8,55,0
AL161973,GILDA,1973,10,27,18,00,43.7,-58.6,55,0
AL161973,GILDA,1973,10,28,00,00,45.4,-55.2,55,0
AL161973,GILDA,1973,10,28,06,00,47.5,-51.5,55,0
AL161973,GILDA,1973,10,28,12,00,51.2,-48.1,55,0
AL161973,GILDA,1973,10,28,18,00,54.9,-44.9,50,0
AL161973,GILDA,1973,10,29,00,00,57.5,-42.7,45,0
AL161973,GILDA,1973,10,29,06,00,59.6,-41.2,40,0
AL161973,GILDA,1973,10,29,12,00,60.8,-40.6,40,0
AL161973,GILDA,1973,10,29,18,00,61.4,-40.5,35,0
AL161973,GILDA,1973,10,30,00,00,61.8,-40.4,30,0
