AL162004	OTTO	2004	11	26	00	00	28	-40	30	0
AL162004	OTTO	2004	11	26	06	00	27.3	-41	35	0
AL162004	OTTO	2004	11	26	12	00	26.5	-41.9	35	0
AL162004	OTTO	2004	11	26	18	00	26.8	-42.5	35	0
AL162004	OTTO	2004	11	27	00	00	26.8	-43.2	35	0
AL162004	OTTO	2004	11	27	06	00	26.7	-43.8	35	0
AL162004	OTTO	2004	11	27	12	00	26.4	-44.3	35	0
AL162004	OTTO	2004	11	27	18	00	26.2	-44.4	35	0
AL162004	OTTO	2004	11	28	00	00	26.3	-44.1	35	0
AL162004	OTTO	2004	11	28	06	00	27.4	-43.9	35	0
AL162004	OTTO	2004	11	28	12	00	28.2	-44	35	0
AL162004	OTTO	2004	11	28	18	00	28.7	-45.1	35	0
AL162004	OTTO	2004	11	29	00	00	28.8	-46.5	35	0
AL162004	OTTO	2004	11	29	06	00	29	-47.8	40	0
AL162004	OTTO	2004	11	29	12	00	29.6	-47.9	40	0
AL162004	OTTO	2004	11	29	18	00	30.2	-48.8	45	0
AL162004	OTTO	2004	11	30	00	00	30.7	-49.7	45	0
AL162004	OTTO	2004	11	30	06	00	30.9	-50.5	45	0
AL162004	OTTO	2004	11	30	12	00	31.3	-51	40	0
AL162004	OTTO	2004	11	30	18	00	31.7	-51	40	0
AL162004	OTTO	2004	12	01	00	00	31.8	-50.9	40	0
AL162004	OTTO	2004	12	01	06	00	31.9	-50.8	40	0
AL162004	OTTO	2004	12	01	12	00	31.6	-50.4	40	0
AL162004	OTTO	2004	12	01	18	00	31	-50.1	35	0
AL162004	OTTO	2004	12	02	00	00	30.5	-49.9	35	0
AL162004	OTTO	2004	12	02	06	00	29.9	-50.1	35	0
AL162004	OTTO	2004	12	02	12	00	29.1	-50.4	30	0
AL162004	OTTO	2004	12	02	18	00	28.5	-50.1	30	0
AL162004	OTTO	2004	12	03	00	00	27.9	-50.1	30	0
AL162004	OTTO	2004	12	03	06	00	27.2	-50.2	30	0
AL162004	OTTO	2004	12	03	12	00	26.5	-50.3	30	0
AL162004	OTTO	2004	12	03	18	00	26.2	-50.6	25	0
AL162004	OTTO	2004	12	04	00	00	25.8	-50.2	25	0
AL162004	OTTO	2004	12	04	06	00	25.4	-50.1	25	0
AL162004	OTTO	2004	12	04	12	00	25	-50.4	25	0
AL162004	OTTO	2004	12	04	18	00	25.1	-50.9	25	0
AL162004	OTTO	2004	12	05	00	00	25.5	-51.1	20	0
AL162004	OTTO	2004	12	05	06	00	25.9	-51.1	20	0
AL162004	OTTO	2004	12	05	12	00	26.1	-51.4	20	0
