AL161978	GRETA	1978	09	13	18	00	11	-62.5	25	0
AL161978	GRETA	1978	09	14	00	00	11.5	-64.5	25	0
AL161978	GRETA	1978	09	14	06	00	12	-66	30	0
AL161978	GRETA	1978	09	14	12	00	12.5	-67.5	35	0
AL161978	GRETA	1978	09	14	18	00	13	-69	35	0
AL161978	GRETA	1978	09	15	00	00	13.3	-70.4	40	0
AL161978	GRETA	1978	09	15	06	00	13.4	-71.7	40	0
AL161978	GRETA	1978	09	15	12	00	13.5	-73.1	45	0
AL161978	GRETA	1978	09	15	18	00	13.7	-74.2	50	0
AL161978	GRETA	1978	09	16	00	00	13.8	-75.3	55	0
AL161978	GRETA	1978	09	16	06	00	13.8	-76.7	60	0
AL161978	GRETA	1978	09	16	12	00	14	-77.7	70	1
AL161978	GRETA	1978	09	16	18	00	14.3	-78.7	75	1
AL161978	GRETA	1978	09	17	00	00	14.6	-79.6	80	1
AL161978	GRETA	1978	09	17	06	00	14.9	-80.5	85	2
AL161978	GRETA	1978	09	17	12	00	15.2	-81.6	90	2
AL161978	GRETA	1978	09	17	18	00	15.5	-82.6	95	2
AL161978	GRETA	1978	09	18	00	00	15.6	-83.4	110	3
AL161978	GRETA	1978	09	18	06	00	15.8	-84.3	115	4
AL161978	GRETA	1978	09	18	12	00	16.4	-85.6	105	3
AL161978	GRETA	1978	09	18	18	00	16.6	-86.9	100	3
AL161978	GRETA	1978	09	19	00	00	17	-88.2	95	2
AL161978	GRETA	1978	09	19	06	00	17	-89.4	50	0
AL161978	GRETA	1978	09	19	12	00	16.7	-90.7	30	0
AL161978	GRETA	1978	09	19	18	00	16	-92	30	0
AL161978	GRETA	1978	09	20	00	00	15.7	-93	30	0
