id,name,year,month,day,hour,minute,lat,lon,max_sustained_wind_kts,sshws
AL171972,UNNAMED,1972,10,05,12,00,11.5,-18,20,0
AL171972,UNNAMED,1972,10,05,18,00,11.4,-20,25,0
AL171972,UNNAMED,1972,10,06,00,00,11.3,-22,25,0
AL171972,UNNAMED,1972,10,06,06,00,11.2,-24,25,0
AL171972,UNNAMED,1972,10,06,12,00,11,-26,30,0
AL171972,UNNAMED,1972,10,06,18,00,11,-28,30,0
AL171972,UNNAMED,1972,10,07,00,00,11,-30,30,0
AL171972,UNNAMED,1972,10,07,06,00,11,-32,30,0
AL171972,UNNAMED,1972,10,07,12,00,11,-34,30,0
AL171972,UNNAMED,1972,10,07,18,00,11.2,-35.2,30,0
AL171972,UNNAMED,1972,10,08,00,00,11.5,-36.5,30,0
AL171972,UNNAMED,1972,10,08,06,00,11.7,-37.8,30,0
AL171972,UNNAMED,1972,10,08,12,00,12,-39,30,0
AL171972,UNNAMED,1972,10,08,18,00,12.3,-39.9,30,0
AL171972,UNNAMED,1972,10,09,00,00,12.7,-40.8,30,0
AL171972,UNNAMED,1972,10,09,06,00,13.1,-41.6,30,0
AL171972,UNNAMED,1972,10,09,12,00,13.5,-42.5,30,0
AL171972,UNNAMED,1972,10,09,18,00,14,-43.2,30,0
AL171972,UNNAMED,1972,10,10,00,00,14.5,-44,30,0
AL171972,UNNAMED,1972,10,10,06,00,15,-44.8,30,0
AL171972,UNNAMED,1972,10,10,12,00,15.5,-45.5,30,0
AL171972,UNNAMED,1972,10,10,18,00,16,-46.2,30,0
AL171972,UNNAMED,1972,10,11,00,00,16.5,-47,30,0
AL171972,UNNAMED,1972,10,11,06,00,17,-47.8,30,0
AL171972,UNNAMED,1972,10,11,12,00,17.5,-48.5,30,0
AL171972,UNNAMED,1972,10,11,18,00,17.9,-49.1,30,0
AL171972,UNNAMED,1972,10,12,00,00,18.3,-49.7,30,0
AL171972,UNNAMED,1972,10,12,06,00,19.1,-50.3,30,0
AL171972,UNNAMED,1972,10,12,12,00,20,-51,30,0
AL171972,UNNAMED,1972,10,12,18,00,20.7,-51.5,30,0
AL171972,UNNAMED,1972,10,13,00,00,21.5,-52,30,0
AL171972,UNNAMED,1972,10,13,06,00,22.2,-52.5,30,0
AL171972,UNNAMED,1972,10,13,12,00,23,-53,30,0
AL171972,UNNAMED,1972,10,13,18,00,24.4,-53.2,30,0
AL171972,UNNAMED,1972,10,14,00,00,25.8,-53.5,30,0
AL171972,UNNAMED,1972,10,14,06,00,27.1,-53.7,30,0
AL171972,UNNAMED,1972,10,14,12,00,28.5,-54,30,0
AL171972,UNNAMED,1972,10,14,18,00,29.8,-53.3,30,0
AL171972,UNNAMED,1972,10,15,00,00,31.2,-52.5,25,0
AL171972,UNNAMED,1972,10,15,06,00,32.6,-51.8,25,0
AL171972,UNNAMED,1972,10,15,12,00,34,-51,20,0
