AL172007	OLGA	2007	12	10	12	00	18.3	-61.8	35	0
AL172007	OLGA	2007	12	10	18	00	18.3	-63.2	35	0
AL172007	OLGA	2007	12	11	00	00	18.4	-64.7	35	0
AL172007	OLGA	2007	12	11	06	00	18.5	-66.3	40	0
AL172007	OLGA	2007	12	11	07	00	18.4	-66.5	40	0
AL172007	OLGA	2007	12	11	12	00	18.3	-67.4	45	0
AL172007	OLGA	2007	12	11	18	00	18.5	-68.4	50	0
AL172007	OLGA	2007	12	12	00	00	19	-70	50	0
AL172007	OLGA	2007	12	12	06	00	19.1	-71.9	40	0
AL172007	OLGA	2007	12	12	12	00	19.1	-73.8	35	0
AL172007	OLGA	2007	12	12	18	00	19	-75.7	30	0
AL172007	OLGA	2007	12	13	00	00	18.9	-77.2	30	0
AL172007	OLGA	2007	12	13	06	00	19	-78.7	30	0
AL172007	OLGA	2007	12	13	12	00	19.4	-80.1	30	0
AL172007	OLGA	2007	12	13	18	00	19.6	-81.3	30	0
AL172007	OLGA	2007	12	14	00	00	19.7	-82.3	30	0
AL172007	OLGA	2007	12	14	06	00	19.7	-83.3	30	0
AL172007	OLGA	2007	12	14	12	00	19.6	-84.2	30	0
AL172007	OLGA	2007	12	14	18	00	19.5	-85.1	30	0
AL172007	OLGA	2007	12	15	00	00	20	-85.8	30	0
AL172007	OLGA	2007	12	15	06	00	20.6	-86.5	30	0
AL172007	OLGA	2007	12	15	12	00	21.7	-87.4	30	0
AL172007	OLGA	2007	12	15	18	00	23.3	-88.2	30	0
AL172007	OLGA	2007	12	16	00	00	25	-87.2	30	0
AL172007	OLGA	2007	12	16	06	00	26.3	-85.2	25	0
