id,name,year,month,day,hour,minute,lat,lon,max_sustained_wind_kts,sshws
AL171995,OPAL,1995,09,27,18,00,19.1,-87.3,25,0
AL171995,OPAL,1995,09,28,00,00,19.4,-87.5,25,0
AL171995,OPAL,1995,09,28,06,00,19.4,-87.9,25,0
AL171995,OPAL,1995,09,28,12,00,19.3,-88.2,25,0
AL171995,OPAL,1995,09,28,18,00,19.3,-88.4,25,0
AL171995,OPAL,1995,09,29,00,00,19.4,-88.4,25,0
AL171995,OPAL,1995,09,29,06,00,19.5,-88.4,25,0
AL171995,OPAL,1995,09,29,12,00,19.6,-88.3,25,0
AL171995,OPAL,1995,09,29,18,00,19.8,-88.2,30,0
AL171995,OPAL,1995,09,30,00,00,20.1,-88.2,30,0
AL171995,OPAL,1995,09,30,06,00,20.6,-88.3,30,0
AL171995,OPAL,1995,09,30,12,00,21.1,-88.5,35,0
AL171995,OPAL,1995,09,30,18,00,21.4,-89.1,40,0
AL171995,OPAL,1995,10,01,00,00,21.3,-89.9,45,0
AL171995,OPAL,1995,10,01,06,00,21.1,-90.7,45,0
AL171995,OPAL,1995,10,01,12,00,20.9,-91.2,45,0
AL171995,OPAL,1995,10,01,18,00,20.8,-91.6,50,0
AL171995,OPAL,1995,10,02,00,00,20.7,-91.9,55,0
AL171995,OPAL,1995,10,02,06,00,20.8,-92.1,60,0
AL171995,OPAL,1995,10,02,12,00,21,-92.3,65,1
AL171995,OPAL,1995,10,02,18,00,21.2,-92.3,65,1
AL171995,OPAL,1995,10,03,00,00,21.7,-92.2,70,1
AL171995,OPAL,1995,10,03,06,00,22.2,-92,75,1
AL171995,OPAL,1995,10,03,12,00,22.8,-91.6,80,1
AL171995,OPAL,1995,10,03,18,00,23.5,-91,85,2
AL171995,OPAL,1995,10,04,00,00,24.5,-90.1,100,3
AL171995,OPAL,1995,10,04,06,00,25.9,-89.4,110,3
AL171995,OPAL,1995,10,04,10,00,26.6,-88.8,130,4
AL171995,OPAL,1995,10,04,12,00,27.3,-88.5,130,4
AL171995,OPAL,1995,10,04,18,00,29,-87.7,110,3
AL171995,OPAL,1995,10,04,22,00,30.3,-87.1,100,3
AL171995,OPAL,1995,10,05,00,00,31,-86.8,80,1
AL171995,OPAL,1995,10,05,06,00,33.2,-86.2,50,0
AL171995,OPAL,1995,10,05,12,00,35.4,-85.7,30,0
AL171995,OPAL,1995,10,05,18,00,38.5,-83.5,40,0
AL171995,OPAL,1995,10,06,00,00,40.5,-82.3,40,0
AL171995,OPAL,1995,10,06,06,00,42,-80.5,40,0
AL171995,OPAL,1995,10,06,12,00,43.3,-78.4,35,0
AL171995,OPAL,1995,10,06,18,00,44.5,-76.5,30,0
