AL171976	GLORIA	1976	09	26	12	00	23	-58	20	0
AL171976	GLORIA	1976	09	26	18	00	23.7	-58.1	20	0
AL171976	GLORIA	1976	09	27	00	00	24.3	-58.2	25	0
AL171976	GLORIA	1976	09	27	06	00	24.9	-58.1	30	0
AL171976	GLORIA	1976	09	27	12	00	25.7	-58	35	0
AL171976	GLORIA	1976	09	27	18	00	26.3	-58	45	0
AL171976	GLORIA	1976	09	28	00	00	27	-58	55	0
AL171976	GLORIA	1976	09	28	06	00	27.5	-58.2	60	0
AL171976	GLORIA	1976	09	28	12	00	27.8	-58.6	60	0
AL171976	GLORIA	1976	09	28	18	00	28.2	-59	60	0
AL171976	GLORIA	1976	09	29	00	00	28.6	-59.5	60	0
AL171976	GLORIA	1976	09	29	06	00	29.1	-59.8	65	1
AL171976	GLORIA	1976	09	29	12	00	29.7	-60.2	65	1
AL171976	GLORIA	1976	09	29	18	00	30.2	-60.3	70	1
AL171976	GLORIA	1976	09	30	00	00	31.1	-60.2	80	1
AL171976	GLORIA	1976	09	30	06	00	32.2	-59.8	85	2
AL171976	GLORIA	1976	09	30	12	00	33.1	-58.8	90	2
AL171976	GLORIA	1976	09	30	18	00	34	-57.5	90	2
AL171976	GLORIA	1976	10	01	00	00	34.7	-56.1	90	2
AL171976	GLORIA	1976	10	01	06	00	35.3	-54.8	85	2
AL171976	GLORIA	1976	10	01	12	00	35.7	-53.7	80	1
AL171976	GLORIA	1976	10	01	18	00	36.1	-52.6	75	1
AL171976	GLORIA	1976	10	02	00	00	36.4	-51.7	70	1
AL171976	GLORIA	1976	10	02	06	00	36.6	-50.8	60	0
AL171976	GLORIA	1976	10	02	12	00	36.8	-49.9	60	0
AL171976	GLORIA	1976	10	02	18	00	36.9	-49	55	0
AL171976	GLORIA	1976	10	03	00	00	36.8	-48.3	50	0
AL171976	GLORIA	1976	10	03	06	00	36.4	-47.6	45	0
AL171976	GLORIA	1976	10	03	12	00	36.2	-46.9	40	0
AL171976	GLORIA	1976	10	03	18	00	35.8	-45.8	40	0
AL171976	GLORIA	1976	10	04	00	00	35.7	-44.6	35	0
AL171976	GLORIA	1976	10	04	06	00	36	-43	30	0
AL171976	GLORIA	1976	10	04	12	00	36.5	-41.4	30	0
AL171976	GLORIA	1976	10	04	18	00	37.4	-38.7	30	0
AL171976	GLORIA	1976	10	05	00	00	39	-35	30	0
