id,name,year,month,day,hour,minute,lat,lon,max_sustained_wind_kts,sshws
AL171933,UNNAMED,1933,10,01,06,00,15.3,-81.4,35,0
AL171933,UNNAMED,1933,10,01,12,00,15.5,-81.5,35,0
AL171933,UNNAMED,1933,10,01,18,00,15.7,-81.5,35,0
AL171933,UNNAMED,1933,10,02,00,00,15.9,-81.5,40,0
AL171933,UNNAMED,1933,10,02,06,00,16.2,-81.5,45,0
AL171933,UNNAMED,1933,10,02,12,00,16.6,-81.5,50,0
AL171933,UNNAMED,1933,10,02,18,00,17.3,-81.6,55,0
AL171933,UNNAMED,1933,10,03,00,00,18.1,-81.7,65,1
AL171933,UNNAMED,1933,10,03,06,00,18.9,-81.7,70,1
AL171933,UNNAMED,1933,10,03,12,00,19.7,-81.7,75,1
AL171933,UNNAMED,1933,10,03,18,00,20.5,-81.8,80,1
AL171933,UNNAMED,1933,10,04,00,00,21.3,-81.9,85,2
AL171933,UNNAMED,1933,10,04,06,00,22,-82,90,2
AL171933,UNNAMED,1933,10,04,12,00,22.7,-82.1,90,2
AL171933,UNNAMED,1933,10,04,18,00,23.3,-82.3,85,2
AL171933,UNNAMED,1933,10,05,00,00,23.7,-82,90,2
AL171933,UNNAMED,1933,10,05,06,00,24.2,-81,95,2
AL171933,UNNAMED,1933,10,05,12,00,24.8,-79.7,100,3
AL171933,UNNAMED,1933,10,05,18,00,25.9,-78.1,105,3
AL171933,UNNAMED,1933,10,06,00,00,27.2,-76.3,110,3
AL171933,UNNAMED,1933,10,06,06,00,28.5,-74.6,110,3
AL171933,UNNAMED,1933,10,06,12,00,29.8,-73.1,110,3
AL171933,UNNAMED,1933,10,06,18,00,31.5,-71.2,105,3
AL171933,UNNAMED,1933,10,07,00,00,33.6,-69.4,95,2
AL171933,UNNAMED,1933,10,07,06,00,35.5,-68,85,2
AL171933,UNNAMED,1933,10,07,12,00,37.4,-67,80,1
AL171933,UNNAMED,1933,10,07,18,00,39.3,-66.1,80,1
AL171933,UNNAMED,1933,10,08,00,00,41.2,-65.2,80,1
AL171933,UNNAMED,1933,10,08,06,00,42.9,-64.3,75,1
AL171933,UNNAMED,1933,10,08,12,00,44,-63.3,70,1
AL171933,UNNAMED,1933,10,08,18,00,44.5,-62.1,65,1
AL171933,UNNAMED,1933,10,09,00,00,44.5,-60,55,0
AL171933,UNNAMED,1933,10,09,06,00,44,-55.5,45,0
