id,name,year,month,day,hour,minute,lat,lon,max_sustained_wind_kts,sshws
AL171980,UNNAMED,1980,11,12,12,00,13,-80,20,0
AL171980,UNNAMED,1980,11,12,18,00,13.4,-80.7,20,0
AL171980,UNNAMED,1980,11,13,00,00,14,-81.2,25,0
AL171980,UNNAMED,1980,11,13,06,00,14.4,-81.9,25,0
AL171980,UNNAMED,1980,11,13,12,00,15,-82.4,30,0
AL171980,UNNAMED,1980,11,13,18,00,15.9,-83,30,0
AL171980,UNNAMED,1980,11,14,00,00,16.4,-83.5,30,0
AL171980,UNNAMED,1980,11,14,06,00,17.1,-83.8,30,0
AL171980,UNNAMED,1980,11,14,12,00,18,-83.9,30,0
AL171980,UNNAMED,1980,11,14,18,00,18.8,-83.8,30,0
AL171980,UNNAMED,1980,11,15,00,00,19.4,-83.6,30,0
AL171980,UNNAMED,1980,11,15,06,00,20,-83.3,30,0
AL171980,UNNAMED,1980,11,15,12,00,20.7,-83,30,0
AL171980,UNNAMED,1980,11,15,18,00,21.1,-82.9,30,0
AL171980,UNNAMED,1980,11,16,00,00,21.7,-82.8,25,0
AL171980,UNNAMED,1980,11,16,06,00,22.2,-82.7,25,0
AL171980,UNNAMED,1980,11,16,12,00,22.9,-82.8,25,0
AL171980,UNNAMED,1980,11,16,18,00,23.9,-82.9,30,0
AL171980,UNNAMED,1980,11,17,00,00,24.4,-83,30,0
AL171980,UNNAMED,1980,11,17,06,00,25.2,-83.2,30,0
AL171980,UNNAMED,1980,11,17,12,00,26,-83.5,30,0
AL171980,UNNAMED,1980,11,17,18,00,27.2,-83.2,25,0
AL171980,UNNAMED,1980,11,18,00,00,28,-83,25,0
AL171980,UNNAMED,1980,11,18,06,00,29,-82,20,0
AL171980,UNNAMED,1980,11,18,12,00,30,-81,20,0
