AL171971	HEIDI	1971	09	11	00	00	27.1	-72	30	0
AL171971	HEIDI	1971	09	11	06	00	27.2	-72.3	30	0
AL171971	HEIDI	1971	09	11	12	00	27.5	-72.8	30	0
AL171971	HEIDI	1971	09	11	18	00	27.9	-73.3	30	0
AL171971	HEIDI	1971	09	12	00	00	28.6	-73.8	30	0
AL171971	HEIDI	1971	09	12	06	00	29.2	-74	40	0
AL171971	HEIDI	1971	09	12	12	00	30	-73.9	45	0
AL171971	HEIDI	1971	09	12	18	00	30.8	-73.5	45	0
AL171971	HEIDI	1971	09	13	00	00	31.7	-72.8	45	0
AL171971	HEIDI	1971	09	13	06	00	32.7	-72	45	0
AL171971	HEIDI	1971	09	13	12	00	33.8	-71.3	45	0
AL171971	HEIDI	1971	09	13	18	00	35.3	-70.3	50	0
AL171971	HEIDI	1971	09	14	00	00	37.1	-69.9	55	0
AL171971	HEIDI	1971	09	14	06	00	39.4	-69.3	50	0
AL171971	HEIDI	1971	09	14	12	00	41.6	-68.8	50	0
AL171971	HEIDI	1971	09	14	18	00	43.7	-68.7	40	0
AL171971	HEIDI	1971	09	15	00	00	45.5	-69	25	0
