AL171984	UNNAMED	1984	10	25	06	00	26.2	-71.4	20	0
AL171984	UNNAMED	1984	10	25	12	00	26.8	-73	25	0
AL171984	UNNAMED	1984	10	25	18	00	27	-74.6	25	0
AL171984	UNNAMED	1984	10	26	00	00	26.9	-76.2	30	0
AL171984	UNNAMED	1984	10	26	06	00	26.9	-77.9	30	0
AL171984	UNNAMED	1984	10	26	12	00	27	-79.2	30	0
AL171984	UNNAMED	1984	10	26	18	00	27.2	-81.1	25	0
AL171984	UNNAMED	1984	10	27	00	00	27.8	-83	25	0
AL171984	UNNAMED	1984	10	27	06	00	28	-84.8	25	0
AL171984	UNNAMED	1984	10	27	12	00	28.5	-86.5	30	0
AL171984	UNNAMED	1984	10	27	18	00	29.5	-87.8	30	0
AL171984	UNNAMED	1984	10	28	00	00	30.8	-89	-99	0
