id,name,year,month,day,hour,minute,lat,lon,max_sustained_wind_kts,sshws
AL171981,UNNAMED,1981,09,12,00,00,11.8,-73.8,20,0
AL171981,UNNAMED,1981,09,12,06,00,11.9,-74.9,25,0
AL171981,UNNAMED,1981,09,12,12,00,12,-76,25,0
AL171981,UNNAMED,1981,09,12,18,00,12.2,-77.1,30,0
AL171981,UNNAMED,1981,09,13,00,00,12.3,-78.2,30,0
AL171981,UNNAMED,1981,09,13,06,00,12.4,-79.4,30,0
AL171981,UNNAMED,1981,09,13,12,00,12.5,-80.6,30,0
AL171981,UNNAMED,1981,09,13,18,00,12.8,-81.4,30,0
AL171981,UNNAMED,1981,09,14,00,00,12.9,-82.3,30,0
AL171981,UNNAMED,1981,09,14,06,00,12.9,-83.2,25,0
AL171981,UNNAMED,1981,09,14,12,00,13,-84,-99,0
