id,name,year,month,day,hour,minute,lat,lon,max_sustained_wind_kts,sshws
AL171936,UNNAMED,1936,12,02,12,00,27,-27,40,0
AL171936,UNNAMED,1936,12,02,18,00,28,-27.5,40,0
AL171936,UNNAMED,1936,12,03,00,00,28.8,-28,40,0
AL171936,UNNAMED,1936,12,03,06,00,29.5,-28.5,40,0
AL171936,UNNAMED,1936,12,03,12,00,30,-29,40,0
AL171936,UNNAMED,1936,12,03,18,00,30.4,-29.4,40,0
AL171936,UNNAMED,1936,12,04,00,00,30.7,-29.7,40,0
AL171936,UNNAMED,1936,12,04,06,00,30.8,-30.1,40,0
AL171936,UNNAMED,1936,12,04,12,00,31,-30.5,40,0
AL171936,UNNAMED,1936,12,04,18,00,31.3,-31.1,40,0
AL171936,UNNAMED,1936,12,05,00,00,31.7,-32,40,0
AL171936,UNNAMED,1936,12,05,06,00,32.2,-33.1,40,0
AL171936,UNNAMED,1936,12,05,12,00,32.6,-34.1,45,0
AL171936,UNNAMED,1936,12,05,18,00,33,-35,45,0
AL171936,UNNAMED,1936,12,06,00,00,33.3,-35.7,50,0
AL171936,UNNAMED,1936,12,06,06,00,33.6,-36.1,50,0
AL171936,UNNAMED,1936,12,06,12,00,33.9,-36.4,55,0
AL171936,UNNAMED,1936,12,06,18,00,33.8,-37,55,0
AL171936,UNNAMED,1936,12,07,00,00,33.3,-38,55,0
AL171936,UNNAMED,1936,12,07,06,00,32.2,-39.7,55,0
AL171936,UNNAMED,1936,12,07,12,00,31,-42,50,0
AL171936,UNNAMED,1936,12,07,18,00,29.7,-44,50,0
AL171936,UNNAMED,1936,12,08,00,00,28.4,-45.8,50,0
AL171936,UNNAMED,1936,12,08,06,00,27.1,-47.5,50,0
AL171936,UNNAMED,1936,12,08,12,00,26,-49,50,0
AL171936,UNNAMED,1936,12,08,18,00,25.2,-50,50,0
AL171936,UNNAMED,1936,12,09,00,00,24.4,-50.5,45,0
AL171936,UNNAMED,1936,12,09,06,00,23.7,-50.8,45,0
AL171936,UNNAMED,1936,12,09,12,00,23,-51,40,0
AL171936,UNNAMED,1936,12,09,18,00,22.3,-51.3,40,0
AL171936,UNNAMED,1936,12,10,00,00,21.6,-51.7,40,0
AL171936,UNNAMED,1936,12,10,06,00,20.9,-52.1,40,0
AL171936,UNNAMED,1936,12,10,12,00,20.5,-52.5,35,0
AL171936,UNNAMED,1936,12,10,18,00,20.7,-52.8,35,0
AL171936,UNNAMED,1936,12,11,00,00,21,-53.1,35,0
AL171936,UNNAMED,1936,12,11,06,00,21.3,-53.5,35,0
AL171936,UNNAMED,1936,12,11,12,00,21.7,-54,35,0
AL171936,UNNAMED,1936,12,11,18,00,22,-55,35,0
AL171936,UNNAMED,1936,12,12,00,00,22.3,-56,35,0
AL171936,UNNAMED,1936,12,12,06,00,22.6,-57,35,0
AL171936,UNNAMED,1936,12,12,12,00,23,-58,35,0
AL171936,UNNAMED,1936,12,12,18,00,23.7,-59,35,0
AL171936,UNNAMED,1936,12,13,00,00,24.5,-60,35,0
AL171936,UNNAMED,1936,12,13,06,00,25.4,-61,35,0
AL171936,UNNAMED,1936,12,13,12,00,26.2,-62,35,0
AL171936,UNNAMED,1936,12,13,18,00,26.9,-62.8,35,0
AL171936,UNNAMED,1936,12,14,00,00,27.6,-63.4,35,0
AL171936,UNNAMED,1936,12,14,06,00,28.3,-63.7,35,0
AL171936,UNNAMED,1936,12,14,12,00,29,-63.5,35,0
AL171936,UNNAMED,1936,12,14,18,00,29.9,-62.8,40,0
AL171936,UNNAMED,1936,12,15,00,00,31,-61.5,40,0
AL171936,UNNAMED,1936,12,15,06,00,32.3,-60,45,0
AL171936,UNNAMED,1936,12,15,12,00,34,-58,50,0
AL171936,UNNAMED,1936,12,15,18,00,36.3,-55,50,0
AL171936,UNNAMED,1936,12,16,00,00,40,-51,50,0
