AL181975	UNNAMED	1975	10	14	12	00	21	-92	20	0
AL181975	UNNAMED	1975	10	14	18	00	21.6	-92.5	25	0
AL181975	UNNAMED	1975	10	15	00	00	22.2	-93	25	0
AL181975	UNNAMED	1975	10	15	06	00	22.8	-93.5	30	0
AL181975	UNNAMED	1975	10	15	12	00	23.5	-94	30	0
AL181975	UNNAMED	1975	10	15	18	00	24.4	-93.8	30	0
AL181975	UNNAMED	1975	10	16	00	00	25.3	-93.5	30	0
AL181975	UNNAMED	1975	10	16	06	00	26.2	-93.2	30	0
AL181975	UNNAMED	1975	10	16	12	00	27	-93	30	0
AL181975	UNNAMED	1975	10	16	18	00	27.8	-92.4	30	0
AL181975	UNNAMED	1975	10	17	00	00	28.5	-91.5	25	0
AL181975	UNNAMED	1975	10	17	06	00	29.2	-90.7	25	0
AL181975	UNNAMED	1975	10	17	12	00	30	-90	-99	0
