AL181887	UNNAMED	1887	12	04	12	00	19.2	-54.1	35	0
AL181887	UNNAMED	1887	12	04	18	00	20.7	-57.4	35	0
AL181887	UNNAMED	1887	12	05	00	00	22.1	-60	40	0
AL181887	UNNAMED	1887	12	05	06	00	23.5	-61.9	40	0
AL181887	UNNAMED	1887	12	05	12	00	24.8	-62.8	45	0
AL181887	UNNAMED	1887	12	05	18	00	26.1	-63.2	45	0
AL181887	UNNAMED	1887	12	06	00	00	27.6	-63	50	0
AL181887	UNNAMED	1887	12	06	06	00	28.6	-62	50	0
AL181887	UNNAMED	1887	12	06	12	00	29.8	-60.9	55	0
AL181887	UNNAMED	1887	12	06	18	00	31.2	-58.9	60	0
AL181887	UNNAMED	1887	12	07	00	00	32.6	-57.1	65	1
AL181887	UNNAMED	1887	12	07	06	00	34	-55.6	70	1
AL181887	UNNAMED	1887	12	07	12	00	35.3	-54.3	70	1
AL181887	UNNAMED	1887	12	07	18	00	36.1	-51.8	70	1
AL181887	UNNAMED	1887	12	08	00	00	36.4	-49.1	70	1
AL181887	UNNAMED	1887	12	08	06	00	36.7	-46.4	70	1
AL181887	UNNAMED	1887	12	08	12	00	37.1	-43.9	70	1
AL181887	UNNAMED	1887	12	08	18	00	37.7	-41.7	65	1
AL181887	UNNAMED	1887	12	09	00	00	38.4	-39.6	60	0
AL181887	UNNAMED	1887	12	09	06	00	39.2	-37.7	60	0
AL181887	UNNAMED	1887	12	09	12	00	40	-36	60	0
AL181887	UNNAMED	1887	12	09	18	00	40.9	-34.6	55	0
AL181887	UNNAMED	1887	12	10	00	00	41.9	-33.4	50	0
AL181887	UNNAMED	1887	12	10	06	00	43	-32.5	45	0
AL181887	UNNAMED	1887	12	10	12	00	44.2	-31.8	40	0
AL181887	UNNAMED	1887	12	10	18	00	45.4	-31.3	35	0
