id,name,year,month,day,hour,minute,lat,lon,max_sustained_wind_kts,sshws
AL181980,KARL,1980,11,25,00,00,36,-46,50,0
AL181980,KARL,1980,11,25,06,00,36.8,-44.8,50,0
AL181980,KARL,1980,11,25,12,00,37.2,-44.5,55,0
AL181980,KARL,1980,11,25,18,00,37.7,-44.7,65,1
AL181980,KARL,1980,11,26,00,00,37.4,-44.8,70,1
AL181980,KARL,1980,11,26,06,00,37,-44.2,75,1
AL181980,KARL,1980,11,26,12,00,36.8,-42.5,75,1
AL181980,KARL,1980,11,26,18,00,37.1,-40.5,75,1
AL181980,KARL,1980,11,27,00,00,37.8,-38.3,70,1
AL181980,KARL,1980,11,27,06,00,38.9,-36.5,65,1
AL181980,KARL,1980,11,27,12,00,40.4,-34.9,65,1
AL181980,KARL,1980,11,27,18,00,42.3,-33.1,65,1
AL181980,KARL,1980,11,28,00,00,45,-32,65,1
