AL182003	MINDY	2003	10	10	18	00	19.1	-68.8	40	0
AL182003	MINDY	2003	10	11	00	00	20.1	-69.7	40	0
AL182003	MINDY	2003	10	11	06	00	20.9	-70.4	40	0
AL182003	MINDY	2003	10	11	12	00	21.8	-71.3	35	0
AL182003	MINDY	2003	10	11	18	00	22.7	-71.5	35	0
AL182003	MINDY	2003	10	12	00	00	23.6	-71.9	35	0
AL182003	MINDY	2003	10	12	06	00	24	-72.4	30	0
AL182003	MINDY	2003	10	12	12	00	24.7	-72.2	30	0
AL182003	MINDY	2003	10	12	18	00	25.5	-72	30	0
AL182003	MINDY	2003	10	13	00	00	25.6	-71	30	0
AL182003	MINDY	2003	10	13	06	00	25.7	-70.3	30	0
AL182003	MINDY	2003	10	13	12	00	25.8	-69.3	30	0
AL182003	MINDY	2003	10	13	18	00	25.9	-68.3	30	0
AL182003	MINDY	2003	10	14	00	00	25.9	-67.7	25	0
