id,name,year,month,day,hour,minute,lat,lon,max_sustained_wind_kts,sshws
AL181971,IRENE,1971,09,11,18,00,11,-48.5,25,0
AL181971,IRENE,1971,09,12,00,00,11.3,-50.3,25,0
AL181971,IRENE,1971,09,12,06,00,11.8,-52.2,25,0
AL181971,IRENE,1971,09,12,12,00,12.1,-53.8,25,0
AL181971,IRENE,1971,09,12,18,00,12.5,-55,25,0
AL181971,IRENE,1971,09,13,00,00,12.5,-56.5,25,0
AL181971,IRENE,1971,09,13,06,00,12.5,-57.8,25,0
AL181971,IRENE,1971,09,13,12,00,12.5,-59,25,0
AL181971,IRENE,1971,09,13,18,00,12.3,-59.8,25,0
AL181971,IRENE,1971,09,14,00,00,12.2,-60.3,25,0
AL181971,IRENE,1971,09,14,06,00,12.1,-60.8,25,0
AL181971,IRENE,1971,09,14,12,00,12,-61.4,25,0
AL181971,IRENE,1971,09,14,18,00,11.9,-62.1,25,0
AL181971,IRENE,1971,09,15,00,00,11.7,-63,30,0
AL181971,IRENE,1971,09,15,06,00,11.5,-64,30,0
AL181971,IRENE,1971,09,15,12,00,11.4,-65,30,0
AL181971,IRENE,1971,09,15,18,00,11.5,-66.2,30,0
AL181971,IRENE,1971,09,16,00,00,11.9,-67.5,30,0
AL181971,IRENE,1971,09,16,06,00,12.2,-69,30,0
AL181971,IRENE,1971,09,16,12,00,12.5,-70.5,30,0
AL181971,IRENE,1971,09,16,18,00,12.6,-71.7,30,0
AL181971,IRENE,1971,09,17,00,00,12.5,-73,35,0
AL181971,IRENE,1971,09,17,06,00,12.4,-74.5,35,0
AL181971,IRENE,1971,09,17,12,00,12.3,-76,40,0
AL181971,IRENE,1971,09,17,18,00,12.1,-77.5,45,0
AL181971,IRENE,1971,09,18,00,00,12,-79,50,0
AL181971,IRENE,1971,09,18,06,00,11.7,-80.5,55,0
AL181971,IRENE,1971,09,18,12,00,11.5,-81.5,60,0
AL181971,IRENE,1971,09,18,18,00,11.4,-82.3,70,1
AL181971,IRENE,1971,09,19,00,00,11.3,-82.9,65,1
AL181971,IRENE,1971,09,19,06,00,11.4,-83.5,65,1
AL181971,IRENE,1971,09,19,12,00,11.5,-84.3,60,0
AL181971,IRENE,1971,09,19,18,00,11.7,-85,50,0
AL181971,IRENE,1971,09,20,00,00,11.9,-85.8,30,0
AL181971,IRENE,1971,09,20,06,00,12.2,-86.5,30,0
AL181971,IRENE,1971,09,20,12,00,12.3,-87.2,35,0
AL181971,IRENE,1971,09,20,18,00,12.5,-87.9,35,0
