id,name,year,month,day,hour,minute,lat,lon,max_sustained_wind_kts,sshws
AL181974,UNNAMED,1974,10,04,00,00,21,-75.2,30,0
AL181974,UNNAMED,1974,10,04,06,00,21.2,-75.3,30,0
AL181974,UNNAMED,1974,10,04,12,00,21.4,-75.4,30,0
AL181974,UNNAMED,1974,10,04,18,00,21.6,-75.5,30,0
AL181974,UNNAMED,1974,10,05,00,00,21.8,-75.6,30,0
AL181974,UNNAMED,1974,10,05,06,00,22,-75.8,30,0
AL181974,UNNAMED,1974,10,05,12,00,22.4,-76.1,30,0
AL181974,UNNAMED,1974,10,05,18,00,23.1,-76.5,30,0
AL181974,UNNAMED,1974,10,06,00,00,23.8,-77,40,0
AL181974,UNNAMED,1974,10,06,06,00,24.4,-77.8,40,0
AL181974,UNNAMED,1974,10,06,12,00,25,-78.7,40,0
AL181974,UNNAMED,1974,10,06,18,00,25.8,-79.3,40,0
AL181974,UNNAMED,1974,10,07,00,00,26.8,-79.8,45,0
AL181974,UNNAMED,1974,10,07,06,00,28,-80,40,0
AL181974,UNNAMED,1974,10,07,12,00,29.3,-79.7,40,0
AL181974,UNNAMED,1974,10,07,18,00,30.7,-78.8,40,0
AL181974,UNNAMED,1974,10,08,00,00,32,-77,35,0
AL181974,UNNAMED,1974,10,08,06,00,33.1,-74.5,35,0
AL181974,UNNAMED,1974,10,08,12,00,34.2,-71.2,30,0
AL181974,UNNAMED,1974,10,08,18,00,35.5,-67.4,30,0
AL181974,UNNAMED,1974,10,09,00,00,37,-63,25,0
