AL181970	UNNAMED	1970	10	12	12	00	24.5	-68.5	30	0
AL181970	UNNAMED	1970	10	12	18	00	25	-67.9	30	0
AL181970	UNNAMED	1970	10	13	00	00	25.5	-67	30	0
AL181970	UNNAMED	1970	10	13	06	00	25.9	-65.5	35	0
AL181970	UNNAMED	1970	10	13	12	00	26.3	-64	35	0
AL181970	UNNAMED	1970	10	13	18	00	26.7	-63.6	35	0
AL181970	UNNAMED	1970	10	14	00	00	27	-63.5	40	0
AL181970	UNNAMED	1970	10	14	06	00	27	-65	40	0
AL181970	UNNAMED	1970	10	14	12	00	27	-66.5	45	0
AL181970	UNNAMED	1970	10	14	18	00	27.3	-67.2	45	0
AL181970	UNNAMED	1970	10	15	00	00	27.5	-67.5	50	0
AL181970	UNNAMED	1970	10	15	06	00	27.8	-67.6	55	0
AL181970	UNNAMED	1970	10	15	12	00	28	-67.5	55	0
AL181970	UNNAMED	1970	10	15	18	00	28.8	-67.4	60	0
AL181970	UNNAMED	1970	10	16	00	00	30	-67	60	0
AL181970	UNNAMED	1970	10	16	06	00	30.7	-66.6	60	0
AL181970	UNNAMED	1970	10	16	12	00	31.5	-66	65	1
AL181970	UNNAMED	1970	10	16	18	00	32.5	-64.7	70	1
AL181970	UNNAMED	1970	10	17	00	00	34	-63	75	1
AL181970	UNNAMED	1970	10	17	06	00	36.5	-61.7	85	2
AL181970	UNNAMED	1970	10	17	12	00	39	-61	90	2
AL181970	UNNAMED	1970	10	17	18	00	42.5	-57.5	70	1
AL181970	UNNAMED	1970	10	18	00	00	47	-53	55	0
