AL181972	UNNAMED	1972	10	16	12	00	12	-29	20	0
AL181972	UNNAMED	1972	10	16	18	00	12	-30	25	0
AL181972	UNNAMED	1972	10	17	00	00	12	-31	25	0
AL181972	UNNAMED	1972	10	17	06	00	12	-32	25	0
AL181972	UNNAMED	1972	10	17	12	00	12	-33	25	0
AL181972	UNNAMED	1972	10	17	18	00	12.2	-33.8	25	0
AL181972	UNNAMED	1972	10	18	00	00	12.5	-34.5	25	0
AL181972	UNNAMED	1972	10	18	06	00	12.7	-35.2	25	0
AL181972	UNNAMED	1972	10	18	12	00	13	-36	25	0
AL181972	UNNAMED	1972	10	18	18	00	13.2	-36.7	25	0
AL181972	UNNAMED	1972	10	19	00	00	13.3	-37.5	25	0
AL181972	UNNAMED	1972	10	19	06	00	13.4	-38.2	25	0
AL181972	UNNAMED	1972	10	19	12	00	13.5	-39	25	0
AL181972	UNNAMED	1972	10	19	18	00	13.6	-38.7	25	0
AL181972	UNNAMED	1972	10	20	00	00	13.7	-38.3	20	0
AL181972	UNNAMED	1972	10	20	06	00	13.8	-37.9	20	0
AL181972	UNNAMED	1972	10	20	12	00	14	-37.5	20	0
