id,name,year,month,day,hour,minute,lat,lon,max_sustained_wind_kts,sshws
AL181978,UNNAMED,1978,09,21,12,00,20,-91,20,0
AL181978,UNNAMED,1978,09,21,18,00,20.2,-92,25,0
AL181978,UNNAMED,1978,09,22,00,00,20.5,-93,25,0
AL181978,UNNAMED,1978,09,22,06,00,20.8,-94,30,0
AL181978,UNNAMED,1978,09,22,12,00,21,-95,30,0
AL181978,UNNAMED,1978,09,22,18,00,21.2,-95.8,30,0
AL181978,UNNAMED,1978,09,23,00,00,21.5,-96.5,30,0
AL181978,UNNAMED,1978,09,23,06,00,21.8,-97.2,25,0
AL181978,UNNAMED,1978,09,23,12,00,22,-98,-99,0
