id,name,year,month,day,hour,minute,lat,lon,max_sustained_wind_kts,sshws
AL181933,UNNAMED,1933,10,25,06,00,13.5,-80.1,25,0
AL181933,UNNAMED,1933,10,25,12,00,13.6,-79.7,25,0
AL181933,UNNAMED,1933,10,25,18,00,13.6,-79.1,25,0
AL181933,UNNAMED,1933,10,26,00,00,13.6,-78.5,25,0
AL181933,UNNAMED,1933,10,26,06,00,13.7,-77.9,30,0
AL181933,UNNAMED,1933,10,26,12,00,13.8,-77.5,30,0
AL181933,UNNAMED,1933,10,26,18,00,13.9,-77.4,30,0
AL181933,UNNAMED,1933,10,27,00,00,14,-77.3,30,0
AL181933,UNNAMED,1933,10,27,06,00,14.1,-77.2,30,0
AL181933,UNNAMED,1933,10,27,12,00,14.2,-77.2,35,0
AL181933,UNNAMED,1933,10,27,18,00,14.6,-77.2,35,0
AL181933,UNNAMED,1933,10,28,00,00,15.1,-77.3,40,0
AL181933,UNNAMED,1933,10,28,06,00,15.6,-77.4,45,0
AL181933,UNNAMED,1933,10,28,12,00,16,-77.5,50,0
AL181933,UNNAMED,1933,10,28,18,00,16.4,-77.6,60,0
AL181933,UNNAMED,1933,10,29,00,00,16.8,-77.7,70,1
AL181933,UNNAMED,1933,10,29,06,00,17.3,-77.7,75,1
AL181933,UNNAMED,1933,10,29,12,00,17.8,-77.7,80,1
AL181933,UNNAMED,1933,10,29,18,00,18.1,-78.1,80,1
AL181933,UNNAMED,1933,10,30,00,00,18.5,-78,70,1
AL181933,UNNAMED,1933,10,30,06,00,18.7,-77.7,65,1
AL181933,UNNAMED,1933,10,30,12,00,18.8,-77.5,60,0
AL181933,UNNAMED,1933,10,30,18,00,19,-77.1,60,0
AL181933,UNNAMED,1933,10,31,00,00,19.3,-76.8,55,0
AL181933,UNNAMED,1933,10,31,06,00,19.6,-76.6,55,0
AL181933,UNNAMED,1933,10,31,12,00,19.9,-76.4,55,0
AL181933,UNNAMED,1933,10,31,18,00,20.3,-76.3,50,0
AL181933,UNNAMED,1933,11,01,00,00,20.7,-76.3,45,0
AL181933,UNNAMED,1933,11,01,06,00,21.1,-76.4,40,0
AL181933,UNNAMED,1933,11,01,12,00,21.5,-76.5,45,0
AL181933,UNNAMED,1933,11,01,18,00,21.8,-76.5,45,0
AL181933,UNNAMED,1933,11,02,00,00,22,-76.5,45,0
AL181933,UNNAMED,1933,11,02,06,00,22.2,-76.5,45,0
AL181933,UNNAMED,1933,11,02,12,00,22.4,-76.5,40,0
AL181933,UNNAMED,1933,11,02,18,00,22.8,-76.7,40,0
AL181933,UNNAMED,1933,11,03,00,00,23.2,-76.9,40,0
AL181933,UNNAMED,1933,11,03,06,00,23.6,-77,40,0
AL181933,UNNAMED,1933,11,03,12,00,24.1,-77,40,0
AL181933,UNNAMED,1933,11,03,18,00,24.6,-76.9,40,0
AL181933,UNNAMED,1933,11,04,00,00,25,-76.6,45,0
AL181933,UNNAMED,1933,11,04,06,00,25.4,-76.2,45,0
AL181933,UNNAMED,1933,11,04,12,00,25.8,-75.8,45,0
AL181933,UNNAMED,1933,11,04,18,00,26,-75.1,45,0
AL181933,UNNAMED,1933,11,05,00,00,26.2,-74.3,40,0
AL181933,UNNAMED,1933,11,05,06,00,26.3,-73.5,40,0
AL181933,UNNAMED,1933,11,05,12,00,26.4,-72.6,40,0
AL181933,UNNAMED,1933,11,05,18,00,26.6,-71.6,40,0
AL181933,UNNAMED,1933,11,06,00,00,26.9,-70.5,40,0
AL181933,UNNAMED,1933,11,06,06,00,27.1,-69.3,40,0
AL181933,UNNAMED,1933,11,06,12,00,27.3,-68,40,0
AL181933,UNNAMED,1933,11,06,18,00,27.7,-66.6,40,0
AL181933,UNNAMED,1933,11,07,00,00,28.4,-65.1,40,0
AL181933,UNNAMED,1933,11,07,06,00,29.3,-63.4,40,0
AL181933,UNNAMED,1933,11,07,12,00,30.4,-61.5,40,0
AL181933,UNNAMED,1933,11,07,18,00,32.1,-59,40,0
