AL182010	PAULA	2010	10	11	00	00	13.9	-81.8	30	0
AL182010	PAULA	2010	10	11	06	00	14.4	-82.5	35	0
AL182010	PAULA	2010	10	11	12	00	15	-83.2	45	0
AL182010	PAULA	2010	10	11	18	00	15.7	-83.8	60	0
AL182010	PAULA	2010	10	12	00	00	16.5	-84.4	65	1
AL182010	PAULA	2010	10	12	06	00	17.3	-85	65	1
AL182010	PAULA	2010	10	12	12	00	18.1	-85.6	75	1
AL182010	PAULA	2010	10	12	18	00	18.8	-85.9	90	2
AL182010	PAULA	2010	10	13	00	00	19.6	-86	90	2
AL182010	PAULA	2010	10	13	06	00	20.3	-86	85	2
AL182010	PAULA	2010	10	13	12	00	20.9	-85.9	85	2
AL182010	PAULA	2010	10	13	18	00	21.4	-85.8	75	1
AL182010	PAULA	2010	10	14	00	00	21.8	-85.6	75	1
AL182010	PAULA	2010	10	14	06	00	22.2	-85.2	70	1
AL182010	PAULA	2010	10	14	12	00	22.6	-84.5	60	0
AL182010	PAULA	2010	10	14	15	00	22.7	-83.9	55	0
AL182010	PAULA	2010	10	14	18	00	22.8	-83.5	50	0
AL182010	PAULA	2010	10	15	00	00	22.9	-82	40	0
AL182010	PAULA	2010	10	15	06	00	22.9	-80.9	30	0
AL182010	PAULA	2010	10	15	12	00	22.9	-79.9	25	0
AL182010	PAULA	2010	10	15	18	00	23	-79.1	20	0
