id,name,year,month,day,hour,minute,lat,lon,max_sustained_wind_kts,sshws
AL181969,UNNAMED,1969,09,16,00,00,26,-88.1,25,0
AL181969,UNNAMED,1969,09,16,06,00,26.1,-88.3,25,0
AL181969,UNNAMED,1969,09,16,12,00,26.2,-88.5,25,0
AL181969,UNNAMED,1969,09,16,18,00,26.2,-88.7,25,0
AL181969,UNNAMED,1969,09,17,00,00,26.2,-89.3,25,0
AL181969,UNNAMED,1969,09,17,06,00,26.2,-90,25,0
AL181969,UNNAMED,1969,09,17,12,00,26.2,-90.2,25,0
AL181969,UNNAMED,1969,09,17,18,00,26.2,-90.8,25,0
AL181969,UNNAMED,1969,09,18,00,00,26.1,-91,25,0
AL181969,UNNAMED,1969,09,18,06,00,26.1,-91.4,25,0
AL181969,UNNAMED,1969,09,18,12,00,26.1,-92.6,25,0
AL181969,UNNAMED,1969,09,18,18,00,26,-93.3,25,0
AL181969,UNNAMED,1969,09,19,00,00,26,-94.5,25,0
AL181969,UNNAMED,1969,09,19,06,00,26,-95.1,25,0
AL181969,UNNAMED,1969,09,19,12,00,25.1,-96,25,0
AL181969,UNNAMED,1969,09,19,18,00,25.8,-96.7,25,0
AL181969,UNNAMED,1969,09,20,00,00,25.1,-97.1,25,0
