id,name,year,month,day,hour,minute,lat,lon,max_sustained_wind_kts,sshws
AL191975,HALLIE,1975,10,24,18,00,29.1,-79.3,30,0
AL191975,HALLIE,1975,10,25,00,00,28.8,-79,30,0
AL191975,HALLIE,1975,10,25,06,00,29.4,-79.4,30,0
AL191975,HALLIE,1975,10,25,12,00,30,-79.7,30,0
AL191975,HALLIE,1975,10,25,18,00,30.2,-79.8,30,0
AL191975,HALLIE,1975,10,26,00,00,30.5,-79.9,30,0
AL191975,HALLIE,1975,10,26,06,00,30.9,-80.1,30,0
AL191975,HALLIE,1975,10,26,12,00,31.8,-79.6,30,0
AL191975,HALLIE,1975,10,26,18,00,32.5,-78.7,35,0
AL191975,HALLIE,1975,10,27,00,00,33.5,-77.5,45,0
AL191975,HALLIE,1975,10,27,06,00,34.5,-75.5,45,0
AL191975,HALLIE,1975,10,27,12,00,35.7,-73.8,45,0
AL191975,HALLIE,1975,10,27,18,00,36.4,-72.6,40,0
AL191975,HALLIE,1975,10,28,00,00,36.9,-71.4,35,0
