AL192011	SEAN	2011	11	06	00	00	28.5	-70	45	0
AL192011	SEAN	2011	11	06	06	00	28.5	-69.2	45	0
AL192011	SEAN	2011	11	06	12	00	28.4	-68.8	45	0
AL192011	SEAN	2011	11	06	18	00	28	-68.5	45	0
AL192011	SEAN	2011	11	07	00	00	27.9	-68.6	45	0
AL192011	SEAN	2011	11	07	06	00	27.7	-68.7	40	0
AL192011	SEAN	2011	11	07	12	00	27.5	-69	40	0
AL192011	SEAN	2011	11	07	18	00	27.6	-69.3	40	0
AL192011	SEAN	2011	11	08	00	00	27.6	-69.6	40	0
AL192011	SEAN	2011	11	08	06	00	27.7	-69.8	40	0
AL192011	SEAN	2011	11	08	12	00	27.8	-70	45	0
AL192011	SEAN	2011	11	08	18	00	27.8	-70	45	0
AL192011	SEAN	2011	11	09	00	00	27.8	-70.1	45	0
AL192011	SEAN	2011	11	09	06	00	27.8	-70.2	50	0
AL192011	SEAN	2011	11	09	12	00	27.9	-70.4	55	0
AL192011	SEAN	2011	11	09	18	00	28.3	-70.6	55	0
AL192011	SEAN	2011	11	10	00	00	29	-70.7	55	0
AL192011	SEAN	2011	11	10	06	00	29.7	-70.9	55	0
AL192011	SEAN	2011	11	10	12	00	30.2	-70.7	55	0
AL192011	SEAN	2011	11	10	18	00	30.5	-70	55	0
AL192011	SEAN	2011	11	11	00	00	31	-69	55	0
AL192011	SEAN	2011	11	11	06	00	32.2	-67.2	50	0
AL192011	SEAN	2011	11	11	12	00	33.4	-65.3	45	0
AL192011	SEAN	2011	11	11	18	00	34.8	-62.6	40	0
AL192011	SEAN	2011	11	12	00	00	35.9	-59.4	35	0
AL192011	SEAN	2011	11	12	06	00	38	-57.2	35	0
AL192011	SEAN	2011	11	12	12	00	40	-55	35	0
AL192011	SEAN	2011	11	12	18	00	42.5	-52.4	35	0
