id,name,year,month,day,hour,minute,lat,lon,max_sustained_wind_kts,sshws
AL192000,UNNAMED,2000,10,25,00,00,21.5,-69.5,30,0
AL192000,UNNAMED,2000,10,25,06,00,22.5,-70,35,0
AL192000,UNNAMED,2000,10,25,12,00,23.5,-70.9,35,0
AL192000,UNNAMED,2000,10,25,18,00,24.5,-71.7,35,0
AL192000,UNNAMED,2000,10,26,00,00,25.7,-71.7,35,0
AL192000,UNNAMED,2000,10,26,06,00,26.6,-71.7,35,0
AL192000,UNNAMED,2000,10,26,12,00,27.4,-71.8,40,0
AL192000,UNNAMED,2000,10,26,18,00,28.3,-72.1,45,0
AL192000,UNNAMED,2000,10,27,00,00,29.2,-72.5,50,0
AL192000,UNNAMED,2000,10,27,06,00,30,-72.6,50,0
AL192000,UNNAMED,2000,10,27,12,00,30.9,-72.5,50,0
AL192000,UNNAMED,2000,10,27,18,00,32.6,-71.6,50,0
AL192000,UNNAMED,2000,10,28,00,00,34.2,-70.7,50,0
AL192000,UNNAMED,2000,10,28,06,00,35.7,-69.9,50,0
AL192000,UNNAMED,2000,10,28,12,00,36.5,-68.1,50,0
AL192000,UNNAMED,2000,10,28,18,00,38,-65.5,55,0
AL192000,UNNAMED,2000,10,29,00,00,40.5,-62.6,55,0
AL192000,UNNAMED,2000,10,29,02,00,41.7,-61.6,55,0
AL192000,UNNAMED,2000,10,29,06,00,44,-60,50,0
AL192000,UNNAMED,2000,10,29,12,00,46,-59.5,45,0
