AL191967	FERN	1967	10	01	18	00	20.3	-93	25	0
AL191967	FERN	1967	10	02	00	00	20.7	-93	30	0
AL191967	FERN	1967	10	02	06	00	21.5	-93	35	0
AL191967	FERN	1967	10	02	12	00	22.1	-93.1	50	0
AL191967	FERN	1967	10	02	18	00	22.4	-93.4	60	0
AL191967	FERN	1967	10	03	00	00	22.6	-93.7	75	1
AL191967	FERN	1967	10	03	06	00	22.7	-94.6	65	1
AL191967	FERN	1967	10	03	12	00	22.8	-95.5	65	1
AL191967	FERN	1967	10	03	18	00	22.8	-96.2	65	1
AL191967	FERN	1967	10	04	00	00	22.8	-97.2	65	1
AL191967	FERN	1967	10	04	06	00	22.6	-97.8	65	1
AL191967	FERN	1967	10	04	12	00	22.4	-98.3	35	0
AL191967	FERN	1967	10	04	18	00	22.2	-98.8	30	0
