AL191984	UNNAMED	1984	11	23	12	00	26.5	-79.5	20	0
AL191984	UNNAMED	1984	11	23	18	00	26.8	-78.8	20	0
AL191984	UNNAMED	1984	11	24	00	00	26.7	-77.7	25	0
AL191984	UNNAMED	1984	11	24	06	00	26.4	-76.7	25	0
AL191984	UNNAMED	1984	11	24	12	00	26	-75.8	25	0
AL191984	UNNAMED	1984	11	24	18	00	25.8	-74	30	0
AL191984	UNNAMED	1984	11	25	00	00	25.8	-72.3	30	0
AL191984	UNNAMED	1984	11	25	06	00	25.9	-70.4	30	0
AL191984	UNNAMED	1984	11	25	12	00	26	-68.6	30	0
AL191984	UNNAMED	1984	11	25	18	00	26	-66.8	30	0
AL191984	UNNAMED	1984	11	26	00	00	26	-64.8	30	0
AL191984	UNNAMED	1984	11	26	06	00	26	-62.8	30	0
AL191984	UNNAMED	1984	11	26	12	00	26.1	-61	30	0
AL191984	UNNAMED	1984	11	26	18	00	26.1	-59	30	0
AL191984	UNNAMED	1984	11	27	00	00	26.5	-57.5	30	0
AL191984	UNNAMED	1984	11	27	06	00	27.1	-55.4	30	0
AL191984	UNNAMED	1984	11	27	12	00	28	-54	30	0
AL191984	UNNAMED	1984	11	27	18	00	28.9	-52.9	30	0
AL191984	UNNAMED	1984	11	28	00	00	30	-51	30	0
AL191984	UNNAMED	1984	11	28	06	00	31.1	-49.5	25	0
