id,name,year,month,day,hour,minute,lat,lon,max_sustained_wind_kts,sshws
AL191887,UNNAMED,1887,12,07,06,00,12.5,-58.5,35,0
AL191887,UNNAMED,1887,12,07,12,00,12.7,-59.6,35,0
AL191887,UNNAMED,1887,12,07,18,00,12.9,-60.6,40,0
AL191887,UNNAMED,1887,12,08,00,00,13.1,-61.6,40,0
AL191887,UNNAMED,1887,12,08,06,00,13.2,-62.6,40,0
AL191887,UNNAMED,1887,12,08,12,00,13.3,-63.6,45,0
AL191887,UNNAMED,1887,12,08,18,00,13.3,-64.6,45,0
AL191887,UNNAMED,1887,12,09,00,00,13.3,-65.7,45,0
AL191887,UNNAMED,1887,12,09,06,00,13.2,-66.8,50,0
AL191887,UNNAMED,1887,12,09,12,00,13,-68,50,0
AL191887,UNNAMED,1887,12,09,18,00,12.8,-69.5,50,0
AL191887,UNNAMED,1887,12,10,00,00,12.6,-71.3,50,0
AL191887,UNNAMED,1887,12,10,06,00,12.3,-73.2,50,0
AL191887,UNNAMED,1887,12,10,12,00,12.1,-75,50,0
AL191887,UNNAMED,1887,12,10,18,00,11.8,-76.6,50,0
AL191887,UNNAMED,1887,12,11,00,00,11.5,-78.2,50,0
AL191887,UNNAMED,1887,12,11,06,00,11.3,-79.6,50,0
AL191887,UNNAMED,1887,12,11,12,00,11,-81,50,0
AL191887,UNNAMED,1887,12,11,18,00,10.9,-81.5,45,0
AL191887,UNNAMED,1887,12,12,00,00,10.8,-82,45,0
AL191887,UNNAMED,1887,12,12,06,00,10.7,-82.5,40,0
AL191887,UNNAMED,1887,12,12,12,00,10.6,-83.1,35,0
AL191887,UNNAMED,1887,12,12,18,00,10.5,-83.6,25,0
