id,name,year,month,day,hour,minute,lat,lon,max_sustained_wind_kts,sshws
AL191979,UNNAMED,1979,10,24,12,00,12,-77,20,0
AL191979,UNNAMED,1979,10,24,18,00,12.5,-77.3,25,0
AL191979,UNNAMED,1979,10,25,00,00,13.2,-77.6,25,0
AL191979,UNNAMED,1979,10,25,06,00,14,-78,25,0
AL191979,UNNAMED,1979,10,25,12,00,14.8,-78.2,30,0
AL191979,UNNAMED,1979,10,25,18,00,15.5,-78.5,30,0
AL191979,UNNAMED,1979,10,26,00,00,16.4,-78.9,30,0
AL191979,UNNAMED,1979,10,26,06,00,17.2,-79.2,30,0
AL191979,UNNAMED,1979,10,26,12,00,18,-80,30,0
AL191979,UNNAMED,1979,10,26,18,00,17.9,-80.5,25,0
AL191979,UNNAMED,1979,10,27,00,00,17.6,-81,25,0
AL191979,UNNAMED,1979,10,27,06,00,17.3,-81.6,25,0
AL191979,UNNAMED,1979,10,27,12,00,16.9,-82,25,0
AL191979,UNNAMED,1979,10,27,18,00,16.6,-82.1,25,0
AL191979,UNNAMED,1979,10,28,00,00,16.3,-82.4,25,0
AL191979,UNNAMED,1979,10,28,06,00,16,-82.6,25,0
AL191979,UNNAMED,1979,10,28,12,00,15.8,-82.9,25,0
AL191979,UNNAMED,1979,10,28,18,00,15.4,-83,25,0
AL191979,UNNAMED,1979,10,29,00,00,15,-83.2,20,0
AL191979,UNNAMED,1979,10,29,06,00,14.8,-83.6,20,0
AL191979,UNNAMED,1979,10,29,12,00,14.4,-83.8,-99,0
