AL192012	TONY	2012	10	21	18	00	20.1	-50.8	25	0
AL192012	TONY	2012	10	22	00	00	20.4	-51.2	25	0
AL192012	TONY	2012	10	22	06	00	20.8	-51.5	25	0
AL192012	TONY	2012	10	22	12	00	21.3	-51.7	30	0
AL192012	TONY	2012	10	22	18	00	21.9	-51.8	30	0
AL192012	TONY	2012	10	23	00	00	22.5	-51.8	30	0
AL192012	TONY	2012	10	23	06	00	23.6	-51.6	30	0
AL192012	TONY	2012	10	23	12	00	24.7	-51.3	30	0
AL192012	TONY	2012	10	23	18	00	25.7	-50.6	30	0
AL192012	TONY	2012	10	24	00	00	26.5	-49.6	35	0
AL192012	TONY	2012	10	24	06	00	27.2	-48.5	40	0
AL192012	TONY	2012	10	24	12	00	27.9	-46.8	45	0
AL192012	TONY	2012	10	24	18	00	28.7	-44.7	45	0
AL192012	TONY	2012	10	25	00	00	29.5	-42.4	45	0
AL192012	TONY	2012	10	25	06	00	30.1	-40	45	0
AL192012	TONY	2012	10	25	12	00	30.6	-37.6	35	0
AL192012	TONY	2012	10	25	18	00	31	-35.1	35	0
AL192012	TONY	2012	10	26	00	00	31.3	-32.6	35	0
AL192012	TONY	2012	10	26	06	00	31.2	-30.5	30	0
AL192012	TONY	2012	10	26	12	00	30.9	-28.6	25	0
