AL191970	UNNAMED	1970	10	20	12	00	34	-48	25	0
AL191970	UNNAMED	1970	10	20	18	00	34.3	-47.3	30	0
AL191970	UNNAMED	1970	10	21	00	00	34.5	-46.5	30	0
AL191970	UNNAMED	1970	10	21	06	00	34.8	-45.8	35	0
AL191970	UNNAMED	1970	10	21	12	00	35	-45	35	0
AL191970	UNNAMED	1970	10	21	18	00	35	-45	40	0
AL191970	UNNAMED	1970	10	22	00	00	35	-45	40	0
AL191970	UNNAMED	1970	10	22	06	00	35	-45	45	0
AL191970	UNNAMED	1970	10	22	12	00	35	-45	45	0
AL191970	UNNAMED	1970	10	22	18	00	35.2	-44.7	45	0
AL191970	UNNAMED	1970	10	23	00	00	35.5	-44	45	0
AL191970	UNNAMED	1970	10	23	06	00	36	-43.2	45	0
AL191970	UNNAMED	1970	10	23	12	00	36.5	-42.5	50	0
AL191970	UNNAMED	1970	10	23	18	00	36.6	-42.1	50	0
AL191970	UNNAMED	1970	10	24	00	00	36.5	-41.8	50	0
AL191970	UNNAMED	1970	10	24	06	00	36.3	-41.7	50	0
AL191970	UNNAMED	1970	10	24	12	00	36	-41.5	50	0
AL191970	UNNAMED	1970	10	24	18	00	35.5	-41.3	50	0
AL191970	UNNAMED	1970	10	25	00	00	35	-41	50	0
AL191970	UNNAMED	1970	10	25	06	00	34.5	-40.8	55	0
AL191970	UNNAMED	1970	10	25	12	00	34	-40.5	55	0
AL191970	UNNAMED	1970	10	25	18	00	33.5	-40	55	0
AL191970	UNNAMED	1970	10	26	00	00	35	-39	60	0
AL191970	UNNAMED	1970	10	26	06	00	35.5	-38.5	60	0
AL191970	UNNAMED	1970	10	26	12	00	36	-38	60	0
AL191970	UNNAMED	1970	10	26	18	00	36.5	-37.5	60	0
AL191970	UNNAMED	1970	10	27	00	00	37	-36.5	65	1
AL191970	UNNAMED	1970	10	27	06	00	37.8	-35.3	65	1
AL191970	UNNAMED	1970	10	27	12	00	38.5	-34	60	0
AL191970	UNNAMED	1970	10	27	18	00	39.3	-32.8	60	0
AL191970	UNNAMED	1970	10	28	00	00	40	-31.5	60	0
AL191970	UNNAMED	1970	10	28	06	00	42.1	-29.1	60	0
AL191970	UNNAMED	1970	10	28	12	00	46	-25	60	0
