id,name,year,month,day,hour,minute,lat,lon,max_sustained_wind_kts,sshws
AL191976,UNNAMED,1976,10,03,12,00,15,-39,20,0
AL191976,UNNAMED,1976,10,03,18,00,15.5,-40.8,25,0
AL191976,UNNAMED,1976,10,04,00,00,16,-42.5,25,0
AL191976,UNNAMED,1976,10,04,06,00,16.5,-44.2,25,0
AL191976,UNNAMED,1976,10,04,12,00,17,-46,30,0
AL191976,UNNAMED,1976,10,04,18,00,17.3,-47.2,30,0
AL191976,UNNAMED,1976,10,05,00,00,17.7,-48.5,30,0
AL191976,UNNAMED,1976,10,05,06,00,18.1,-49.7,30,0
AL191976,UNNAMED,1976,10,05,12,00,18.5,-51,30,0
AL191976,UNNAMED,1976,10,05,18,00,17.8,-52,25,0
AL191976,UNNAMED,1976,10,06,00,00,17,-53,25,0
AL191976,UNNAMED,1976,10,06,06,00,16.2,-55,25,0
AL191976,UNNAMED,1976,10,06,12,00,15.5,-57,25,0
AL191976,UNNAMED,1976,10,06,18,00,14.9,-58.2,25,0
AL191976,UNNAMED,1976,10,07,00,00,14.2,-59.5,25,0
AL191976,UNNAMED,1976,10,07,06,00,13.6,-60.7,25,0
AL191976,UNNAMED,1976,10,07,12,00,13,-62,25,0
AL191976,UNNAMED,1976,10,07,18,00,13.2,-63,25,0
AL191976,UNNAMED,1976,10,08,00,00,13.3,-64,25,0
AL191976,UNNAMED,1976,10,08,06,00,13.4,-65,25,0
AL191976,UNNAMED,1976,10,08,12,00,13.5,-66,30,0
AL191976,UNNAMED,1976,10,08,18,00,13.6,-66.7,30,0
AL191976,UNNAMED,1976,10,09,00,00,13.7,-67.5,30,0
AL191976,UNNAMED,1976,10,09,06,00,13.8,-68.2,30,0
AL191976,UNNAMED,1976,10,09,12,00,14,-69,30,0
AL191976,UNNAMED,1976,10,09,18,00,14.3,-69.3,30,0
AL191976,UNNAMED,1976,10,10,00,00,14.7,-69.7,30,0
AL191976,UNNAMED,1976,10,10,06,00,15.1,-70.1,30,0
AL191976,UNNAMED,1976,10,10,12,00,15.5,-70.5,30,0
AL191976,UNNAMED,1976,10,10,18,00,15.8,-70.6,30,0
AL191976,UNNAMED,1976,10,11,00,00,16.2,-70.7,30,0
AL191976,UNNAMED,1976,10,11,06,00,16.6,-70.9,25,0
AL191976,UNNAMED,1976,10,11,12,00,17,-71,25,0
AL191976,UNNAMED,1976,10,11,18,00,17.7,-71,25,0
AL191976,UNNAMED,1976,10,12,00,00,18.5,-71,25,0
AL191976,UNNAMED,1976,10,12,06,00,19.2,-71,-99,0
AL191976,UNNAMED,1976,10,12,12,00,20,-71,15,0
