AL191971	JANICE	1971	09	21	06	00	11.5	-38.8	25	0
AL191971	JANICE	1971	09	21	12	00	11.6	-40.9	25	0
AL191971	JANICE	1971	09	21	18	00	11.7	-42.7	30	0
AL191971	JANICE	1971	09	22	00	00	11.8	-44.3	30	0
AL191971	JANICE	1971	09	22	06	00	12	-45.8	40	0
AL191971	JANICE	1971	09	22	12	00	12.4	-47.2	40	0
AL191971	JANICE	1971	09	22	18	00	13.1	-48.5	55	0
AL191971	JANICE	1971	09	23	00	00	13.7	-49.9	55	0
AL191971	JANICE	1971	09	23	06	00	14.4	-51.2	50	0
AL191971	JANICE	1971	09	23	12	00	15	-52.6	50	0
AL191971	JANICE	1971	09	23	18	00	15.8	-53.9	45	0
AL191971	JANICE	1971	09	24	00	00	16.3	-55.2	45	0
AL191971	JANICE	1971	09	24	06	00	17.1	-57	35	0
AL191971	JANICE	1971	09	24	12	00	18.1	-58.6	30	0
AL191971	JANICE	1971	09	24	18	00	19.4	-60	30	0
