AL192003	NICHOLAS	2003	10	13	00	00	9.5	-37	25	0
AL192003	NICHOLAS	2003	10	13	06	00	9.5	-37.7	25	0
AL192003	NICHOLAS	2003	10	13	12	00	9.6	-38.4	25	0
AL192003	NICHOLAS	2003	10	13	18	00	9.9	-38.9	30	0
AL192003	NICHOLAS	2003	10	14	00	00	10.2	-39.5	30	0
AL192003	NICHOLAS	2003	10	14	06	00	10.5	-40.3	30	0
AL192003	NICHOLAS	2003	10	14	12	00	10.7	-41.1	30	0
AL192003	NICHOLAS	2003	10	14	18	00	10.9	-41.9	35	0
AL192003	NICHOLAS	2003	10	15	00	00	11.2	-42.5	40	0
AL192003	NICHOLAS	2003	10	15	06	00	11.5	-43.1	45	0
AL192003	NICHOLAS	2003	10	15	12	00	11.8	-43.7	45	0
AL192003	NICHOLAS	2003	10	15	18	00	12.2	-44.3	45	0
AL192003	NICHOLAS	2003	10	16	00	00	12.6	-45	45	0
AL192003	NICHOLAS	2003	10	16	06	00	13.1	-45.6	45	0
AL192003	NICHOLAS	2003	10	16	12	00	13.5	-46	50	0
AL192003	NICHOLAS	2003	10	16	18	00	14	-46.6	55	0
AL192003	NICHOLAS	2003	10	17	00	00	14.4	-47.2	55	0
AL192003	NICHOLAS	2003	10	17	06	00	15	-47.6	55	0
AL192003	NICHOLAS	2003	10	17	12	00	15.5	-48	60	0
AL192003	NICHOLAS	2003	10	17	18	00	16.1	-48.1	55	0
AL192003	NICHOLAS	2003	10	18	00	00	16.3	-48.1	55	0
AL192003	NICHOLAS	2003	10	18	06	00	16.3	-47.9	55	0
AL192003	NICHOLAS	2003	10	18	12	00	16.5	-47.8	55	0
AL192003	NICHOLAS	2003	10	18	18	00	16.7	-47.7	50	0
AL192003	NICHOLAS	2003	10	19	00	00	17	-47.6	50	0
AL192003	NICHOLAS	2003	10	19	06	00	17.3	-47.4	50	0
AL192003	NICHOLAS	2003	10	19	12	00	17.6	-47.3	50	0
AL192003	NICHOLAS	2003	10	19	18	00	17.6	-47.5	45	0
AL192003	NICHOLAS	2003	10	20	00	00	17.4	-47.7	45	0
AL192003	NICHOLAS	2003	10	20	06	00	17.6	-47.9	45	0
AL192003	NICHOLAS	2003	10	20	12	00	17.8	-48.1	40	0
AL192003	NICHOLAS	2003	10	20	18	00	18.1	-48.9	35	0
AL192003	NICHOLAS	2003	10	21	00	00	18.4	-49.7	35	0
AL192003	NICHOLAS	2003	10	21	06	00	18.6	-50.3	40	0
AL192003	NICHOLAS	2003	10	21	12	00	18.7	-51	45	0
AL192003	NICHOLAS	2003	10	21	18	00	18.6	-52	45	0
AL192003	NICHOLAS	2003	10	22	00	00	18.5	-52.9	40	0
AL192003	NICHOLAS	2003	10	22	06	00	18.5	-53.6	35	0
AL192003	NICHOLAS	2003	10	22	12	00	18.8	-54.1	35	0
AL192003	NICHOLAS	2003	10	22	18	00	19.5	-54.6	35	0
AL192003	NICHOLAS	2003	10	23	00	00	20.4	-55.4	35	0
AL192003	NICHOLAS	2003	10	23	06	00	21.5	-56	30	0
AL192003	NICHOLAS	2003	10	23	12	00	22.5	-56.4	30	0
AL192003	NICHOLAS	2003	10	23	18	00	23.6	-56.9	30	0
AL192003	NICHOLAS	2003	10	24	00	00	25.1	-56.7	25	0
AL192003	NICHOLAS	2003	10	24	06	00	27.1	-56.4	25	0
AL192003	NICHOLAS	2003	10	24	12	00	28.8	-56.1	25	0
AL192003	NICHOLAS	2003	10	24	18	00	30.2	-55.7	25	0
AL192003	NICHOLAS	2003	10	25	00	00	31.4	-54.8	20	0
AL192003	NICHOLAS	2003	10	25	06	00	32.2	-53.5	20	0
AL192003	NICHOLAS	2003	10	25	12	00	32.4	-52	20	0
AL192003	NICHOLAS	2003	10	25	18	00	32.5	-50.5	20	0
AL192003	NICHOLAS	2003	10	26	00	00	31.9	-49.5	20	0
AL192003	NICHOLAS	2003	10	26	06	00	30.7	-49.1	25	0
AL192003	NICHOLAS	2003	10	26	12	00	29.3	-49	30	0
AL192003	NICHOLAS	2003	10	26	18	00	28.3	-49.6	30	0
AL192003	NICHOLAS	2003	10	27	00	00	27.4	-50.5	30	0
AL192003	NICHOLAS	2003	10	27	06	00	26.7	-52	35	0
AL192003	NICHOLAS	2003	10	27	12	00	26.4	-53.7	35	0
AL192003	NICHOLAS	2003	10	27	18	00	26.6	-55.5	35	0
AL192003	NICHOLAS	2003	10	28	00	00	27.1	-57.3	30	0
AL192003	NICHOLAS	2003	10	28	06	00	27.9	-59.1	30	0
AL192003	NICHOLAS	2003	10	28	12	00	28.9	-60.8	30	0
AL192003	NICHOLAS	2003	10	28	18	00	29.5	-62.8	30	0
AL192003	NICHOLAS	2003	10	29	00	00	29.4	-65.1	25	0
AL192003	NICHOLAS	2003	10	29	06	00	29.3	-67.1	25	0
AL192003	NICHOLAS	2003	10	29	12	00	29.5	-68	25	0
AL192003	NICHOLAS	2003	10	29	18	00	30.1	-68	25	0
AL192003	NICHOLAS	2003	10	30	00	00	30.4	-67.2	25	0
AL192003	NICHOLAS	2003	10	30	06	00	30.4	-66.4	25	0
AL192003	NICHOLAS	2003	10	30	12	00	30	-65.8	30	0
AL192003	NICHOLAS	2003	10	30	18	00	29.3	-65.3	30	0
AL192003	NICHOLAS	2003	10	31	00	00	28.7	-65.5	30	0
AL192003	NICHOLAS	2003	10	31	06	00	28.3	-66	30	0
AL192003	NICHOLAS	2003	10	31	12	00	27.7	-66.3	30	0
AL192003	NICHOLAS	2003	10	31	18	00	27	-66.4	30	0
AL192003	NICHOLAS	2003	11	01	00	00	26.4	-66.3	30	0
AL192003	NICHOLAS	2003	11	01	06	00	26.5	-66	30	0
AL192003	NICHOLAS	2003	11	01	12	00	27	-66.3	30	0
AL192003	NICHOLAS	2003	11	01	18	00	27.7	-67	30	0
