AL191974	UNNAMED	1974	10	30	12	00	23.5	-59.5	25	0
AL191974	UNNAMED	1974	10	30	18	00	24.6	-59	25	0
AL191974	UNNAMED	1974	10	31	00	00	25.7	-58.5	25	0
AL191974	UNNAMED	1974	10	31	06	00	26.9	-58	25	0
AL191974	UNNAMED	1974	10	31	12	00	28	-57.5	25	0
AL191974	UNNAMED	1974	10	31	18	00	29	-56.6	25	0
AL191974	UNNAMED	1974	11	01	00	00	30	-55.7	25	0
AL191974	UNNAMED	1974	11	01	06	00	31	-54.8	25	0
AL191974	UNNAMED	1974	11	01	12	00	32	-54	25	0
AL191974	UNNAMED	1974	11	01	18	00	32.5	-52.5	20	0
AL191974	UNNAMED	1974	11	02	00	00	33	-51	20	0
AL191974	UNNAMED	1974	11	02	06	00	33.5	-49.5	20	0
AL191974	UNNAMED	1974	11	02	12	00	34	-48	20	0
