AL201979	UNNAMED	1979	11	07	12	00	24.5	-56.1	20	0
AL201979	UNNAMED	1979	11	07	18	00	25.2	-55.2	25	0
AL201979	UNNAMED	1979	11	08	00	00	26	-54.5	25	0
AL201979	UNNAMED	1979	11	08	06	00	26.5	-53.6	25	0
AL201979	UNNAMED	1979	11	08	12	00	27.1	-52.7	30	0
AL201979	UNNAMED	1979	11	08	18	00	27.8	-51.5	30	0
AL201979	UNNAMED	1979	11	09	00	00	28.3	-50.4	30	0
AL201979	UNNAMED	1979	11	09	06	00	29	-49.5	30	0
AL201979	UNNAMED	1979	11	09	12	00	29.1	-48.2	30	0
AL201979	UNNAMED	1979	11	09	18	00	29.2	-46.9	25	0
AL201979	UNNAMED	1979	11	10	00	00	29.2	-45.5	20	0
