AL201969	INGA	1969	09	20	12	00	16	-47	25	0
AL201969	INGA	1969	09	20	18	00	16.3	-48	25	0
AL201969	INGA	1969	09	21	00	00	16.5	-49	30	0
AL201969	INGA	1969	09	21	06	00	16.7	-50.2	35	0
AL201969	INGA	1969	09	21	12	00	16.8	-51.1	40	0
AL201969	INGA	1969	09	21	18	00	16.9	-51.7	45	0
AL201969	INGA	1969	09	22	00	00	17	-52.3	45	0
AL201969	INGA	1969	09	22	06	00	17.1	-52.9	45	0
AL201969	INGA	1969	09	22	12	00	17.2	-53.5	50	0
AL201969	INGA	1969	09	22	18	00	17.3	-54.1	50	0
AL201969	INGA	1969	09	23	00	00	17.4	-54.7	55	0
AL201969	INGA	1969	09	23	06	00	17.6	-55.4	50	0
AL201969	INGA	1969	09	23	12	00	17.8	-56.1	35	0
AL201969	INGA	1969	09	23	18	00	18	-56.9	30	0
AL201969	INGA	1969	09	24	00	00	18.2	-57.8	30	0
AL201969	INGA	1969	09	24	06	00	18.4	-58.7	25	0
AL201969	INGA	1969	09	24	12	00	18.6	-59.6	25	0
AL201969	INGA	1969	09	24	18	00	18.8	-60.3	25	0
AL201969	INGA	1969	09	25	00	00	19	-60.9	30	0
AL201969	INGA	1969	09	25	06	00	19.3	-61.5	30	0
AL201969	INGA	1969	09	25	12	00	19.6	-62	30	0
AL201969	INGA	1969	09	25	18	00	20	-62.3	25	0
AL201969	INGA	1969	09	26	00	00	20.4	-62.5	25	0
AL201969	INGA	1969	09	26	06	00	20.8	-62.8	25	0
AL201969	INGA	1969	09	26	12	00	21.2	-63	25	0
AL201969	INGA	1969	09	26	18	00	21.6	-63.2	25	0
AL201969	INGA	1969	09	27	00	00	21.9	-63.3	25	0
AL201969	INGA	1969	09	27	06	00	22.2	-63.5	25	0
AL201969	INGA	1969	09	27	12	00	22.5	-63.6	25	0
AL201969	INGA	1969	09	27	18	00	22.8	-63.7	25	0
AL201969	INGA	1969	09	28	00	00	23	-63.8	25	0
AL201969	INGA	1969	09	28	06	00	23.2	-63.9	25	0
AL201969	INGA	1969	09	28	12	00	23.5	-64	30	0
AL201969	INGA	1969	09	28	18	00	23.8	-64.2	35	0
AL201969	INGA	1969	09	29	00	00	24.2	-64.4	35	0
AL201969	INGA	1969	09	29	06	00	24.5	-64.6	40	0
AL201969	INGA	1969	09	29	12	00	24.8	-64.8	50	0
AL201969	INGA	1969	09	29	18	00	25.4	-65	55	0
AL201969	INGA	1969	09	30	00	00	26.1	-64.7	65	1
AL201969	INGA	1969	09	30	06	00	26.7	-64.2	70	1
AL201969	INGA	1969	09	30	12	00	27.2	-63.8	75	1
AL201969	INGA	1969	09	30	18	00	27.8	-63.4	80	1
AL201969	INGA	1969	10	01	00	00	28.3	-63	80	1
AL201969	INGA	1969	10	01	06	00	28.8	-62.6	80	1
AL201969	INGA	1969	10	01	12	00	29.3	-62.2	80	1
AL201969	INGA	1969	10	01	18	00	29.7	-61.8	80	1
AL201969	INGA	1969	10	02	00	00	29.7	-61.6	80	1
AL201969	INGA	1969	10	02	06	00	29.3	-61.5	80	1
AL201969	INGA	1969	10	02	12	00	28.9	-61.6	80	1
AL201969	INGA	1969	10	02	18	00	28.5	-61.8	80	1
AL201969	INGA	1969	10	03	00	00	28.1	-62.1	70	1
AL201969	INGA	1969	10	03	06	00	27.8	-62.7	70	1
AL201969	INGA	1969	10	03	12	00	27.6	-63.4	70	1
AL201969	INGA	1969	10	03	18	00	27.6	-64.2	70	1
AL201969	INGA	1969	10	04	00	00	27.7	-65	70	1
AL201969	INGA	1969	10	04	06	00	27.9	-65.4	70	1
AL201969	INGA	1969	10	04	12	00	28.4	-65.7	75	1
AL201969	INGA	1969	10	04	18	00	29.1	-65.1	80	1
AL201969	INGA	1969	10	05	00	00	29.7	-63.8	90	2
AL201969	INGA	1969	10	05	06	00	30.5	-62.3	95	2
AL201969	INGA	1969	10	05	12	00	31.2	-60.7	95	2
AL201969	INGA	1969	10	05	18	00	31.9	-59.5	100	3
AL201969	INGA	1969	10	06	00	00	32.5	-58.3	95	2
AL201969	INGA	1969	10	06	06	00	33.1	-57.3	90	2
AL201969	INGA	1969	10	06	12	00	33.6	-56.5	80	1
AL201969	INGA	1969	10	06	18	00	33.9	-56	80	1
AL201969	INGA	1969	10	07	00	00	34.1	-55.5	80	1
AL201969	INGA	1969	10	07	06	00	34.3	-55	80	1
AL201969	INGA	1969	10	07	12	00	34.4	-54.5	85	2
AL201969	INGA	1969	10	07	18	00	34.5	-54	85	2
AL201969	INGA	1969	10	08	00	00	34.5	-53.6	85	2
AL201969	INGA	1969	10	08	06	00	34.4	-53.2	70	1
AL201969	INGA	1969	10	08	12	00	34.3	-52.8	65	1
AL201969	INGA	1969	10	08	18	00	34.1	-52.4	75	1
AL201969	INGA	1969	10	09	00	00	33.9	-52	75	1
AL201969	INGA	1969	10	09	06	00	33.3	-51.7	75	1
AL201969	INGA	1969	10	09	12	00	32.7	-51.5	75	1
AL201969	INGA	1969	10	09	18	00	32.2	-51.4	75	1
AL201969	INGA	1969	10	10	00	00	31.7	-51.3	70	1
AL201969	INGA	1969	10	10	06	00	31.2	-51.2	70	1
AL201969	INGA	1969	10	10	12	00	30.6	-51.1	60	0
AL201969	INGA	1969	10	10	18	00	30	-51	60	0
AL201969	INGA	1969	10	11	00	00	29.3	-51.4	60	0
AL201969	INGA	1969	10	11	06	00	28.7	-51.9	55	0
AL201969	INGA	1969	10	11	12	00	28.2	-52.5	50	0
AL201969	INGA	1969	10	11	18	00	27.7	-53.1	40	0
AL201969	INGA	1969	10	12	00	00	27.2	-53.9	40	0
AL201969	INGA	1969	10	12	06	00	26.8	-54.7	40	0
AL201969	INGA	1969	10	12	12	00	26.4	-55.5	35	0
AL201969	INGA	1969	10	12	18	00	26.2	-56.3	35	0
AL201969	INGA	1969	10	13	00	00	26	-57.1	35	0
AL201969	INGA	1969	10	13	06	00	25.9	-57.9	30	0
AL201969	INGA	1969	10	13	12	00	25.8	-58.8	30	0
AL201969	INGA	1969	10	13	18	00	25.8	-59.6	30	0
AL201969	INGA	1969	10	14	00	00	25.8	-60.2	30	0
AL201969	INGA	1969	10	14	06	00	25.8	-60.7	30	0
AL201969	INGA	1969	10	14	12	00	25.9	-61	25	0
AL201969	INGA	1969	10	14	18	00	26	-61.3	25	0
AL201969	INGA	1969	10	15	00	00	26.1	-61.6	25	0
