id,name,year,month,day,hour,minute,lat,lon,max_sustained_wind_kts,sshws
AL201974,UNNAMED,1974,11,10,12,00,21,-69,20,0
AL201974,UNNAMED,1974,11,10,18,00,21.4,-69.1,25,0
AL201974,UNNAMED,1974,11,11,00,00,21.8,-69.2,25,0
AL201974,UNNAMED,1974,11,11,06,00,22.2,-69.3,25,0
AL201974,UNNAMED,1974,11,11,12,00,22.5,-69.5,25,0
AL201974,UNNAMED,1974,11,11,18,00,22.8,-69.7,25,0
AL201974,UNNAMED,1974,11,12,00,00,23.2,-69.8,20,0
AL201974,UNNAMED,1974,11,12,06,00,23.6,-69.9,20,0
AL201974,UNNAMED,1974,11,12,12,00,24,-70,20,0
