AL201976	UNNAMED	1976	10	12	12	00	20	-46	20	0
AL201976	UNNAMED	1976	10	12	18	00	20.5	-46.2	25	0
AL201976	UNNAMED	1976	10	13	00	00	21	-46.5	25	0
AL201976	UNNAMED	1976	10	13	06	00	21.5	-46.8	25	0
AL201976	UNNAMED	1976	10	13	12	00	22	-47	25	0
AL201976	UNNAMED	1976	10	13	18	00	22.7	-47.5	25	0
AL201976	UNNAMED	1976	10	14	00	00	22.5	-48	25	0
AL201976	UNNAMED	1976	10	14	06	00	22.7	-48.5	30	0
AL201976	UNNAMED	1976	10	14	12	00	23	-49	30	0
AL201976	UNNAMED	1976	10	14	18	00	23.7	-48.5	30	0
AL201976	UNNAMED	1976	10	15	00	00	24.5	-48	25	0
AL201976	UNNAMED	1976	10	15	06	00	25.2	-47.5	25	0
AL201976	UNNAMED	1976	10	15	12	00	26	-47	20	0
