AL202003	ODETTE	2003	12	04	12	00	12.9	-76.2	30	0
AL202003	ODETTE	2003	12	04	18	00	13.3	-75.7	35	0
AL202003	ODETTE	2003	12	05	00	00	13.7	-75.2	45	0
AL202003	ODETTE	2003	12	05	06	00	13.9	-74.8	50	0
AL202003	ODETTE	2003	12	05	12	00	14.1	-74.4	50	0
AL202003	ODETTE	2003	12	05	18	00	14.3	-73.8	50	0
AL202003	ODETTE	2003	12	06	00	00	15	-73	50	0
AL202003	ODETTE	2003	12	06	06	00	15.9	-72.5	55	0
AL202003	ODETTE	2003	12	06	12	00	16.6	-72.2	55	0
AL202003	ODETTE	2003	12	06	18	00	17.2	-72	55	0
AL202003	ODETTE	2003	12	06	23	00	17.8	-71.5	50	0
AL202003	ODETTE	2003	12	07	00	00	17.9	-71.4	45	0
AL202003	ODETTE	2003	12	07	06	00	18.9	-70.6	40	0
AL202003	ODETTE	2003	12	07	12	00	20.5	-69.5	40	0
AL202003	ODETTE	2003	12	07	18	00	22.4	-68.1	45	0
AL202003	ODETTE	2003	12	08	00	00	23.5	-65.9	45	0
AL202003	ODETTE	2003	12	08	06	00	24.4	-63.7	45	0
AL202003	ODETTE	2003	12	08	12	00	25.4	-61.6	40	0
AL202003	ODETTE	2003	12	08	18	00	26.3	-59.5	40	0
AL202003	ODETTE	2003	12	09	00	00	27.4	-57.1	40	0
AL202003	ODETTE	2003	12	09	06	00	28.9	-54.2	40	0
AL202003	ODETTE	2003	12	09	12	00	30.4	-51.1	40	0
AL202003	ODETTE	2003	12	09	18	00	31.9	-47.7	40	0
