AL202011	UNNAMED	2011	08	31	12	00	37.1	-64.3	25	0
AL202011	UNNAMED	2011	08	31	18	00	37.1	-64.1	25	0
AL202011	UNNAMED	2011	09	01	00	00	37.3	-63.9	25	0
AL202011	UNNAMED	2011	09	01	06	00	37.4	-63.7	30	0
AL202011	UNNAMED	2011	09	01	12	00	37.4	-63.7	40	0
AL202011	UNNAMED	2011	09	01	18	00	37.4	-63.8	35	0
AL202011	UNNAMED	2011	09	02	00	00	37.5	-63.8	35	0
AL202011	UNNAMED	2011	09	02	06	00	37.8	-63.7	40	0
AL202011	UNNAMED	2011	09	02	12	00	38	-62.8	40	0
AL202011	UNNAMED	2011	09	02	18	00	39	-61.8	35	0
AL202011	UNNAMED	2011	09	03	00	00	40	-60.7	30	0
AL202011	UNNAMED	2011	09	03	06	00	41	-59.9	30	0
AL202011	UNNAMED	2011	09	03	12	00	42	-59.2	30	0
AL202011	UNNAMED	2011	09	03	18	00	42.4	-57.8	30	0
