AL201971	UNNAMED	1971	10	06	12	00	17.5	-84.5	20	0
AL201971	UNNAMED	1971	10	06	18	00	17.7	-85	25	0
AL201971	UNNAMED	1971	10	07	00	00	18	-85.5	25	0
AL201971	UNNAMED	1971	10	07	06	00	18.2	-86	25	0
AL201971	UNNAMED	1971	10	07	12	00	18.5	-86.5	25	0
AL201971	UNNAMED	1971	10	07	18	00	18.7	-87	25	0
AL201971	UNNAMED	1971	10	08	00	00	19	-87.5	20	0
AL201971	UNNAMED	1971	10	08	06	00	19.3	-88	20	0
AL201971	UNNAMED	1971	10	08	12	00	19.5	-88.5	20	0
AL201971	UNNAMED	1971	10	08	18	00	19.8	-89.1	20	0
AL201971	UNNAMED	1971	10	09	00	00	20.2	-89.7	20	0
AL201971	UNNAMED	1971	10	09	06	00	20.6	-90.3	20	0
AL201971	UNNAMED	1971	10	09	12	00	21	-91	20	0
AL201971	UNNAMED	1971	10	09	18	00	21.5	-90.5	25	0
AL201971	UNNAMED	1971	10	10	00	00	22	-90	25	0
AL201971	UNNAMED	1971	10	10	06	00	22.5	-89.5	25	0
AL201971	UNNAMED	1971	10	10	12	00	23	-89	25	0
AL201971	UNNAMED	1971	10	10	18	00	23.3	-88	25	0
AL201971	UNNAMED	1971	10	11	00	00	23.7	-87	25	0
AL201971	UNNAMED	1971	10	11	06	00	24.1	-86	25	0
AL201971	UNNAMED	1971	10	11	12	00	24.5	-85	25	0
AL201971	UNNAMED	1971	10	11	18	00	24.7	-84.8	25	0
AL201971	UNNAMED	1971	10	12	00	00	25	-84.5	25	0
AL201971	UNNAMED	1971	10	12	06	00	25.3	-84.2	25	0
AL201971	UNNAMED	1971	10	12	12	00	25.5	-84	25	0
AL201971	UNNAMED	1971	10	12	18	00	26	-84.1	25	0
AL201971	UNNAMED	1971	10	13	00	00	26.5	-84.1	25	0
AL201971	UNNAMED	1971	10	13	06	00	27	-84.3	25	0
AL201971	UNNAMED	1971	10	13	12	00	27.5	-84.5	25	0
AL201971	UNNAMED	1971	10	13	18	00	28.1	-84.6	25	0
AL201971	UNNAMED	1971	10	14	00	00	28.7	-84.7	25	0
AL201971	UNNAMED	1971	10	14	06	00	29.3	-84.8	25	0
AL201971	UNNAMED	1971	10	14	12	00	30	-85	-99	0
