AL201978	JULIET	1978	10	07	18	00	18	-55.6	25	0
AL201978	JULIET	1978	10	08	00	00	18.3	-56.6	30	0
AL201978	JULIET	1978	10	08	06	00	18.6	-57.7	30	0
AL201978	JULIET	1978	10	08	12	00	18.8	-58.7	35	0
AL201978	JULIET	1978	10	08	18	00	19	-59.8	40	0
AL201978	JULIET	1978	10	09	00	00	19.3	-60.9	45	0
AL201978	JULIET	1978	10	09	06	00	19.7	-62	45	0
AL201978	JULIET	1978	10	09	12	00	19.9	-63	45	0
AL201978	JULIET	1978	10	09	18	00	20.3	-64.2	45	0
AL201978	JULIET	1978	10	10	00	00	20.9	-65.4	45	0
AL201978	JULIET	1978	10	10	06	00	21.7	-67	45	0
AL201978	JULIET	1978	10	10	12	00	22.8	-68.8	45	0
AL201978	JULIET	1978	10	10	18	00	24.3	-70.1	45	0
AL201978	JULIET	1978	10	11	00	00	26.2	-70.9	45	0
AL201978	JULIET	1978	10	11	06	00	28.3	-71	40	0
AL201978	JULIET	1978	10	11	12	00	30.2	-69.9	35	0
