id,name,year,month,day,hour,minute,lat,lon,max_sustained_wind_kts,sshws
AL211978,UNNAMED,1978,10,13,12,00,40.5,-31,20,0
AL211978,UNNAMED,1978,10,13,18,00,39.7,-31.5,20,0
AL211978,UNNAMED,1978,10,14,00,00,38.8,-32,20,0
AL211978,UNNAMED,1978,10,14,06,00,37.9,-32.5,20,0
AL211978,UNNAMED,1978,10,14,12,00,37,-33,20,0
AL211978,UNNAMED,1978,10,14,18,00,36.5,-34,20,0
AL211978,UNNAMED,1978,10,15,00,00,36,-35,25,0
AL211978,UNNAMED,1978,10,15,06,00,35.5,-36,25,0
AL211978,UNNAMED,1978,10,15,12,00,35,-37,30,0
AL211978,UNNAMED,1978,10,15,18,00,35.2,-38,30,0
AL211978,UNNAMED,1978,10,16,00,00,35.5,-39,30,0
AL211978,UNNAMED,1978,10,16,06,00,35.8,-40,30,0
AL211978,UNNAMED,1978,10,16,12,00,36,-41,30,0
AL211978,UNNAMED,1978,10,16,18,00,37,-41,30,0
AL211978,UNNAMED,1978,10,17,00,00,38,-41,30,0
AL211978,UNNAMED,1978,10,17,06,00,39,-41,25,0
AL211978,UNNAMED,1978,10,17,12,00,40,-41,25,0
AL211978,UNNAMED,1978,10,17,18,00,41,-40.5,20,0
