AL211967	GINGER	1967	10	05	12	00	17	-18.3	30	0
AL211967	GINGER	1967	10	05	18	00	17.5	-18.2	30	0
AL211967	GINGER	1967	10	06	00	00	18	-18.1	35	0
AL211967	GINGER	1967	10	06	06	00	18.5	-18.2	40	0
AL211967	GINGER	1967	10	06	12	00	19	-18.5	40	0
AL211967	GINGER	1967	10	06	18	00	19.5	-18.9	45	0
AL211967	GINGER	1967	10	07	00	00	20	-19.3	40	0
AL211967	GINGER	1967	10	07	06	00	20.4	-19.8	30	0
AL211967	GINGER	1967	10	07	12	00	20.5	-20.5	30	0
AL211967	GINGER	1967	10	07	18	00	20.4	-21.2	30	0
AL211967	GINGER	1967	10	08	00	00	20.3	-22	30	0
AL211967	GINGER	1967	10	08	06	00	20.2	-22.8	30	0
AL211967	GINGER	1967	10	08	12	00	20	-23.6	30	0
AL211967	GINGER	1967	10	08	18	00	19.7	-24.3	25	0
