id,name,year,month,day,hour,minute,lat,lon,max_sustained_wind_kts,sshws
AL211995,TANYA,1995,10,27,00,00,24.6,-59.2,30,0
AL211995,TANYA,1995,10,27,06,00,25.3,-58.6,30,0
AL211995,TANYA,1995,10,27,12,00,26.2,-57.9,35,0
AL211995,TANYA,1995,10,27,18,00,27.1,-57.1,40,0
AL211995,TANYA,1995,10,28,00,00,27.2,-56.6,45,0
AL211995,TANYA,1995,10,28,06,00,27.3,-56.2,45,0
AL211995,TANYA,1995,10,28,12,00,27.2,-55.7,50,0
AL211995,TANYA,1995,10,28,18,00,27.5,-54.7,55,0
AL211995,TANYA,1995,10,29,00,00,28.4,-54.2,60,0
AL211995,TANYA,1995,10,29,06,00,29.6,-54.2,60,0
AL211995,TANYA,1995,10,29,12,00,30.5,-54.9,65,1
AL211995,TANYA,1995,10,29,18,00,31.2,-55.3,70,1
AL211995,TANYA,1995,10,30,00,00,31.8,-54.8,70,1
AL211995,TANYA,1995,10,30,06,00,32.6,-54.2,70,1
AL211995,TANYA,1995,10,30,12,00,33.1,-53.4,70,1
AL211995,TANYA,1995,10,30,18,00,33.8,-51.8,75,1
AL211995,TANYA,1995,10,31,00,00,34.6,-50.1,75,1
AL211995,TANYA,1995,10,31,06,00,35.4,-48.3,75,1
AL211995,TANYA,1995,10,31,12,00,36.2,-45.8,75,1
AL211995,TANYA,1995,10,31,18,00,37.1,-43.2,75,1
AL211995,TANYA,1995,11,01,00,00,37.8,-40.4,70,1
AL211995,TANYA,1995,11,01,06,00,37.7,-37.9,65,1
AL211995,TANYA,1995,11,01,12,00,37.4,-35.4,60,0
AL211995,TANYA,1995,11,01,18,00,37.7,-31.8,55,0
AL211995,TANYA,1995,11,02,00,00,39.2,-28.2,55,0
AL211995,TANYA,1995,11,02,06,00,41.8,-25.7,55,0
AL211995,TANYA,1995,11,02,12,00,44.5,-24,50,0
AL211995,TANYA,1995,11,02,18,00,47.5,-23,45,0
AL211995,TANYA,1995,11,03,00,00,50.5,-24,40,0
