AL211981	KATRINA	1981	11	03	00	00	16.9	-81.2	25	0
AL211981	KATRINA	1981	11	03	06	00	17.2	-81.3	25	0
AL211981	KATRINA	1981	11	03	12	00	17.5	-81.4	25	0
AL211981	KATRINA	1981	11	03	18	00	17.8	-81.4	30	0
AL211981	KATRINA	1981	11	04	00	00	18.1	-81.4	30	0
AL211981	KATRINA	1981	11	04	06	00	18.3	-81.4	35	0
AL211981	KATRINA	1981	11	04	12	00	18.6	-81.3	40	0
AL211981	KATRINA	1981	11	04	18	00	18.9	-81.2	50	0
AL211981	KATRINA	1981	11	05	00	00	19.2	-81.1	60	0
AL211981	KATRINA	1981	11	05	06	00	19.6	-80.8	65	1
AL211981	KATRINA	1981	11	05	12	00	20	-80.5	75	1
AL211981	KATRINA	1981	11	05	18	00	20.4	-80.1	70	1
AL211981	KATRINA	1981	11	06	00	00	20.9	-79.5	65	1
AL211981	KATRINA	1981	11	06	06	00	21.6	-78.3	55	0
AL211981	KATRINA	1981	11	06	12	00	22.4	-77	50	0
AL211981	KATRINA	1981	11	06	18	00	23.2	-75.5	45	0
AL211981	KATRINA	1981	11	07	00	00	24	-73.3	40	0
AL211981	KATRINA	1981	11	07	06	00	25	-70.6	40	0
AL211981	KATRINA	1981	11	07	12	00	25.9	-67.5	40	0
AL211981	KATRINA	1981	11	07	18	00	26.8	-64.5	40	0
