id,name,year,month,day,hour,minute,lat,lon,max_sustained_wind_kts,sshws
AL221969,UNNAMED,1969,09,24,12,00,36.5,-35,30,0
AL221969,UNNAMED,1969,09,24,18,00,35.5,-35.7,30,0
AL221969,UNNAMED,1969,09,25,00,00,35,-36.5,30,0
AL221969,UNNAMED,1969,09,25,06,00,35,-37.6,30,0
AL221969,UNNAMED,1969,09,25,12,00,35,-38.5,35,0
AL221969,UNNAMED,1969,09,25,18,00,35.1,-38.9,40,0
AL221969,UNNAMED,1969,09,26,00,00,35.2,-39.2,45,0
AL221969,UNNAMED,1969,09,26,06,00,35.3,-39.6,50,0
AL221969,UNNAMED,1969,09,26,12,00,35.5,-40,50,0
AL221969,UNNAMED,1969,09,26,18,00,36,-40,50,0
AL221969,UNNAMED,1969,09,27,00,00,36.5,-39.5,55,0
AL221969,UNNAMED,1969,09,27,06,00,37,-38.7,60,0
AL221969,UNNAMED,1969,09,27,12,00,37.5,-38,60,0
AL221969,UNNAMED,1969,09,27,18,00,38.2,-37.5,60,0
AL221969,UNNAMED,1969,09,28,00,00,39,-37.2,60,0
AL221969,UNNAMED,1969,09,28,06,00,40,-37,60,0
AL221969,UNNAMED,1969,09,28,12,00,41,-37,60,0
AL221969,UNNAMED,1969,09,28,18,00,41.6,-37.3,60,0
AL221969,UNNAMED,1969,09,29,00,00,42.2,-38,60,0
AL221969,UNNAMED,1969,09,29,06,00,42.8,-39.5,60,0
AL221969,UNNAMED,1969,09,29,12,00,43.5,-41,60,0
AL221969,UNNAMED,1969,09,29,18,00,44.8,-41.4,55,0
AL221969,UNNAMED,1969,09,30,00,00,47,-41,50,0
