id,name,year,month,day,hour,minute,lat,lon,max_sustained_wind_kts,sshws
AL232005,TWENTY-TWO,2005,10,08,06,00,26.1,-57.4,30,0
AL232005,TWENTY-TWO,2005,10,08,12,00,27.7,-58.5,30,0
AL232005,TWENTY-TWO,2005,10,08,18,00,28.8,-60.1,30,0
AL232005,TWENTY-TWO,2005,10,09,00,00,29.3,-62,25,0
AL232005,TWENTY-TWO,2005,10,09,06,00,29.3,-63.3,25,0
AL232005,TWENTY-TWO,2005,10,09,12,00,29.5,-64.5,25,0
AL232005,TWENTY-TWO,2005,10,09,18,00,30,-65.2,25,0
AL232005,TWENTY-TWO,2005,10,10,00,00,30.7,-66,25,0
AL232005,TWENTY-TWO,2005,10,10,06,00,31.6,-67.5,25,0
AL232005,TWENTY-TWO,2005,10,10,12,00,32.5,-68.9,30,0
AL232005,TWENTY-TWO,2005,10,10,18,00,33.5,-70,30,0
AL232005,TWENTY-TWO,2005,10,11,00,00,34.3,-71,30,0
AL232005,TWENTY-TWO,2005,10,11,06,00,35.5,-71.7,30,0
AL232005,TWENTY-TWO,2005,10,11,12,00,36.7,-71.8,30,0
AL232005,TWENTY-TWO,2005,10,11,18,00,37.8,-71.7,30,0
AL232005,TWENTY-TWO,2005,10,12,00,00,38.5,-71.9,30,0
AL232005,TWENTY-TWO,2005,10,12,06,00,38.8,-72.4,30,0
AL232005,TWENTY-TWO,2005,10,12,12,00,38.9,-73,35,0
AL232005,TWENTY-TWO,2005,10,12,18,00,38.7,-73.5,40,0
AL232005,TWENTY-TWO,2005,10,13,00,00,38.3,-73.5,40,0
AL232005,TWENTY-TWO,2005,10,13,06,00,37.7,-73.5,40,0
AL232005,TWENTY-TWO,2005,10,13,12,00,37.2,-73,40,0
AL232005,TWENTY-TWO,2005,10,13,18,00,37.8,-73,40,0
AL232005,TWENTY-TWO,2005,10,14,00,00,38,-73.4,40,0
AL232005,TWENTY-TWO,2005,10,14,06,00,37.6,-73.8,40,0
AL232005,TWENTY-TWO,2005,10,14,12,00,38.6,-73.8,35,0
AL232005,TWENTY-TWO,2005,10,14,18,00,39.6,-73.8,30,0
