id,name,year,month,day,hour,minute,lat,lon,max_sustained_wind_kts,sshws
AL231978,KENDRA,1978,10,28,18,00,23.5,-72.7,30,0
AL231978,KENDRA,1978,10,29,00,00,24.2,-73.2,40,0
AL231978,KENDRA,1978,10,29,06,00,24.9,-73.6,40,0
AL231978,KENDRA,1978,10,29,12,00,25.7,-73.7,55,0
AL231978,KENDRA,1978,10,29,18,00,26.2,-74.1,65,1
AL231978,KENDRA,1978,10,30,00,00,27.3,-73.7,65,1
AL231978,KENDRA,1978,10,30,06,00,28.1,-73.5,65,1
AL231978,KENDRA,1978,10,30,12,00,28.9,-72.6,70,1
AL231978,KENDRA,1978,10,30,18,00,29.3,-72.3,65,1
AL231978,KENDRA,1978,10,31,00,00,30,-72,45,0
AL231978,KENDRA,1978,10,31,06,00,30.5,-72.1,45,0
AL231978,KENDRA,1978,10,31,12,00,31.1,-71.9,45,0
AL231978,KENDRA,1978,10,31,18,00,31.7,-71.7,45,0
AL231978,KENDRA,1978,11,01,00,00,32.6,-70.5,45,0
AL231978,KENDRA,1978,11,01,06,00,33.7,-68.2,30,0
AL231978,KENDRA,1978,11,01,12,00,35.2,-65.5,30,0
AL231978,KENDRA,1978,11,01,18,00,38,-60.5,40,0
AL231978,KENDRA,1978,11,02,00,00,40.5,-55.5,40,0
AL231978,KENDRA,1978,11,02,06,00,41,-50,40,0
AL231978,KENDRA,1978,11,02,12,00,43.5,-44,40,0
AL231978,KENDRA,1978,11,02,18,00,44.5,-39.5,40,0
AL231978,KENDRA,1978,11,03,00,00,46,-35,30,0
AL231978,KENDRA,1978,11,03,06,00,47.5,-31,30,0
AL231978,KENDRA,1978,11,03,12,00,50,-27,30,0
