id,name,year,month,day,hour,minute,lat,lon,max_sustained_wind_kts,sshws
AL231975,UNNAMED,1975,12,09,12,00,41.6,-42.9,35,0
AL231975,UNNAMED,1975,12,09,18,00,41.1,-43,40,0
AL231975,UNNAMED,1975,12,10,00,00,40.4,-43.1,45,0
AL231975,UNNAMED,1975,12,10,06,00,39.6,-43.2,55,0
AL231975,UNNAMED,1975,12,10,12,00,38.3,-43.4,60,0
AL231975,UNNAMED,1975,12,10,18,00,36.5,-43.7,55,0
AL231975,UNNAMED,1975,12,11,00,00,34.5,-44,50,0
AL231975,UNNAMED,1975,12,11,06,00,32.5,-43.7,45,0
AL231975,UNNAMED,1975,12,11,12,00,30.5,-42.9,40,0
AL231975,UNNAMED,1975,12,11,18,00,28.7,-41.9,40,0
AL231975,UNNAMED,1975,12,12,00,00,27.4,-40.5,35,0
AL231975,UNNAMED,1975,12,12,06,00,26.9,-38.2,35,0
AL231975,UNNAMED,1975,12,12,12,00,27,-36,30,0
AL231975,UNNAMED,1975,12,12,18,00,27.5,-35,30,0
AL231975,UNNAMED,1975,12,13,00,00,28.5,-34.6,30,0
AL231975,UNNAMED,1975,12,13,06,00,30.2,-34.4,30,0
AL231975,UNNAMED,1975,12,13,12,00,32.5,-34.5,25,0
