id,name,year,month,day,hour,minute,lat,lon,max_sustained_wind_kts,sshws
AL231969,UNNAMED,1969,09,29,12,00,23.5,-85.5,30,0
AL231969,UNNAMED,1969,09,29,18,00,24,-85.7,45,0
AL231969,UNNAMED,1969,09,30,00,00,24.5,-86,50,0
AL231969,UNNAMED,1969,09,30,06,00,25,-86.3,50,0
AL231969,UNNAMED,1969,09,30,12,00,25.5,-86.5,50,0
AL231969,UNNAMED,1969,09,30,18,00,26.5,-86.5,50,0
AL231969,UNNAMED,1969,10,01,00,00,27.5,-86.6,50,0
AL231969,UNNAMED,1969,10,01,06,00,28.5,-86.6,40,0
AL231969,UNNAMED,1969,10,01,12,00,29.5,-86.5,30,0
AL231969,UNNAMED,1969,10,01,18,00,31,-86.5,25,0
