AL241969	JENNY	1969	10	01	12	00	19	-83.7	25	0
AL241969	JENNY	1969	10	01	18	00	20.3	-83.2	25	0
AL241969	JENNY	1969	10	02	00	00	21.8	-82.8	25	0
AL241969	JENNY	1969	10	02	06	00	23	-82.4	25	0
AL241969	JENNY	1969	10	02	12	00	24.3	-82.3	30	0
AL241969	JENNY	1969	10	02	18	00	25.5	-82.1	40	0
AL241969	JENNY	1969	10	03	00	00	26.4	-81.8	35	0
AL241969	JENNY	1969	10	03	06	00	27.4	-81.2	30	0
AL241969	JENNY	1969	10	03	12	00	28.5	-80.7	30	0
AL241969	JENNY	1969	10	03	18	00	28.8	-80.7	30	0
AL241969	JENNY	1969	10	04	00	00	29	-80.9	25	0
AL241969	JENNY	1969	10	04	06	00	29.1	-81.2	25	0
AL241969	JENNY	1969	10	04	12	00	29	-81.4	25	0
AL241969	JENNY	1969	10	04	18	00	28.7	-81.7	25	0
AL241969	JENNY	1969	10	05	00	00	28	-82.8	25	0
AL241969	JENNY	1969	10	05	06	00	27.6	-84.3	25	0
AL241969	JENNY	1969	10	05	12	00	27.5	-85.8	25	0
AL241969	JENNY	1969	10	05	18	00	27.5	-87.2	25	0
AL241969	JENNY	1969	10	06	00	00	27.5	-88.6	25	0
AL241969	JENNY	1969	10	06	06	00	27.5	-90	25	0
AL241969	JENNY	1969	10	06	12	00	27.5	-91.4	25	0
AL241969	JENNY	1969	10	06	18	00	27.5	-92.8	25	0
