id,name,year,month,day,hour,minute,lat,lon,max_sustained_wind_kts,sshws
AL241967,UNNAMED,1967,10,15,12,00,15.5,-42.5,-99,0
AL241967,UNNAMED,1967,10,15,18,00,15.2,-43.6,-99,0
AL241967,UNNAMED,1967,10,16,00,00,14.9,-45,-99,0
AL241967,UNNAMED,1967,10,16,06,00,14.7,-46.3,-99,0
AL241967,UNNAMED,1967,10,16,12,00,14.6,-47.5,-99,0
AL241967,UNNAMED,1967,10,16,18,00,14.1,-48.2,-99,0
AL241967,UNNAMED,1967,10,17,00,00,14,-49.5,-99,0
AL241967,UNNAMED,1967,10,17,06,00,14,-50.5,-99,0
AL241967,UNNAMED,1967,10,17,12,00,14.1,-51.4,-99,0
