id,name,year,month,day,hour,minute,lat,lon,max_sustained_wind_kts,sshws
AL242005,VINCE,2005,10,08,06,00,32.9,-20.6,40,0
AL242005,VINCE,2005,10,08,12,00,33,-20.3,45,0
AL242005,VINCE,2005,10,08,18,00,33.1,-20.1,45,0
AL242005,VINCE,2005,10,09,00,00,33.2,-20,45,0
AL242005,VINCE,2005,10,09,06,00,33.4,-19.6,50,0
AL242005,VINCE,2005,10,09,12,00,33.8,-19.3,55,0
AL242005,VINCE,2005,10,09,18,00,34.1,-18.9,65,1
AL242005,VINCE,2005,10,10,00,00,34.3,-18.3,60,0
AL242005,VINCE,2005,10,10,06,00,34.5,-17.2,50,0
AL242005,VINCE,2005,10,10,12,00,34.7,-15.3,45,0
AL242005,VINCE,2005,10,10,18,00,35.4,-12.8,35,0
AL242005,VINCE,2005,10,11,00,00,36.1,-10.5,30,0
AL242005,VINCE,2005,10,11,06,00,36.7,-8.3,30,0
AL242005,VINCE,2005,10,11,09,00,37.2,-7.1,30,0
AL242005,VINCE,2005,10,11,12,00,37.7,-6,30,0
