id,name,year,month,day,hour,minute,lat,lon,max_sustained_wind_kts,sshws
AL261967,UNNAMED,1967,10,26,12,00,25.9,-70.9,-99,0
AL261967,UNNAMED,1967,10,26,18,00,26.1,-69.9,-99,0
AL261967,UNNAMED,1967,10,27,00,00,26,-68.7,-99,0
AL261967,UNNAMED,1967,10,27,06,00,25.5,-67.5,-99,0
AL261967,UNNAMED,1967,10,27,12,00,25.4,-66.1,-99,0
AL261967,UNNAMED,1967,10,27,18,00,25.7,-65,-99,0
AL261967,UNNAMED,1967,10,28,00,00,26.3,-64.8,-99,0
AL261967,UNNAMED,1967,10,28,06,00,26.8,-62.8,-99,0
AL261967,UNNAMED,1967,10,28,12,00,26.9,-61.2,-99,0
AL261967,UNNAMED,1967,10,28,18,00,25,-62.8,-99,0
AL261967,UNNAMED,1967,10,29,00,00,26.2,-64.8,-99,0
AL261967,UNNAMED,1967,10,29,06,00,28.8,-65.8,-99,0
AL261967,UNNAMED,1967,10,29,12,00,31,-66.2,-99,0
