id,name,year,month,day,hour,minute,lat,lon,max_sustained_wind_kts,sshws
AL261969,LAURIE,1969,10,17,00,00,17.3,-85.1,25,0
AL261969,LAURIE,1969,10,17,06,00,17.6,-85.4,25,0
AL261969,LAURIE,1969,10,17,12,00,17.9,-85.7,25,0
AL261969,LAURIE,1969,10,17,18,00,18.1,-85.9,25,0
AL261969,LAURIE,1969,10,18,00,00,18.3,-86.1,25,0
AL261969,LAURIE,1969,10,18,06,00,18.7,-86.5,25,0
AL261969,LAURIE,1969,10,18,12,00,19.1,-86.9,25,0
AL261969,LAURIE,1969,10,18,18,00,19.7,-87.6,30,0
AL261969,LAURIE,1969,10,19,00,00,20.4,-88.3,30,0
AL261969,LAURIE,1969,10,19,06,00,21,-89,30,0
AL261969,LAURIE,1969,10,19,12,00,21.5,-89.5,45,0
AL261969,LAURIE,1969,10,19,18,00,22.4,-90.2,45,0
AL261969,LAURIE,1969,10,20,00,00,23.3,-90.8,50,0
AL261969,LAURIE,1969,10,20,06,00,23.8,-90.9,55,0
AL261969,LAURIE,1969,10,20,12,00,24.3,-91,65,1
AL261969,LAURIE,1969,10,20,18,00,24.9,-91.1,70,1
AL261969,LAURIE,1969,10,21,00,00,25.8,-91,70,1
AL261969,LAURIE,1969,10,21,06,00,26.2,-90.4,75,1
AL261969,LAURIE,1969,10,21,12,00,26.3,-89.6,90,2
AL261969,LAURIE,1969,10,21,18,00,26.3,-88.9,90,2
AL261969,LAURIE,1969,10,22,00,00,26.2,-88.3,85,2
AL261969,LAURIE,1969,10,22,06,00,26,-87.5,80,1
AL261969,LAURIE,1969,10,22,12,00,25.4,-86.8,75,1
AL261969,LAURIE,1969,10,22,18,00,25.1,-86.5,70,1
AL261969,LAURIE,1969,10,23,00,00,24.7,-86.2,65,1
AL261969,LAURIE,1969,10,23,06,00,24.4,-86.1,60,0
AL261969,LAURIE,1969,10,23,12,00,24.1,-86.2,45,0
AL261969,LAURIE,1969,10,23,18,00,23.8,-86.8,40,0
AL261969,LAURIE,1969,10,24,00,00,23.6,-87.5,35,0
AL261969,LAURIE,1969,10,24,06,00,23.5,-88,35,0
AL261969,LAURIE,1969,10,24,12,00,23.4,-88.6,35,0
AL261969,LAURIE,1969,10,24,18,00,23.2,-89.5,30,0
AL261969,LAURIE,1969,10,25,00,00,23.1,-90.4,30,0
AL261969,LAURIE,1969,10,25,06,00,22.9,-91.1,30,0
AL261969,LAURIE,1969,10,25,12,00,22.4,-91.7,25,0
AL261969,LAURIE,1969,10,25,18,00,22,-92.2,25,0
AL261969,LAURIE,1969,10,26,00,00,21.4,-92.6,30,0
AL261969,LAURIE,1969,10,26,06,00,20.8,-92.9,30,0
AL261969,LAURIE,1969,10,26,12,00,20.1,-93,30,0
AL261969,LAURIE,1969,10,26,18,00,19.4,-93,30,0
AL261969,LAURIE,1969,10,27,00,00,18.7,-93.1,25,0
AL261969,LAURIE,1969,10,27,06,00,18,-93.1,20,0
