id,name,year,month,day,hour,minute,lat,lon,max_sustained_wind_kts,sshws
AL282005,GAMMA,2005,11,14,00,00,13.2,-62.1,30,0
AL282005,GAMMA,2005,11,14,06,00,13.6,-62.8,30,0
AL282005,GAMMA,2005,11,14,12,00,13.8,-63.4,30,0
AL282005,GAMMA,2005,11,14,18,00,14.1,-64.2,30,0
AL282005,GAMMA,2005,11,15,00,00,14.2,-65,30,0
AL282005,GAMMA,2005,11,15,06,00,14.3,-66,35,0
AL282005,GAMMA,2005,11,15,12,00,14.4,-67.1,35,0
AL282005,GAMMA,2005,11,15,18,00,14.7,-68.4,30,0
AL282005,GAMMA,2005,11,16,00,00,14.8,-69.9,30,0
AL282005,GAMMA,2005,11,16,06,00,14.8,-71.5,30,0
AL282005,GAMMA,2005,11,16,12,00,14.7,-73.1,25,0
AL282005,GAMMA,2005,11,16,18,00,14.8,-75.4,25,0
AL282005,GAMMA,2005,11,17,00,00,15,-77.6,25,0
AL282005,GAMMA,2005,11,17,06,00,15.3,-79.7,25,0
AL282005,GAMMA,2005,11,17,12,00,15.6,-81.7,30,0
AL282005,GAMMA,2005,11,17,18,00,15.8,-83.1,30,0
AL282005,GAMMA,2005,11,18,00,00,15.8,-84.1,30,0
AL282005,GAMMA,2005,11,18,06,00,15.7,-84.8,30,0
AL282005,GAMMA,2005,11,18,12,00,15.5,-85.5,30,0
AL282005,GAMMA,2005,11,18,18,00,15.7,-85.6,35,0
AL282005,GAMMA,2005,11,19,00,00,16,-85.6,40,0
AL282005,GAMMA,2005,11,19,06,00,16.1,-85.6,40,0
AL282005,GAMMA,2005,11,19,12,00,16.1,-85.4,45,0
AL282005,GAMMA,2005,11,19,18,00,16.2,-85.2,40,0
AL282005,GAMMA,2005,11,20,00,00,16.4,-85,40,0
AL282005,GAMMA,2005,11,20,06,00,16.6,-85,35,0
AL282005,GAMMA,2005,11,20,12,00,16.7,-85.2,30,0
AL282005,GAMMA,2005,11,20,18,00,16.9,-85.5,30,0
AL282005,GAMMA,2005,11,21,00,00,17.1,-85.5,25,0
AL282005,GAMMA,2005,11,21,06,00,17,-85.2,25,0
AL282005,GAMMA,2005,11,21,12,00,16.7,-84.8,25,0
AL282005,GAMMA,2005,11,21,18,00,16.4,-84.3,25,0
AL282005,GAMMA,2005,11,22,00,00,15.4,-83.5,25,0
