AL291969	MARTHA	1969	11	21	12	00	10.3	-81	45	0
AL291969	MARTHA	1969	11	21	18	00	10.3	-81	55	0
AL291969	MARTHA	1969	11	22	00	00	10.3	-81	65	1
AL291969	MARTHA	1969	11	22	06	00	10.3	-81	70	1
AL291969	MARTHA	1969	11	22	12	00	10.3	-81	80	1
AL291969	MARTHA	1969	11	22	18	00	10.2	-81	75	1
AL291969	MARTHA	1969	11	23	00	00	10.1	-81	70	1
AL291969	MARTHA	1969	11	23	06	00	10	-81	65	1
AL291969	MARTHA	1969	11	23	12	00	9.8	-81	60	0
AL291969	MARTHA	1969	11	23	18	00	9.6	-81	60	0
AL291969	MARTHA	1969	11	24	00	00	9.4	-81	60	0
AL291969	MARTHA	1969	11	24	06	00	9.2	-81	60	0
AL291969	MARTHA	1969	11	24	12	00	9	-81	60	0
AL291969	MARTHA	1969	11	24	18	00	8.8	-81.1	40	0
AL291969	MARTHA	1969	11	25	00	00	8.7	-81.3	30	0
AL291969	MARTHA	1969	11	25	06	00	8.6	-81.6	30	0
AL291969	MARTHA	1969	11	25	12	00	8.5	-82	25	0
