AL312005	ZETA	2005	12	30	00	00	23.9	-35.6	30	0
AL312005	ZETA	2005	12	30	06	00	24.2	-36.1	40	0
AL312005	ZETA	2005	12	30	12	00	24.7	-36.6	45	0
AL312005	ZETA	2005	12	30	18	00	25.2	-37	45	0
AL312005	ZETA	2005	12	31	00	00	25.6	-37.3	45	0
AL312005	ZETA	2005	12	31	06	00	25.7	-37.6	50	0
AL312005	ZETA	2005	12	31	12	00	25.7	-37.9	50	0
AL312005	ZETA	2005	12	31	18	00	25.7	-38.1	45	0
AL312005	ZETA	2006	01	01	00	00	25.6	-38.3	50	0
AL312005	ZETA	2006	01	01	06	00	25.4	-38.4	50	0
AL312005	ZETA	2006	01	01	12	00	25.2	-38.5	50	0
AL312005	ZETA	2006	01	01	18	00	25	-38.6	55	0
AL312005	ZETA	2006	01	02	00	00	24.6	-38.9	55	0
AL312005	ZETA	2006	01	02	06	00	24.3	-39.7	50	0
AL312005	ZETA	2006	01	02	12	00	23.8	-40.4	45	0
AL312005	ZETA	2006	01	02	18	00	23.6	-40.8	50	0
AL312005	ZETA	2006	01	03	00	00	23.4	-41	55	0
AL312005	ZETA	2006	01	03	06	00	23.3	-41.3	55	0
AL312005	ZETA	2006	01	03	12	00	23.2	-41.6	55	0
AL312005	ZETA	2006	01	03	18	00	23	-42.1	55	0
AL312005	ZETA	2006	01	04	00	00	22.6	-42.4	55	0
AL312005	ZETA	2006	01	04	06	00	22.1	-42.9	50	0
AL312005	ZETA	2006	01	04	12	00	21.9	-43.6	45	0
AL312005	ZETA	2006	01	04	18	00	21.7	-44.6	40	0
AL312005	ZETA	2006	01	05	00	00	21.7	-45.6	35	0
AL312005	ZETA	2006	01	05	06	00	21.9	-46.6	35	0
AL312005	ZETA	2006	01	05	12	00	22.2	-47.3	35	0
AL312005	ZETA	2006	01	05	18	00	22.7	-47.9	35	0
AL312005	ZETA	2006	01	06	00	00	23	-48.4	35	0
AL312005	ZETA	2006	01	06	06	00	23.1	-49	30	0
AL312005	ZETA	2006	01	06	12	00	23.1	-49.6	30	0
AL312005	ZETA	2006	01	06	18	00	23.3	-50.2	25	0
AL312005	ZETA	2006	01	07	00	00	23.7	-51.4	25	0
AL312005	ZETA	2006	01	07	06	00	24.2	-52.7	25	0
AL312005	ZETA	2006	01	07	12	00	24.8	-54.2	25	0
AL312005	ZETA	2006	01	07	18	00	26.3	-55.7	25	0
