station_id,awnd,lat,lng
RQW00011630,30,18.255,-65.6408
RQW00011641,31,18.4325,-66.0108
USC00086634,0,28.5083,-81.5467
USC00173570,18,44.3744,-70.3164
USC00178792,18,45.4353,-67.7214
USC00185934,22,39.7194,-76.8028
USC00274556,0,44.4911,-71.5725
USC00300364,22,40.9339,-72.7394
USC00311975,22,35.4111,-80.5833
USC00319675,4,36.1306,-80.5481
USC00412114,18,31.3072,-95.4508
USC00413340,22,28.9844,-95.3808
USC00418862,18,30.5844,-97.4156
USC00464840,13,39.4206,-79.005
USW00003757,23,38.1417,-76.4292
USW00003810,30,35.7425,-81.3819
USW00003812,27,35.4319,-82.5375
USW00003813,15,32.6847,-83.6528
USW00003818,16,30.8356,-85.1839
USW00003820,22,33.3644,-81.9633
USW00003822,21,32.13,-81.21
USW00003853,30,30.4,-81.4167
USW00003855,35,30.35,-87.3167
USW00003856,27,34.6439,-86.7861
USW00003859,30,37.2958,-81.2078
USW00003866,22,32.55,-88.5667
USW00003870,43,34.8831,-82.2203
USW00003872,54,37.7836,-81.1231
USW00003878,15,31.8606,-86.0122
USW00003888,19,33.7792,-84.5214
USW00003901,21,32.3847,-94.7117
USW00003904,30,30.5892,-96.3647
USW00003927,50,32.8978,-97.0189
USW00003933,30,31.1333,-97.7167
USW00003937,29,30.125,-93.2158
USW00003940,30,32.3206,-90.0778
USW00003949,11,31.4,-93.2833
USW00003971,37,32.6808,-96.8681
USW00003991,54,33.2061,-97.1989
USW00003996,21,32.35,-91.0278
USW00003999,25,30.7406,-98.2353
USW00004725,21,42.1997,-75.985
USW00004726,42,40.3161,-78.8339
USW00004751,26,41.8031,-78.6403
USW00004780,11,42.5519,-71.7558
USW00004781,23,40.7939,-73.1017
USW00004787,34,41.1783,-78.8989
USW00004789,3,41.5092,-74.265
USW00004836,40,47.2856,-68.3133
USW00012812,28,26.9172,-81.9914
USW00012815,26,28.4339,-81.325
USW00012816,16,29.6919,-82.2756
USW00012818,20,28.4736,-82.4544
USW00012819,18,28.8208,-81.8097
USW00012832,25,29.7333,-85.0333
USW00012833,13,29.6333,-83.1053
USW00012834,22,29.1828,-81.0483
USW00012835,31,26.585,-81.8614
USW00012836,54,24.555,-81.7522
USW00012838,38,28.1011,-80.6439
USW00012839,51,25.7906,-80.3164
USW00012841,22,28.5453,-81.3331
USW00012842,19,27.9619,-82.5403
USW00012843,34,27.6531,-80.2428
USW00012844,50,26.6847,-80.0994
USW00012849,58,26.0719,-80.1536
USW00012850,60,24.5833,-81.6833
USW00012854,24,28.7797,-81.2436
USW00012871,34,27.4014,-82.5586
USW00012873,32,27.9106,-82.6875
USW00012876,32,28.0622,-81.7542
USW00012882,43,25.9069,-80.2803
USW00012884,28,29.3331,-89.4075
USW00012885,54,26.1969,-80.1708
USW00012888,42,25.6475,-80.4331
USW00012894,38,26.5361,-81.755
USW00012895,34,27.4981,-80.3767
USW00012896,36,24.7258,-81.0517
USW00012897,33,26.1522,-81.7753
USW00012904,48,26.2281,-97.6542
USW00012912,41,28.8614,-96.9303
USW00012916,30,29.9933,-90.2511
USW00012917,40,29.9506,-94.0206
USW00012918,30,29.6381,-95.2819
USW00012919,46,25.9156,-97.4186
USW00012921,27,29.5442,-98.4839
USW00012923,60,29.2733,-94.8592
USW00012924,49,27.7839,-97.5108
USW00012926,66,27.6833,-97.2833
USW00012928,43,27.5,-97.8167
USW00012932,47,27.7411,-98.0247
USW00012935,48,28.7247,-96.2536
USW00012947,36,28.4567,-99.2183
USW00012957,53,26.1658,-97.3458
USW00012959,39,26.1839,-98.2539
USW00012960,29,29.98,-95.36
USW00012962,28,29.36,-99.1742
USW00012970,28,29.3389,-98.4719
USW00012971,28,29.7036,-98.0281
USW00012972,46,28.0836,-97.0464
USW00012975,29,29.5189,-95.2417
USW00012976,46,29.1097,-95.4619
USW00012977,34,29.6222,-95.6564
USW00013721,35,38.3,-76.4167
USW00013722,25,35.8922,-78.7819
USW00013723,34,36.0969,-79.9433
USW00013724,24,39.3792,-74.4242
USW00013728,27,36.5728,-79.3361
USW00013729,16,38.8853,-79.8528
USW00013733,32,37.3208,-79.2067
USW00013734,11,39.4019,-77.9844
USW00013735,11,39.3667,-75.0667
USW00013736,28,39.6428,-79.9164
USW00013737,46,36.9033,-76.1922
USW00013739,24,39.8683,-75.2311
USW00013740,24,37.505,-77.3203
USW00013741,14,37.3169,-79.9742
USW00013743,26,38.8483,-77.0342
USW00013744,38,34.1853,-79.7239
USW00013748,36,34.2675,-77.8997
USW00013750,55,36.95,-76.2833
USW00013752,31,38.9833,-76.4667
USW00013754,41,34.9,-76.8833
USW00013762,30,36.695,-76.1356
USW00013764,25,38.6892,-75.3592
USW00013769,51,36.8167,-76.0333
USW00013773,30,38.5,-77.3
USW00013776,26,34.6081,-79.0592
USW00013781,26,39.6728,-75.6008
USW00013782,31,32.78,-79.9319
USW00013786,43,36.2606,-76.175
USW00013833,23,31.2819,-89.2531
USW00013837,26,33.4669,-82.0386
USW00013838,35,30.6264,-88.0681
USW00013839,21,31.3214,-85.4497
USW00013865,32,32.3347,-88.7442
USW00013869,10,31.5356,-84.1944
USW00013870,17,31.5358,-82.5067
USW00013871,15,33.5872,-85.8556
USW00013872,9,35.5953,-82.5567
USW00013873,24,33.9481,-83.3275
USW00013874,30,33.63,-84.4417
USW00013876,28,33.5656,-86.745
USW00013877,11,36.4731,-82.4044
USW00013878,30,31.1522,-81.3908
USW00013880,23,32.8986,-80.0403
USW00013881,33,35.2236,-80.9553
USW00013883,32,33.9486,-81.1186
USW00013884,17,30.7797,-86.5225
USW00013886,47,34.8461,-82.3461
USW00013889,16,30.4844,-81.7019
USW00013894,25,30.6794,-88.2397
USW00013895,19,32.2997,-86.4075
USW00013896,17,34.7442,-87.5997
USW00013899,32,30.4781,-87.1869
USW00013904,28,30.1831,-97.68
USW00013911,46,32.7667,-97.45
USW00013927,33,32.3367,-90.2214
USW00013935,12,31.3928,-92.2956
USW00013939,24,33.4825,-90.9853
USW00013942,16,32.5156,-92.0406
USW00013957,19,32.4506,-93.8411
USW00013958,10,30.3208,-97.7603
USW00013959,41,31.6189,-97.2283
USW00013960,46,32.8519,-96.8556
USW00013961,48,32.8192,-97.3614
USW00013970,24,30.5372,-91.1469
USW00013972,27,32.3542,-95.4025
USW00013973,30,30.5108,-99.7664
USW00013976,23,30.205,-91.9875
USW00013977,20,33.4536,-94.0075
USW00013978,18,33.4964,-90.0867
USW00014605,23,44.3206,-69.7972
USW00014606,21,44.7978,-68.8186
USW00014607,21,46.8706,-68.0172
USW00014609,16,46.1236,-67.7928
USW00014610,24,45.6478,-68.6925
USW00014702,11,42.47,-71.2894
USW00014707,31,41.3275,-72.0494
USW00014710,15,42.9333,-71.4383
USW00014711,18,40.1936,-76.7633
USW00014712,10,40.3667,-75.9667
USW00014719,16,40.8436,-72.6322
USW00014732,26,40.7794,-73.8803
USW00014734,22,40.6825,-74.1694
USW00014735,7,42.7431,-73.8092
USW00014736,28,40.2964,-78.3203
USW00014737,8,40.6508,-75.4492
USW00014739,41,42.3606,-71.0106
USW00014740,14,41.9381,-72.6825
USW00014745,10,43.1953,-71.5011
USW00014748,11,42.1594,-76.8919
USW00014750,7,43.35,-73.6167
USW00014751,17,40.2172,-76.8514
USW00014752,24,41.7361,-72.6506
USW00014755,109,44.2667,-71.2994
USW00014756,35,41.2531,-70.0608
USW00014757,5,41.6267,-73.8842
USW00014758,20,41.2639,-72.8872
USW00014762,30,40.3547,-79.9217
USW00014763,9,42.4272,-73.2892
USW00014764,28,43.6497,-70.3003
USW00014765,21,41.7219,-71.4325
USW00014768,24,43.1167,-77.6767
USW00014770,11,40.8206,-76.8642
USW00014771,11,43.1111,-76.1039
USW00014775,9,42.1578,-72.7161
USW00014777,14,41.3336,-75.7269
USW00014778,10,41.2433,-76.9217
USW00014787,23,41.5333,-71.2833
USW00014792,16,40.2769,-74.8158
USW00014794,15,41.3497,-71.7989
USW00022010,38,29.3783,-100.9269
USW00053819,15,33.3633,-84.5658
USW00053820,17,31.4156,-87.0442
USW00053838,33,34.2719,-83.8303
USW00053847,22,30.7044,-87.0231
USW00053848,29,30.5069,-86.9597
USW00053850,34,34.6719,-82.8864
USW00053852,13,34.6525,-86.9453
USW00053853,34,30.4,-86.4717
USW00053854,29,33.4617,-80.8581
USW00053858,18,30.4636,-88.5319
USW00053860,19,30.3361,-81.5147
USW00053861,12,31.3558,-85.7511
USW00053863,16,33.875,-84.3022
USW00053864,20,33.1783,-86.7817
USW00053865,22,30.3433,-89.8222
USW00053867,16,33.9706,-80.9958
USW00053870,35,35.1967,-81.1558
USW00053871,20,34.9869,-81.0575
USW00053872,34,35.0169,-80.6206
USW00053873,21,34.1231,-84.8486
USW00053874,27,34.2486,-82.1592
USW00053902,17,30.3567,-95.4139
USW00053903,21,30.7439,-95.5861
USW00053905,18,32.5428,-93.745
USW00053907,40,32.6636,-97.0939
USW00053909,45,32.9733,-97.3181
USW00053910,17,30.0675,-95.5561
USW00053911,37,32.71,-96.2672
USW00053912,32,32.0311,-96.3989
USW00053914,50,33.1803,-96.5903
USW00053915,32,30.0375,-91.8839
USW00053917,34,30.0494,-90.0289
USW00053919,22,33.6361,-91.7556
USW00053925,19,34.05,-94.4008
USW00053988,7,31.15,-92.9667
USW00054704,7,42.1908,-71.1736
USW00054728,4,44.3675,-71.545
USW00054733,23,42.5842,-70.9175
USW00054734,11,41.3714,-73.4828
USW00054737,14,40.1203,-76.2944
USW00054740,3,43.3436,-72.5178
USW00054743,6,40.8764,-74.2831
USW00054756,7,42.57,-72.2911
USW00054757,27,42.1094,-77.9919
USW00054767,9,41.7419,-72.1836
USW00054768,5,42.6958,-73.1708
USW00054769,19,41.9097,-70.7294
USW00054770,9,42.805,-72.0036
USW00054772,9,43.9906,-70.9475
USW00054773,8,43.3497,-76.3847
USW00054777,10,41.8756,-71.0211
USW00054778,22,42.6425,-77.0564
USW00054779,4,41.0089,-74.7367
USW00054780,21,41.0731,-71.9233
USW00054781,8,42.8914,-73.2469
USW00054782,7,40.2383,-75.5572
USW00054785,7,40.6239,-74.6694
USW00054786,15,40.33,-75.1225
USW00054787,26,40.7342,-73.4169
USW00054788,8,41.5097,-72.8278
USW00054789,18,41.1389,-75.3794
USW00054790,14,40.8217,-72.8689
USW00054791,22,43.2781,-70.9222
USW00054792,22,41.0467,-78.4117
USW00054793,2,41.2003,-74.6231
USW00063870,13,31.0425,-86.3117
USW00063872,12,31.9514,-85.1289
USW00063873,12,31.35,-85.6667
USW00063874,14,31.8456,-86.6108
USW00063890,12,30.3503,-81.8831
USW00064775,9,43.2339,-75.4117
USW00073805,18,30.3489,-85.7881
USW00092805,50,26.25,-80.1083
USW00092806,38,27.7628,-82.6261
USW00092809,42,25.9989,-80.2411
USW00093706,26,39.7078,-77.7297
USW00093718,32,33.8117,-78.7239
USW00093719,32,35.0678,-77.0481
USW00093720,27,38.3406,-75.5103
USW00093721,18,39.1667,-76.6833
USW00093727,33,34.7,-77.3833
USW00093729,43,35.2325,-75.6219
USW00093730,22,39.4494,-74.5672
USW00093736,13,38.1386,-78.453
USW00093738,14,38.9408,-77.4636
USW00093739,43,37.9406,-75.4631
USW00093740,30,34.9914,-78.8803
USW00093741,34,37.1319,-76.493
USW00093759,27,35.855,-77.8931
USW00093762,4,39.7333,-77.4333
USW00093765,41,34.7336,-76.6606
USW00093773,11,36.9839,-77.0075
USW00093775,10,37.7081,-77.4344
USW00093778,10,39.9181,-76.8742
USW00093780,8,39.9492,-74.8417
USW00093782,34,34.7917,-79.3661
USW00093783,22,36.0467,-79.4769
USW00093785,26,35.9333,-79.0642
USW00093786,36,38.3083,-75.1239
USW00093801,22,34.3478,-85.1611
USW00093805,11,30.3975,-84.3289
USW00093806,34,33.2119,-87.6161
USW00093807,28,36.1336,-80.2222
USW00093831,23,32.4833,-80.7167
USW00093837,26,30.2333,-81.6667
USW00093841,26,30.7167,-87.0167
USW00093842,14,32.5161,-84.9422
USW00093845,14,30.7825,-83.2767
USW00093846,41,34.4978,-82.7097
USW00093862,16,34.2622,-88.7714
USW00093874,34,30.4119,-89.0808
USW00093915,18,31.3347,-92.5586
USW00093919,25,31.1828,-90.4708
USW00093987,24,31.2361,-94.7544
USW00093988,26,34.175,-91.9347
USW00093992,25,33.2208,-92.8142
USW00094623,7,43.9636,-69.7117
USW00094624,14,41.6875,-69.9933
USW00094626,22,45.4622,-69.5953
USW00094700,7,44.5761,-71.1786
USW00094702,32,41.1583,-73.1289
USW00094704,30,42.5708,-77.7133
USW00094720,26,41.6686,-70.28
USW00094723,16,42.7172,-71.1239
USW00094724,24,41.3931,-70.615
USW00094726,17,41.6764,-70.9583
USW00094728,12,40.7789,-73.9692
USW00094732,16,40.0819,-75.0111
USW00094741,11,40.85,-74.0614
USW00094745,21,41.0669,-73.7075
USW00094746,34,42.2706,-71.8731
USW00094765,9,43.6264,-72.3047
USW00094789,29,40.6386,-73.7622
VQW00011624,37,17.7028,-64.8056
VQW00011640,38,18.3331,-64.9667
