station_id,awnd,lat,lng
RQW00011641,15,18.4325,-66.0108
USW00003749,37,39.645,-77.4681
USW00003757,20,38.1417,-76.4292
USW00003810,26,35.7425,-81.3819
USW00003812,30,35.4319,-82.5375
USW00003813,26,32.6847,-83.6528
USW00003818,23,30.8356,-85.1839
USW00003820,13,33.3644,-81.9633
USW00003822,20,32.13,-81.21
USW00003853,30,30.4,-81.4167
USW00003855,32,30.35,-87.3167
USW00003856,19,34.6439,-86.7861
USW00003859,47,37.2958,-81.2078
USW00003866,13,32.55,-88.5667
USW00003870,15,34.8831,-82.2203
USW00003872,39,37.7836,-81.1231
USW00003878,17,31.8606,-86.0122
USW00003882,31,30.2119,-85.6828
USW00003888,18,33.7792,-84.5214
USW00003901,12,32.3847,-94.7117
USW00003902,16,31.0667,-97.8333
USW00003904,7,30.5892,-96.3647
USW00003927,21,32.8978,-97.0189
USW00003931,10,31.05,-93.1833
USW00003933,11,31.1333,-97.7167
USW00003937,21,30.125,-93.2158
USW00003940,13,32.3206,-90.0778
USW00003949,5,31.4,-93.2833
USW00003971,17,32.6808,-96.8681
USW00003991,22,33.2061,-97.1989
USW00003996,12,32.35,-91.0278
USW00004725,32,42.1997,-75.985
USW00004726,44,40.3161,-78.8339
USW00004751,31,41.8031,-78.6403
USW00004780,9,42.5519,-71.7558
USW00004781,20,40.7939,-73.1017
USW00004787,38,41.1783,-78.8989
USW00004789,12,41.5092,-74.265
USW00004836,25,47.2856,-68.3133
USW00012812,51,26.9172,-81.9914
USW00012815,55,28.4339,-81.325
USW00012816,25,29.6919,-82.2756
USW00012818,31,28.4736,-82.4544
USW00012819,39,28.8208,-81.8097
USW00012832,35,29.7333,-85.0333
USW00012833,21,29.6333,-83.1053
USW00012834,47,29.1828,-81.0483
USW00012835,55,26.585,-81.8614
USW00012836,70,24.555,-81.7522
USW00012839,34,25.7906,-80.3164
USW00012841,47,28.5453,-81.3331
USW00012842,42,27.9619,-82.5403
USW00012843,50,27.6531,-80.2428
USW00012844,49,26.6847,-80.0994
USW00012849,58,26.0719,-80.1536
USW00012850,56,24.5833,-81.6833
USW00012854,46,28.7797,-81.2436
USW00012871,40,27.4014,-82.5586
USW00012873,50,27.9106,-82.6875
USW00012876,44,28.0622,-81.7542
USW00012882,41,25.9069,-80.2803
USW00012884,29,29.3331,-89.4075
USW00012885,37,26.1969,-80.1708
USW00012888,51,25.6475,-80.4331
USW00012894,49,26.5361,-81.755
USW00012895,34,27.4981,-80.3767
USW00012896,56,24.7258,-81.0517
USW00012897,51,26.1522,-81.7753
USW00012904,33,26.2281,-97.6542
USW00012912,17,28.8614,-96.9303
USW00012916,31,29.9933,-90.2511
USW00012917,19,29.9506,-94.0206
USW00012918,14,29.6381,-95.2819
USW00012919,27,25.9156,-97.4186
USW00012921,18,29.5442,-98.4839
USW00012923,30,29.2733,-94.8592
USW00012924,29,27.7839,-97.5108
USW00012926,35,27.6833,-97.2833
USW00012928,22,27.5,-97.8167
USW00012932,17,27.7411,-98.0247
USW00012935,30,28.7247,-96.2536
USW00012946,26,27.7,-97.4333
USW00012947,12,28.4567,-99.2183
USW00012957,33,26.1658,-97.3458
USW00012958,24,29.8167,-90.0167
USW00012959,30,26.1839,-98.2539
USW00012960,11,29.98,-95.36
USW00012962,17,29.36,-99.1742
USW00012968,8,29.5622,-91.5256
USW00012970,5,29.3389,-98.4719
USW00012971,16,29.7036,-98.0281
USW00012972,28,28.0836,-97.0464
USW00012975,13,29.5189,-95.2417
USW00012976,15,29.1097,-95.4619
USW00012977,10,29.6222,-95.6564
USW00013721,39,38.3,-76.4167
USW00013722,13,35.8922,-78.7819
USW00013723,31,36.0969,-79.9433
USW00013728,24,36.5728,-79.3361
USW00013729,30,38.8853,-79.8528
USW00013733,15,37.3208,-79.2067
USW00013734,30,39.4019,-77.9844
USW00013735,22,39.3667,-75.0667
USW00013736,18,39.6428,-79.9164
USW00013737,20,36.9033,-76.1922
USW00013739,34,39.8683,-75.2311
USW00013740,28,37.505,-77.3203
USW00013741,40,37.3169,-79.9742
USW00013743,30,38.8483,-77.0342
USW00013744,26,34.1853,-79.7239
USW00013748,21,34.2675,-77.8997
USW00013750,30,36.95,-76.2833
USW00013752,24,38.9833,-76.4667
USW00013754,28,34.9,-76.8833
USW00013762,15,36.695,-76.1356
USW00013764,16,38.6892,-75.3592
USW00013769,28,36.8167,-76.0333
USW00013773,30,38.5,-77.3
USW00013776,19,34.6081,-79.0592
USW00013781,32,39.6728,-75.6008
USW00013786,29,36.2606,-76.175
USW00013833,14,31.2819,-89.2531
USW00013837,22,33.4669,-82.0386
USW00013838,33,30.6264,-88.0681
USW00013839,32,31.3214,-85.4497
USW00013865,13,32.3347,-88.7442
USW00013869,19,31.5356,-84.1944
USW00013870,21,31.5358,-82.5067
USW00013871,13,33.5872,-85.8556
USW00013873,23,33.9481,-83.3275
USW00013874,42,33.63,-84.4417
USW00013876,14,33.5656,-86.745
USW00013877,22,36.4731,-82.4044
USW00013878,20,31.1522,-81.3908
USW00013880,32,32.8986,-80.0403
USW00013881,25,35.2236,-80.9553
USW00013883,18,33.9486,-81.1186
USW00013884,20,30.7797,-86.5225
USW00013886,25,34.8461,-82.3461
USW00013889,20,30.4844,-81.7019
USW00013894,31,30.6794,-88.2397
USW00013895,20,32.2997,-86.4075
USW00013896,9,34.7442,-87.5997
USW00013899,33,30.4781,-87.1869
USW00013904,3,30.1831,-97.68
USW00013911,22,32.7667,-97.45
USW00013927,12,32.3367,-90.2214
USW00013935,8,31.3928,-92.2956
USW00013939,22,33.4825,-90.9853
USW00013942,15,32.5156,-92.0406
USW00013957,8,32.4506,-93.8411
USW00013958,6,30.3208,-97.7603
USW00013959,16,31.6189,-97.2283
USW00013960,23,32.8519,-96.8556
USW00013961,20,32.8192,-97.3614
USW00013970,16,30.5372,-91.1469
USW00013972,12,32.3542,-95.4025
USW00013973,9,30.5108,-99.7664
USW00013976,13,30.205,-91.9875
USW00013977,18,33.4536,-94.0075
USW00013978,15,33.4964,-90.0867
USW00014605,23,44.3206,-69.7972
USW00014606,25,44.7978,-68.8186
USW00014607,17,46.8706,-68.0172
USW00014609,17,46.1236,-67.7928
USW00014611,29,43.9,-69.9333
USW00014702,15,42.47,-71.2894
USW00014707,26,41.3275,-72.0494
USW00014710,13,42.9333,-71.4383
USW00014711,21,40.1936,-76.7633
USW00014712,26,40.3667,-75.9667
USW00014719,17,40.8436,-72.6322
USW00014732,42,40.7794,-73.8803
USW00014734,39,40.6825,-74.1694
USW00014735,18,42.7431,-73.8092
USW00014736,30,40.2964,-78.3203
USW00014737,29,40.6508,-75.4492
USW00014739,28,42.3606,-71.0106
USW00014740,10,41.9381,-72.6825
USW00014745,10,43.1953,-71.5011
USW00014748,22,42.1594,-76.8919
USW00014750,5,43.35,-73.6167
USW00014751,20,40.2172,-76.8514
USW00014752,9,41.7361,-72.6506
USW00014755,52,44.2667,-71.2994
USW00014756,20,41.2531,-70.0608
USW00014757,8,41.6267,-73.8842
USW00014758,13,41.2639,-72.8872
USW00014762,32,40.3547,-79.9217
USW00014763,11,42.4272,-73.2892
USW00014764,35,43.6497,-70.3003
USW00014765,20,41.7219,-71.4325
USW00014768,34,43.1167,-77.6767
USW00014770,16,40.8206,-76.8642
USW00014771,31,43.1111,-76.1039
USW00014775,9,42.1578,-72.7161
USW00014777,29,41.3336,-75.7269
USW00014778,19,41.2433,-76.9217
USW00014787,12,41.5333,-71.2833
USW00014792,26,40.2769,-74.8158
USW00014793,25,40.2,-75.15
USW00014794,16,41.3497,-71.7989
USW00022010,28,29.3783,-100.9269
USW00053819,13,33.3633,-84.5658
USW00053820,16,31.4156,-87.0442
USW00053838,33,34.2719,-83.8303
USW00053843,22,31.3089,-86.3939
USW00053847,40,30.7044,-87.0231
USW00053848,31,30.5069,-86.9597
USW00053850,21,34.6719,-82.8864
USW00053852,14,34.6525,-86.9453
USW00053853,35,30.4,-86.4717
USW00053854,15,33.4617,-80.8581
USW00053858,17,30.4636,-88.5319
USW00053860,23,30.3361,-81.5147
USW00053862,23,30.0719,-83.5736
USW00053863,31,33.875,-84.3022
USW00053864,12,33.1783,-86.7817
USW00053865,16,30.3433,-89.8222
USW00053867,7,33.9706,-80.9958
USW00053870,13,35.1967,-81.1558
USW00053871,19,34.9869,-81.0575
USW00053872,23,35.0169,-80.6206
USW00053873,11,34.1231,-84.8486
USW00053874,15,34.2486,-82.1592
USW00053902,1,30.3567,-95.4139
USW00053903,0,30.7439,-95.5861
USW00053905,7,32.5428,-93.745
USW00053907,18,32.6636,-97.0939
USW00053909,15,32.9733,-97.3181
USW00053910,4,30.0675,-95.5561
USW00053911,14,32.71,-96.2672
USW00053912,14,32.0311,-96.3989
USW00053915,22,30.0375,-91.8839
USW00053917,47,30.0494,-90.0289
USW00053919,15,33.6361,-91.7556
USW00053925,9,34.05,-94.4008
USW00053988,6,31.15,-92.9667
USW00054704,9,42.1908,-71.1736
USW00054728,13,44.3675,-71.545
USW00054733,24,42.5842,-70.9175
USW00054734,8,41.3714,-73.4828
USW00054737,23,40.1203,-76.2944
USW00054740,2,43.3436,-72.5178
USW00054743,12,40.8764,-74.2831
USW00054756,3,42.57,-72.2911
USW00054757,41,42.1094,-77.9919
USW00054767,8,41.7419,-72.1836
USW00054768,14,42.6958,-73.1708
USW00054769,12,41.9097,-70.7294
USW00054770,0,42.805,-72.0036
USW00054772,7,43.9906,-70.9475
USW00054773,35,43.3497,-76.3847
USW00054777,3,41.8756,-71.0211
USW00054778,34,42.6425,-77.0564
USW00054779,12,41.0089,-74.7367
USW00054780,14,41.0731,-71.9233
USW00054781,9,42.8914,-73.2469
USW00054782,24,40.2383,-75.5572
USW00054785,10,40.6239,-74.6694
USW00054786,23,40.33,-75.1225
USW00054787,25,40.7342,-73.4169
USW00054788,9,41.5097,-72.8278
USW00054789,38,41.1389,-75.3794
USW00054790,14,40.8217,-72.8689
USW00054791,23,43.2781,-70.9222
USW00054792,32,41.0467,-78.4117
USW00054793,12,41.2003,-74.6231
USW00063870,26,31.0425,-86.3117
USW00063872,11,31.9514,-85.1289
USW00063873,17,31.35,-85.6667
USW00063890,20,30.3503,-81.8831
USW00064775,30,43.2339,-75.4117
USW00092805,56,26.25,-80.1083
USW00092806,64,27.7628,-82.6261
USW00092809,47,25.9989,-80.2411
USW00093706,28,39.7078,-77.7297
USW00093718,20,33.8117,-78.7239
USW00093719,20,35.0678,-77.0481
USW00093720,22,38.3406,-75.5103
USW00093721,23,39.1667,-76.6833
USW00093727,24,34.7,-77.3833
USW00093729,24,35.2325,-75.6219
USW00093730,26,39.4494,-74.5672
USW00093736,17,38.1386,-78.453
USW00093738,32,38.9408,-77.4636
USW00093739,24,37.9406,-75.4631
USW00093740,30,34.9914,-78.8803
USW00093741,22,37.1319,-76.493
USW00093743,22,34.6833,-77.0333
USW00093759,16,35.855,-77.8931
USW00093762,6,39.7333,-77.4333
USW00093765,30,34.7336,-76.6606
USW00093773,8,36.9839,-77.0075
USW00093775,16,37.7081,-77.4344
USW00093778,17,39.9181,-76.8742
USW00093780,23,39.9492,-74.8417
USW00093782,20,34.7917,-79.3661
USW00093783,23,36.0467,-79.4769
USW00093785,22,35.9333,-79.0642
USW00093786,16,38.3083,-75.1239
USW00093801,15,34.3478,-85.1611
USW00093805,21,30.3975,-84.3289
USW00093807,29,36.1336,-80.2222
USW00093831,22,32.4833,-80.7167
USW00093837,38,30.2333,-81.6667
USW00093841,25,30.7167,-87.0167
USW00093842,22,32.5161,-84.9422
USW00093845,21,30.7825,-83.2767
USW00093846,21,34.4978,-82.7097
USW00093862,18,34.2622,-88.7714
USW00093874,27,30.4119,-89.0808
USW00093915,10,31.3347,-92.5586
USW00093919,20,31.1828,-90.4708
USW00093987,5,31.2361,-94.7544
USW00093988,17,34.175,-91.9347
USW00093992,11,33.2208,-92.8142
USW00094623,10,43.9636,-69.7117
USW00094624,7,41.6875,-69.9933
USW00094626,11,45.4622,-69.5953
USW00094700,10,44.5761,-71.1786
USW00094702,25,41.1583,-73.1289
USW00094704,21,42.5708,-77.7133
USW00094720,13,41.6686,-70.28
USW00094723,22,42.7172,-71.1239
USW00094724,19,41.3931,-70.615
USW00094726,5,41.6764,-70.9583
USW00094728,20,40.7789,-73.9692
USW00094732,32,40.0819,-75.0111
USW00094741,24,40.85,-74.0614
USW00094745,24,41.0669,-73.7075
USW00094746,12,42.2706,-71.8731
USW00094765,9,43.6264,-72.3047
USW00094789,40,40.6386,-73.7622
VQW00011624,39,17.7028,-64.8056
VQW00011640,37,18.3331,-64.9667
