station_id,awnd,lat,lng
RQW00011641,32,18.4325,-66.0108
USW00003810,32,35.7425,-81.3819
USW00003812,34,35.4319,-82.5375
USW00003813,75,32.6847,-83.6528
USW00003818,75,30.8356,-85.1839
USW00003820,48,33.3644,-81.9633
USW00003822,68,32.13,-81.21
USW00003856,96,34.6439,-86.7861
USW00003859,18,37.2958,-81.2078
USW00003870,53,34.8831,-82.2203
USW00003872,21,37.7836,-81.1231
USW00003878,55,31.8606,-86.0122
USW00003882,80,30.2119,-85.6828
USW00003888,63,33.7792,-84.5214
USW00003901,24,32.3847,-94.7117
USW00003904,44,30.5892,-96.3647
USW00003927,34,32.8978,-97.0189
USW00003937,45,30.125,-93.2158
USW00003940,72,32.3206,-90.0778
USW00003971,36,32.6808,-96.8681
USW00003991,31,33.2061,-97.1989
USW00003996,59,32.35,-91.0278
USW00003999,38,30.7406,-98.2353
USW00004725,30,42.1997,-75.985
USW00004726,30,40.3161,-78.8339
USW00004751,25,41.8031,-78.6403
USW00004780,23,42.5519,-71.7558
USW00004781,27,40.7939,-73.1017
USW00004787,28,41.1783,-78.8989
USW00004789,26,41.5092,-74.265
USW00004836,46,47.2856,-68.3133
USW00012812,131,26.9172,-81.9914
USW00012815,173,28.4339,-81.325
USW00012816,126,29.6919,-82.2756
USW00012818,91,28.4736,-82.4544
USW00012819,146,28.8208,-81.8097
USW00012832,81,29.7333,-85.0333
USW00012833,106,29.6333,-83.1053
USW00012834,129,29.1828,-81.0483
USW00012835,110,26.585,-81.8614
USW00012836,74,24.555,-81.7522
USW00012838,131,28.1011,-80.6439
USW00012839,76,25.7906,-80.3164
USW00012841,72,28.5453,-81.3331
USW00012842,130,27.9619,-82.5403
USW00012843,73,27.6531,-80.2428
USW00012844,105,26.6847,-80.0994
USW00012849,87,26.0719,-80.1536
USW00012854,174,28.7797,-81.2436
USW00012871,140,27.4014,-82.5586
USW00012873,152,27.9106,-82.6875
USW00012876,157,28.0622,-81.7542
USW00012882,91,25.9069,-80.2803
USW00012884,49,29.3331,-89.4075
USW00012885,94,26.1969,-80.1708
USW00012888,84,25.6475,-80.4331
USW00012894,97,26.5361,-81.755
USW00012895,73,27.4981,-80.3767
USW00012896,65,24.7258,-81.0517
USW00012897,97,26.1522,-81.7753
USW00012904,32,26.2281,-97.6542
USW00012912,34,28.8614,-96.9303
USW00012916,61,29.9933,-90.2511
USW00012917,43,29.9506,-94.0206
USW00012918,34,29.6381,-95.2819
USW00012919,28,25.9156,-97.4186
USW00012921,41,29.5442,-98.4839
USW00012923,43,29.2733,-94.8592
USW00012924,43,27.7839,-97.5108
USW00012932,32,27.7411,-98.0247
USW00012935,38,28.7247,-96.2536
USW00012947,40,28.4567,-99.2183
USW00012957,33,26.1658,-97.3458
USW00012959,36,26.1839,-98.2539
USW00012960,44,29.98,-95.36
USW00012962,41,29.36,-99.1742
USW00012968,31,29.5622,-91.5256
USW00012970,37,29.3389,-98.4719
USW00012971,49,29.7036,-98.0281
USW00012972,46,28.0836,-97.0464
USW00012975,32,29.5189,-95.2417
USW00012976,31,29.1097,-95.4619
USW00012977,33,29.6222,-95.6564
USW00013722,26,35.8922,-78.7819
USW00013723,33,36.0969,-79.9433
USW00013728,15,36.5728,-79.3361
USW00013729,8,38.8853,-79.8528
USW00013733,15,37.3208,-79.2067
USW00013734,12,39.4019,-77.9844
USW00013735,11,39.3667,-75.0667
USW00013736,17,39.6428,-79.9164
USW00013737,29,36.9033,-76.1922
USW00013739,23,39.8683,-75.2311
USW00013740,15,37.505,-77.3203
USW00013741,24,37.3169,-79.9742
USW00013743,22,38.8483,-77.0342
USW00013744,51,34.1853,-79.7239
USW00013748,51,34.2675,-77.8997
USW00013752,14,38.9833,-76.4667
USW00013764,13,38.6892,-75.3592
USW00013776,43,34.6081,-79.0592
USW00013781,12,39.6728,-75.6008
USW00013786,37,36.2606,-76.175
USW00013833,80,31.2819,-89.2531
USW00013837,59,33.4669,-82.0386
USW00013838,55,30.6264,-88.0681
USW00013839,116,31.3214,-85.4497
USW00013865,131,32.3347,-88.7442
USW00013869,94,31.5356,-84.1944
USW00013870,56,31.5358,-82.5067
USW00013871,74,33.5872,-85.8556
USW00013873,60,33.9481,-83.3275
USW00013874,89,33.63,-84.4417
USW00013876,84,33.5656,-86.745
USW00013877,19,36.4731,-82.4044
USW00013878,96,31.1522,-81.3908
USW00013880,56,32.8986,-80.0403
USW00013881,43,35.2236,-80.9553
USW00013883,51,33.9486,-81.1186
USW00013884,45,30.7797,-86.5225
USW00013886,62,34.8461,-82.3461
USW00013889,118,30.4844,-81.7019
USW00013894,90,30.6794,-88.2397
USW00013895,119,32.2997,-86.4075
USW00013896,72,34.7442,-87.5997
USW00013899,58,30.4781,-87.1869
USW00013904,48,30.1831,-97.68
USW00013927,50,32.3367,-90.2214
USW00013935,27,31.3928,-92.2956
USW00013939,67,33.4825,-90.9853
USW00013942,38,32.5156,-92.0406
USW00013957,35,32.4506,-93.8411
USW00013958,29,30.3208,-97.7603
USW00013959,40,31.6189,-97.2283
USW00013960,34,32.8519,-96.8556
USW00013961,38,32.8192,-97.3614
USW00013970,37,30.5372,-91.1469
USW00013972,34,32.3542,-95.4025
USW00013973,30,30.5108,-99.7664
USW00013976,39,30.205,-91.9875
USW00013977,29,33.4536,-94.0075
USW00013978,62,33.4964,-90.0867
USW00014605,21,44.3206,-69.7972
USW00014606,34,44.7978,-68.8186
USW00014607,30,46.8706,-68.0172
USW00014609,32,46.1236,-67.7928
USW00014610,25,45.6478,-68.6925
USW00014702,38,42.47,-71.2894
USW00014707,34,41.3275,-72.0494
USW00014710,23,42.9333,-71.4383
USW00014711,15,40.1936,-76.7633
USW00014712,13,40.3667,-75.9667
USW00014719,29,40.8436,-72.6322
USW00014732,36,40.7794,-73.8803
USW00014734,32,40.6825,-74.1694
USW00014735,37,42.7431,-73.8092
USW00014736,19,40.2964,-78.3203
USW00014737,23,40.6508,-75.4492
USW00014739,62,42.3606,-71.0106
USW00014740,36,41.9381,-72.6825
USW00014745,24,43.1953,-71.5011
USW00014748,20,42.1594,-76.8919
USW00014750,22,43.35,-73.6167
USW00014751,17,40.2172,-76.8514
USW00014752,28,41.7361,-72.6506
USW00014756,50,41.2531,-70.0608
USW00014757,18,41.6267,-73.8842
USW00014758,32,41.2639,-72.8872
USW00014762,32,40.3547,-79.9217
USW00014763,21,42.4272,-73.2892
USW00014764,27,43.6497,-70.3003
USW00014765,34,41.7219,-71.4325
USW00014768,40,43.1167,-77.6767
USW00014770,15,40.8206,-76.8642
USW00014771,37,43.1111,-76.1039
USW00014775,25,42.1578,-72.7161
USW00014777,26,41.3336,-75.7269
USW00014778,22,41.2433,-76.9217
USW00014787,27,41.5333,-71.2833
USW00014792,20,40.2769,-74.8158
USW00014794,27,41.3497,-71.7989
USW00022010,35,29.3783,-100.9269
USW00053819,58,33.3633,-84.5658
USW00053820,44,31.4156,-87.0442
USW00053838,70,34.2719,-83.8303
USW00053850,40,34.6719,-82.8864
USW00053852,43,34.6525,-86.9453
USW00053853,59,30.4,-86.4717
USW00053854,49,33.4617,-80.8581
USW00053858,41,30.4636,-88.5319
USW00053860,104,30.3361,-81.5147
USW00053862,81,30.0719,-83.5736
USW00053863,59,33.875,-84.3022
USW00053864,34,33.1783,-86.7817
USW00053865,43,30.3433,-89.8222
USW00053867,29,33.9706,-80.9958
USW00053870,36,35.1967,-81.1558
USW00053871,30,34.9869,-81.0575
USW00053872,42,35.0169,-80.6206
USW00053873,55,34.1231,-84.8486
USW00053874,48,34.2486,-82.1592
USW00053902,24,30.3567,-95.4139
USW00053903,13,30.7439,-95.5861
USW00053905,24,32.5428,-93.745
USW00053907,34,32.6636,-97.0939
USW00053909,26,32.9733,-97.3181
USW00053910,34,30.0675,-95.5561
USW00053911,37,32.71,-96.2672
USW00053912,32,32.0311,-96.3989
USW00053914,25,33.1803,-96.5903
USW00053915,39,30.0375,-91.8839
USW00053917,90,30.0494,-90.0289
USW00053919,19,33.6361,-91.7556
USW00053925,20,34.05,-94.4008
USW00054704,35,42.1908,-71.1736
USW00054728,12,44.3675,-71.545
USW00054733,38,42.5842,-70.9175
USW00054734,24,41.3714,-73.4828
USW00054737,13,40.1203,-76.2944
USW00054740,20,43.3436,-72.5178
USW00054742,2,44.42,-72.0194
USW00054743,12,40.8764,-74.2831
USW00054756,21,42.57,-72.2911
USW00054757,37,42.1094,-77.9919
USW00054767,18,41.7419,-72.1836
USW00054768,18,42.6958,-73.1708
USW00054769,39,41.9097,-70.7294
USW00054770,26,42.805,-72.0036
USW00054772,9,43.9906,-70.9475
USW00054773,34,43.3497,-76.3847
USW00054777,31,41.8756,-71.0211
USW00054778,44,42.6425,-77.0564
USW00054779,14,41.0089,-74.7367
USW00054780,31,41.0731,-71.9233
USW00054781,16,42.8914,-73.2469
USW00054782,13,40.2383,-75.5572
USW00054785,12,40.6239,-74.6694
USW00054786,15,40.33,-75.1225
USW00054787,28,40.7342,-73.4169
USW00054788,18,41.5097,-72.8278
USW00054789,24,41.1389,-75.3794
USW00054790,25,40.8217,-72.8689
USW00054791,19,43.2781,-70.9222
USW00054792,21,41.0467,-78.4117
USW00054793,14,41.2003,-74.6231
USW00092805,103,26.25,-80.1083
USW00092806,114,27.7628,-82.6261
USW00092809,88,25.9989,-80.2411
USW00093706,23,39.7078,-77.7297
USW00093718,55,33.8117,-78.7239
USW00093719,38,35.0678,-77.0481
USW00093720,9,38.3406,-75.5103
USW00093721,15,39.1667,-76.6833
USW00093729,37,35.2325,-75.6219
USW00093730,21,39.4494,-74.5672
USW00093736,14,38.1386,-78.453
USW00093738,15,38.9408,-77.4636
USW00093739,17,37.9406,-75.4631
USW00093740,38,34.9914,-78.8803
USW00093741,15,37.1319,-76.493
USW00093759,25,35.855,-77.8931
USW00093765,43,34.7336,-76.6606
USW00093775,10,37.7081,-77.4344
USW00093778,10,39.9181,-76.8742
USW00093780,8,39.9492,-74.8417
USW00093781,17,36.4394,-77.7097
USW00093782,43,34.7917,-79.3661
USW00093783,5,36.0467,-79.4769
USW00093785,22,35.9333,-79.0642
USW00093786,17,38.3083,-75.1239
USW00093801,63,34.3478,-85.1611
USW00093805,88,30.3975,-84.3289
USW00093806,75,33.2119,-87.6161
USW00093807,16,36.1336,-80.2222
USW00093842,93,32.5161,-84.9422
USW00093845,93,30.7825,-83.2767
USW00093846,70,34.4978,-82.7097
USW00093862,77,34.2622,-88.7714
USW00093874,61,30.4119,-89.0808
USW00093915,34,31.3347,-92.5586
USW00093919,55,31.1828,-90.4708
USW00093987,30,31.2361,-94.7544
USW00093988,42,34.175,-91.9347
USW00093992,29,33.2208,-92.8142
USW00094623,15,43.9636,-69.7117
USW00094624,40,41.6875,-69.9933
USW00094626,31,45.4622,-69.5953
USW00094700,13,44.5761,-71.1786
USW00094702,38,41.1583,-73.1289
USW00094704,34,42.5708,-77.7133
USW00094720,52,41.6686,-70.28
USW00094723,34,42.7172,-71.1239
USW00094724,39,41.3931,-70.615
USW00094726,31,41.6764,-70.9583
USW00094728,23,40.7789,-73.9692
USW00094732,20,40.0819,-75.0111
USW00094741,24,40.85,-74.0614
USW00094745,22,41.0669,-73.7075
USW00094746,55,42.2706,-71.8731
USW00094765,16,43.6264,-72.3047
USW00094789,34,40.6386,-73.7622
USW00094794,31,43.145,-75.3839
VQW00011624,51,17.7028,-64.8056
VQW00011640,55,18.3331,-64.9667
